        5
        29
        134
        260
        286
        302
        467
        519
        555
        584
        602
        630
        640
        846
        916
        990
        1009
        1025
        1064
        1130
        1192
        1277
        1606
        1660
        1861
        1910
        1926
        1935
        2001
        2056
        2151
        2199
        2235
        2271
        2426
        2430
        2442
        2451
        2466
        2483
        2543
        2574
        2607
        2617
        2653
        2663
        2667
        2678
        2685
        2747
        2749
        2752
        2781
        2798
        2800
        2836
        2864
        2883
        2897
        2905
        2913
        2918
        2962
        2985
        2988
        3036
        3046
        3083
        3134
        3154
        3162
        3182
        3192
        3195
        3198
        3229
        3270
        3299
        3328
        3346
        3389
        3422
        3424
        3441
        3478
        3489
        3533
        3544
        3559
        3609
        3616
        3696
        3741
        3743
        3804
        3820
        3929
        3946
        3952
        3969
        3986
        4077
        4134
        4175
        4232
        4262
        4284
        4399
        4408
        4473
        4504
        4521
        4538
        4540
        4563
        4564
        4586
        4591
        4593
        4612
        4624
        4635
        4673
        4697
        4702
        4708
        4725
        4736
        4775
        4809
        4810
        4811
        4818
        4857
        4873
        4880
        4893
        4898
        4907
        4910
        4916
        4921
        5029
        5031
        5049
        5050
        5104
        5136
        5154
        5187
        5201
        5215
        5383
        5402
        5436
        5442
        5458
        5489
        5495
        5496
        5535
        5546
        5549
        5550
        5646
        5665
        5704
        5724
        5727
        5733
        5745
        5750
        5773
        5775
        5805
        5817
        5832
        5837
        5838
        5839
        5913
        5929
        5999
        6005
        6015
        6135
        6144
        6283
        6290
        6397
        6521
        6527
        6564
        6571
        6607
        6626
        6666
        6711
        6715
        6748
        6765
        6778
        6804
        6817
        6856
        6859
        6870
        6875
        6888
        6954
        6992
        7009
        7022
        7081
        7083
        7086
        7109
        7116
        7159
        7171
        7178
        7180
        7182
        7198
        7229
        7235
        7256
        7323
        7344
        7350
        7382
        7396
        7397
        7429
        7454
        7487
        7490
        7500
        7576
        7588
        7612
        7613
        7650
        7688
        7691
        7748
        7753
        7755
        7759
        7763
        7807
        7816
        7819
        7834
        7838
        7845
        7848
        7878
        7879
        7880
        7913
        7919
        7950
        7959
        7970
        7974
        7988
        7994
        7995
        7996
        8005
        8012
        8021
        8031
        8041
        8047
        8052
        8054
        8101
        8103
        8131
        8137
        8145
        8155
        8202
        8204
        8212
        8239
        8244
        8248
        8253
        8259
        8268
        8277
        8284
        8295
        8297
        8298
        8303
        8325
        8375
        8379
        8386
        8390
        8402
        8408
        8461
        8479
        8515
        8536
        8564
        8639
        8645
        8648
        8657
        8665
        8667
        8675
        8677
        8686
        8702
        8710
        8712
        8724
        8736
        8752
        8759
        8762
        8766
        8771
        8776
        8777
        8787
        8789
        8791
        8804
        8807
        8815
        8824
        8833
        8838
        8848
        8858
        8874
        8878
        8884
        8887
        8890
        8891
        8913
        8914
        8915
        8930
        8931
        8932
        8934
        8935
        8936
        8942
        8952
        8954
        8955
        8964
        8965
        8966
        8979
        8989
        8990
