        2
        4
        17
        18
        30
        33
        35
        39
        42
        49
        50
        53
        60
        66
        76
        78
        82
        86
        94
        132
        148
        155
        163
        177
        187
        191
        192
        194
        209
        211
        220
        225
        227
        240
        252
        253
        254
        256
        258
        262
        266
        285
        293
        301
        303
        311
        312
        330
        340
        348
        349
        351
        355
        358
        359
        366
        370
        371
        372
        378
        389
        391
        408
        410
        415
        417
        423
        426
        433
        441
        478
        482
        490
        492
        508
        530
        539
        551
        567
        573
        588
        592
        597
        608
        635
        639
        641
        642
        662
        669
        670
        676
        726
        738
        758
        788
        835
        843
        845
        859
        861
        917
        934
        936
        950
        953
        969
        971
        987
        994
        1009
        1039
        1043
        1057
        1080
        1090
        1102
        1111
        1163
        1193
        1203
        1207
        1214
        1225
        1249
        1291
        1360
        1390
        1395
        1441
        1443
        1449
        1467
        1470
        1473
        1479
        1490
        1494
        1495
        1530
        1570
        1597
        1598
        1634
        1637
        1641
        1671
        1672
        1686
        1692
        1697
        1701
        1706
        1711
        1714
        1717
        1722
        1751
        1752
        1761
        1779
        1805
        1810
        1814
        1818
        1819
        1825
        1827
        1837
        1844
        1852
        1867
        1881
        1884
        1885
        1887
        1903
        1906
        1907
        1909
        1922
        1925
        1953
        1960
        1961
        1964
        1989
        1991
        2002
        2007
        2012
        2015
        2026
        2040
        2047
        2064
        2080
        2082
        2083
        2099
        2119
        2125
        2131
        2140
        2146
        2155
        2157
        2158
        2169
        2182
        2198
        2228
        2240
        2252
        2255
        2258
        2270
        2286
        2289
        2303
        2312
        2321
        2328
        2329
        2330
        2335
        2339
        2366
        2382
        2384
        2389
        2390
        2391
        2392
        2399
        2407
        2411
        2414
        2420
        2428
        2434
        2438
        2449
        2470
        2473
        2483
        2486
        2490
        2491
        2493
        2502
        2510
        2512
        2518
        2529
        2534
        2535
        2538
        2548
        2555
        2560
        2566
        2568
        2574
        2584
        2587
        2599
        2614
        2623
        2635
        2654
        2719
        2788
        2796
        2875
        2876
        2901
        2928
        2965
        2989
        2999
        3023
        3062
        3063
        3092
        3102
        3114
        3117
        3144
        3159
        3175
        3188
        3205
        3206
        3262
        3277
        3303
        3341
        3360
        3398
        3417
        3429
        3465
        3471
        3485
        3488
        3501
        3509
        3525
        3526
        3535
        3541
        3549
        3559
        3602
        3623
        3625
        3630
        3635
        3636
        3663
        3690
        3701
        3705
        3706
        3720
        3736
        3747
        3751
        3756
        3769
        3781
        3795
        3799
        3820
        3823
        3827
        3833
        3836
        3842
        3843
        3852
        3866
        3872
        3874
        3876
        3877
        3889
        3893
        3897
        3900
        3902
        3906
        3909
        3912
        3913
        3922
        3924
        3979
        3985
        3989
        3998
        4005
        4018
        4039
        4072
        4080
        4084
        4098
        4101
        4109
        4130
        4147
        4163
        4175
        4181
        4185
        4194
        4217
        4229
        4231
        4234
        4237
        4249
        4262
        4265
        4272
        4275
        4288
        4299
        4307
        4315
        4334
        4343
        4364
        4375
        4379
        4381
        4410
        4411
        4415
        4428
        4444
        4448
        4452
        4455
        4463
        4465
        4468
        4469
        4471
        4487
        4494
        4495
        4496
        4502
        4507
        4518
        4519
        4527
        4530
        4532
        4537
        4546
        4556
        4559
        4561
        4562
        4585
        4586
        4592
        4600
        4605
        4606
        4609
        4612
        4615
        4618
        4633
        4651
        4660
        4669
        4683
        4686
        4705
        4707
        4712
        4713
        4715
        4718
        4719
        4721
        4723
        4726
        4729
        4733
        4738
        4740
        4744
        4776
        4778
        4780
        4785
        4798
        4815
        4823
        4833
        4835
        4849
        4857
        4869
        4870
        4897
        4898
        4907
        4908
        4912
        4915
        4920
        4939
        4940
        4953
        4965
        4966
        4980
        4984
        4988
        4993
        4996
        5002
        5010
        5014
        5024
        5025
        5057
        5066
        5081
        5083
        5089
        5096
        5102
        5111
        5112
        5123
        5140
        5153
        5159
        5162
        5163
        5175
        5214
        5229
        5234
        5250
        5252
        5253
        5254
        5259
        5265
        5276
        5278
        5282
        5284
        5285
        5286
        5289
        5292
        5307
        5310
        5312
        5315
        5321
        5322
        5324
        5334
        5335
        5337
        5339
        5343
        5351
        5360
        5372
        5381
        5394
        5395
        5398
        5403
        5407
        5411
        5431
        5432
        5455
        5465
        5472
        5476
        5510
        5512
        5523
        5555
        5556
        5557
        5568
        5576
        5578
        5602
        5608
        5610
        5621
        5628
        5640
        5654
        5674
        5677
        5689
        5702
        5708
        5717
        5765
        5767
        5787
        5791
        5805
        5814
        5817
        5835
        5843
        5885
        5886
        5888
        5894
        5907
        5923
        5925
        5926
        5932
        5934
        5938
        5943
        5959
        5975
        5976
        6002
        6012
        6015
        6022
        6025
        6027
        6034
        6040
        6050
        6055
        6071
        6073
        6074
        6077
        6082
        6093
        6107
        6108
        6109
        6112
        6134
        6137
        6148
        6151
        6158
        6165
        6169
        6173
        6184
        6191
        6199
        6205
        6208
        6222
        6253
        6254
        6262
        6265
        6270
        6272
        6277
        6282
        6295
        6298
        6305
        6316
        6323
        6327
        6331
        6334
        6335
        6340
        6345
        6350
        6351
        6359
        6368
        6376
        6390
        6393
        6397
        6400
        6415
        6416
        6426
        6432
        6436
        6446
        6449
        6464
        6465
        6471
        6481
        6494
        6496
        6500
        6503
        6511
        6512
        6514
        6515
        6517
        6524
        6528
        6543
        6557
        6558
        6565
        6570
        6573
        6582
        6588
        6592
        6593
        6595
        6597
        6598
        6605
        6609
        6616
        6621
        6627
        6630
        6640
        6644
        6652
        6656
        6658
        6660
        6666
        6667
        6668
        6672
        6676
        6678
        6679
        6688
        6715
        6719
        6736
        6745
        6748
        6749
        6750
        6751
        6758
        6759
        6762
        6776
        6779
        6797
        6800
        6802
        6805
        6813
        6814
        6815
        6816
        6821
        6823
        6828
        6831
        6847
        6849
        6860
        6876
        6877
        6892
        6897
        6905
        6907
        6908
        6912
        6918
        6921
        6941
        6947
        6955
        6959
        6965
        6976
        7001
        7002
        7006
        7009
        7011
        7014
        7031
        7032
        7034
        7035
        7041
        7043
        7046
        7056
        7058
        7059
        7066
        7084
        7090
        7091
        7098
        7105
        7109
        7115
        7124
        7141
        7164
        7172
        7173
        7177
        7178
        7194
        7200
        7203
        7210
        7215
        7217
        7218
        7229
        7230
        7233
        7238
        7241
        7242
        7264
        7265
        7270
        7284
        7287
        7290
        7291
        7296
        7301
        7309
        7310
        7311
        7319
        7325
        7330
        7333
        7338
        7352
        7358
        7359
        7364
        7368
        7371
        7375
        7382
        7386
        7395
        7397
        7401
        7403
        7404
        7408
        7409
        7419
        7420
        7423
        7431
        7443
        7449
        7460
        7467
        7470
        7482
        7513
        7526
        7528
        7542
        7543
        7544
        7546
        7566
        7570
        7574
        7577
        7582
        7585
        7589
        7596
        7618
        7620
        7627
        7629
        7637
        7638
        7639
        7642
        7650
        7653
        7672
        7677
        7693
        7694
        7697
        7725
        7736
        7742
        7751
        7753
        7758
        7787
        7794
        7795
        7797
        7804
        7811
        7824
        7827
        7830
        7834
        7837
        7846
        7858
        7866
        7871
        7872
        7875
        7883
        7885
        7900
        7911
        7914
        7922
        7926
        7933
        7939
        7944
        7947
        7950
        7954
        7958
        7960
        7963
        7967
        7975
        7979
        7986
        7987
        8000
        8001
        8009
        8018
        8023
        8030
        8048
        8051
        8052
        8062
        8080
        8092
        8105
        8121
        8123
        8143
        8160
        8170
        8177
        8179
        8180
        8190
        8197
        8203
        8211
        8212
        8213
        8223
        8225
        8226
        8230
        8231
        8234
        8248
        8255
        8257
        8264
        8267
        8274
        8279
        8289
        8301
        8303
        8315
        8316
        8318
        8326
        8335
        8336
        8337
        8340
        8350
        8352
        8354
        8362
        8366
        8373
        8374
        8379
        8392
        8393
        8394
        8395
        8399
        8416
        8424
        8425
        8432
        8443
        8446
        8452
        8457
        8476
        8493
        8500
        8505
        8508
        8514
        8516
        8522
        8528
        8529
        8538
        8560
        8568
        8584
        8594
        8631
        8635
        8645
        8651
        8654
        8657
        8667
        8673
        8685
        8687
        8694
        8695
        8699
        8701
        8705
        8728
        8733
        8746
        8751
        8768
        8776
        8778
        8782
        8785
        8787
        8795
        8804
        8809
        8822
        8826
        8839
        8840
        8842
        8843
        8859
        8863
        8867
        8875
        8909
        8922
        8928
        8931
        8932
        8939
        8950
        8981
        8985
