        8
        14
        31
        45
        47
        50
        58
        79
        85
        92
        94
        98
        112
        114
        119
        128
        130
        138
        152
        163
        165
        198
        205
        215
        221
        226
        227
        240
        241
        250
        251
        260
        262
        273
        279
        281
        299
        335
        343
        352
        354
        379
        425
        427
        472
        477
        483
        489
        500
        573
        586
        592
        605
        609
        614
        619
        626
        632
        633
        634
        654
        665
        691
        696
        698
        702
        704
        710
        714
        728
        764
        769
        771
        812
        831
        834
        861
        866
        871
        888
        903
        914
        915
        916
        917
        918
        923
        924
        927
        947
        956
        973
        976
        981
        993
        1004
        1009
        1023
        1038
        1051
        1056
        1063
        1069
        1071
        1079
        1088
        1093
        1095
        1100
        1115
        1143
        1144
        1145
        1157
        1180
        1182
        1190
        1197
        1198
        1199
        1200
        1219
        1221
        1229
        1232
        1233
        1242
        1248
        1255
        1256
        1263
        1269
        1271
        1275
        1281
        1293
        1295
        1300
        1323
        1325
        1327
        1329
        1337
        1338
        1344
        1345
        1352
        1353
        1366
        1390
        1391
        1398
        1404
        1415
        1438
        1444
        1462
        1463
        1466
        1475
        1479
        1483
        1486
        1500
        1504
        1512
        1524
        1534
        1536
        1539
        1546
        1555
        1568
        1569
        1570
        1571
        1573
        1577
        1580
        1588
        1589
        1598
        1599
        1606
        1607
        1608
        1614
        1632
        1638
        1679
        1681
        1699
        1704
        1719
        1726
        1740
        1748
        1763
        1789
        1792
        1797
        1800
        1801
        1817
        1834
        1842
        1845
        1850
        1851
        1852
        1883
        1884
        1889
        1894
        1895
        1900
        1901
        1904
        1909
        1912
        1919
        1921
        1926
        1933
        1941
        1972
        1979
        1994
        1996
        1999
        2005
        2008
        2010
        2012
        2016
        2045
        2050
        2058
        2060
        2062
        2064
        2081
        2092
        2100
        2118
        2124
        2126
        2127
        2131
        2133
        2138
        2152
        2154
        2156
        2159
        2160
        2180
        2181
        2183
        2186
        2187
        2188
        2191
        2195
        2207
        2211
        2216
        2223
        2227
        2240
        2244
        2258
        2259
        2264
        2277
        2304
        2307
        2322
        2351
        2358
        2373
        2378
        2381
        2395
        2398
        2417
        2434
        2440
        2482
        2484
        2497
        2504
        2505
        2520
        2524
        2528
        2531
        2533
        2549
        2551
        2578
        2588
        2589
        2594
        2614
        2617
        2623
        2635
        2639
        2651
        2654
        2658
        2660
        2667
        2669
        2671
        2689
        2690
        2696
        2701
        2702
        2704
        2712
        2715
        2720
        2741
        2742
        2767
        2769
        2778
        2781
        2785
        2791
        2810
        2811
        2828
        2831
        2854
        2856
        2857
        2858
        2867
        2868
        2869
        2872
        2874
        2889
        2893
        2894
        2901
        2906
        2911
        2914
        2921
        2923
        2925
        2977
        2984
        2986
        2987
        2993
        3000
        3009
        3019
        3024
        3028
        3030
        3033
        3039
        3043
        3045
        3059
        3066
        3069
        3073
        3074
        3079
        3094
        3114
        3119
        3122
        3125
        3129
        3141
        3144
        3155
        3156
        3160
        3164
        3172
        3175
        3199
        3202
        3211
        3229
        3232
        3236
        3238
        3249
        3257
        3263
        3265
        3275
        3276
        3281
        3292
        3298
        3308
        3310
        3313
        3332
        3345
        3348
        3362
        3365
        3366
        3368
        3371
        3393
        3396
        3401
        3408
        3444
        3447
        3468
        3469
        3473
        3481
        3492
        3493
        3507
        3509
        3512
        3515
        3517
        3534
        3548
        3554
        3558
        3562
        3566
        3571
        3574
        3579
        3580
        3594
        3599
        3607
        3614
        3616
        3619
        3627
        3635
        3637
        3641
        3653
        3656
        3657
        3661
        3671
        3686
        3694
        3696
        3700
        3701
        3704
        3713
        3718
        3723
        3728
        3735
        3745
        3748
        3751
        3771
        3777
        3785
        3799
        3801
        3805
        3811
        3817
        3819
        3834
        3838
        3845
        3846
        3853
        3855
        3856
        3860
        3861
        3867
        3874
        3884
        3888
        3889
        3908
        3930
        3932
        3940
        3954
        3960
        3979
        3989
        3990
        3995
        3996
        3997
        4009
        4013
        4015
        4026
        4027
        4028
        4030
        4041
        4052
        4058
        4092
        4093
        4103
        4105
        4106
        4114
        4119
        4125
        4126
        4134
        4161
        4172
        4175
        4181
        4184
        4193
        4196
        4205
        4207
        4214
        4215
        4217
        4236
        4244
        4252
        4262
        4276
        4281
        4291
        4296
        4309
        4318
        4319
        4320
        4321
        4322
        4330
        4332
        4338
        4341
        4343
        4364
        4374
        4376
        4377
        4388
        4389
        4401
        4404
        4406
        4409
        4416
        4419
        4424
        4430
        4433
        4434
        4440
        4447
        4457
        4465
        4466
        4477
        4491
        4493
        4496
        4499
        4503
        4509
        4533
        4551
        4555
        4569
        4572
        4583
        4597
        4603
        4605
        4615
        4618
        4630
        4635
        4636
        4658
        4659
        4665
        4676
        4677
        4680
        4682
        4688
        4693
        4696
        4705
        4708
        4733
        4738
        4744
        4753
        4760
        4770
        4775
        4780
        4788
        4791
        4806
        4807
        4822
        4834
        4835
        4836
        4837
        4839
        4840
        4847
        4857
        4874
        4877
        4892
        4899
        4903
        4909
        4912
        4918
        4923
        4936
        4959
        4965
        4966
        4971
        4973
        4984
        5013
        5014
        5037
        5041
        5046
        5055
        5061
        5073
        5074
        5097
        5098
        5101
        5103
        5106
        5109
        5123
        5132
        5142
        5144
        5145
        5146
        5149
        5151
        5167
        5179
        5192
        5193
        5195
        5202
        5210
        5213
        5218
        5239
        5245
        5251
        5253
        5255
        5275
        5281
        5283
        5290
        5294
        5317
        5321
        5322
        5327
        5331
        5337
        5341
        5342
        5345
        5348
        5353
        5359
        5361
        5382
        5385
        5386
        5388
        5393
        5395
        5398
        5403
        5411
        5413
        5429
        5430
        5436
        5442
        5465
        5467
        5475
        5478
        5480
        5487
        5498
        5513
        5514
        5515
        5518
        5519
        5524
        5528
        5531
        5533
        5537
        5560
        5579
        5582
        5587
        5599
        5607
        5610
        5617
        5623
        5627
        5633
        5648
        5650
        5658
        5679
        5686
        5689
        5695
        5700
        5703
        5706
        5711
        5719
        5724
        5725
        5744
        5758
        5769
        5770
        5771
        5776
        5803
        5817
        5823
        5826
        5834
        5842
        5846
        5847
        5855
        5872
        5876
        5883
        5884
        5890
        5904
        5921
        5922
        5925
        5953
        5967
        5983
        5990
        5995
        5996
        6003
        6006
        6021
        6022
        6027
        6031
        6038
        6039
        6041
        6052
        6053
        6058
        6059
        6080
        6082
        6104
        6106
        6113
        6128
        6129
        6134
        6145
        6149
        6151
        6156
        6189
        6190
        6191
        6202
        6219
        6236
        6238
        6241
        6253
        6262
        6266
        6270
        6273
        6292
        6294
        6299
        6300
        6305
        6317
        6324
        6337
        6339
        6340
        6350
        6351
        6353
        6356
        6364
        6370
        6378
        6379
        6382
        6383
        6388
        6417
        6419
        6422
        6428
        6433
        6447
        6465
        6498
        6500
        6503
        6528
        6532
        6537
        6544
        6548
        6554
        6555
        6558
        6573
        6575
        6597
        6611
        6626
        6629
        6631
        6651
        6652
        6672
        6674
        6677
        6685
        6689
        6693
        6697
        6699
        6704
        6706
        6730
        6737
        6750
        6753
        6756
        6776
        6778
        6779
        6796
        6807
        6834
        6836
        6839
        6842
        6843
        6851
        6861
        6876
        6898
        6905
        6920
        6929
        6931
        6945
        6952
        6957
        6980
        7000
        7015
        7016
        7021
        7031
        7037
        7038
        7045
        7052
        7059
        7061
        7063
        7087
        7088
        7097
        7100
        7112
        7114
        7158
        7161
        7163
        7199
        7205
        7207
        7220
        7222
        7248
        7256
        7264
        7292
        7311
        7332
        7334
        7339
        7348
        7353
        7386
        7388
        7405
        7407
        7412
        7414
        7417
        7418
        7424
        7432
        7437
        7447
        7455
        7456
        7464
        7467
        7471
        7484
        7497
        7515
        7521
        7524
        7531
        7533
        7548
        7589
        7590
        7596
        7600
        7602
        7608
        7616
        7620
        7622
        7624
        7634
        7643
        7647
        7658
        7667
        7670
        7671
        7680
        7683
        7701
        7709
        7728
        7731
        7744
        7754
        7755
        7756
        7759
        7763
        7773
        7801
        7806
        7813
        7817
        7827
        7833
        7834
        7849
        7853
        7859
        7882
        7884
        7889
        7895
        7896
        7919
        7925
        7933
        7936
        7951
        7952
        7957
        7990
        7999
        8010
        8050
        8051
        8056
        8058
        8136
        8156
        8180
        8186
        8189
        8215
        8231
        8233
        8234
        8262
        8291
        8305
        8307
        8320
        8327
        8329
        8336
        8337
        8341
        8347
        8361
        8382
        8384
        8395
        8399
        8401
        8403
        8412
        8414
        8417
        8447
        8451
        8467
        8471
        8480
        8481
        8482
        8511
        8515
        8521
        8526
        8528
        8548
        8554
        8575
        8585
        8594
        8626
        8633
        8635
        8652
        8654
        8655
        8657
        8664
        8665
        8670
        8683
        8691
        8697
        8699
        8708
        8726
        8740
        8750
        8751
        8755
        8759
        8764
        8776
        8782
        8793
        8808
        8811
        8819
        8820
        8821
        8835
        8837
        8842
        8848
        8860
        8864
        8872
        8887
        8892
        8914
        8919
        8924
        8926
        8934
        8941
        8971
        8980
