        5
        39
        40
        43
        46
        48
        49
        61
        62
        63
        75
        78
        110
        117
        118
        120
        128
        132
        135
        142
        147
        154
        160
        161
        204
        232
        236
        259
        262
        270
        272
        273
        274
        275
        291
        295
        314
        315
        329
        330
        338
        350
        353
        354
        361
        363
        367
        380
        390
        394
        400
        405
        406
        411
        415
        421
        424
        444
        445
        447
        460
        461
        470
        472
        473
        485
        498
        502
        506
        510
        518
        531
        540
        542
        543
        545
        549
        554
        557
        558
        559
        571
        572
        578
        583
        586
        594
        607
        610
        612
        616
        620
        633
        638
        653
        663
        674
        676
        681
        682
        689
        712
        723
        733
        741
        746
        754
        759
        762
        767
        788
        811
        817
        822
        827
        828
        835
        838
        840
        843
        850
        851
        853
        858
        872
        875
        876
        886
        890
        917
        932
        935
        937
        946
        956
        964
        970
        981
        989
        997
        1004
        1005
        1030
        1035
        1036
        1041
        1050
        1053
        1054
        1057
        1063
        1076
        1087
        1109
        1115
        1116
        1122
        1124
        1131
        1133
        1136
        1148
        1155
        1179
        1180
        1182
        1192
        1198
        1201
        1212
        1214
        1235
        1237
        1241
        1254
        1257
        1260
        1265
        1268
        1278
        1286
        1287
        1289
        1299
        1311
        1315
        1316
        1342
        1343
        1346
        1350
        1351
        1352
        1355
        1369
        1373
        1374
        1394
        1397
        1411
        1413
        1415
        1418
        1421
        1428
        1431
        1437
        1440
        1450
        1454
        1455
        1466
        1470
        1471
        1476
        1482
        1498
        1500
        1513
        1523
        1536
        1552
        1556
        1558
        1579
        1582
        1601
        1602
        1627
        1635
        1636
        1638
        1644
        1648
        1649
        1652
        1658
        1662
        1665
        1671
        1684
        1686
        1687
        1706
        1707
        1726
        1730
        1734
        1736
        1742
        1744
        1757
        1772
        1774
        1787
        1791
        1792
        1804
        1813
        1818
        1820
        1826
        1834
        1836
        1841
        1843
        1873
        1889
        1906
        1910
        1914
        1918
        1922
        1923
        1929
        1939
        1942
        1945
        1951
        1959
        1961
        1976
        1979
        1988
        2009
        2022
        2056
        2074
        2076
        2080
        2094
        2095
        2100
        2108
        2129
        2130
        2134
        2139
        2144
        2148
        2160
        2176
        2185
        2194
        2198
        2225
        2226
        2234
        2245
        2256
        2269
        2272
        2273
        2275
        2278
        2282
        2284
        2293
        2296
        2298
        2303
        2322
        2341
        2342
        2348
        2370
        2376
        2396
        2406
        2409
        2428
        2429
        2433
        2440
        2450
        2454
        2460
        2462
        2469
        2470
        2486
        2499
        2502
        2509
        2513
        2537
        2543
        2552
        2553
        2561
        2579
        2586
        2593
        2622
        2623
        2628
        2652
        2660
        2661
        2664
        2673
        2676
        2681
        2685
        2725
        2729
        2731
        2732
        2735
        2741
        2755
        2759
        2777
        2778
        2781
        2788
        2790
        2792
        2795
        2802
        2805
        2813
        2820
        2842
        2846
        2867
        2868
        2881
        2886
        2909
        2911
        2922
        2938
        2961
        2963
        2964
        2965
        2966
        2974
        2975
        2980
        3004
        3017
        3022
        3047
        3060
        3066
        3072
        3082
        3083
        3085
        3088
        3098
        3104
        3105
        3108
        3112
        3144
        3153
        3165
        3201
        3204
        3208
        3215
        3218
        3221
        3222
        3234
        3243
        3245
        3246
        3250
        3262
        3263
        3277
        3279
        3285
        3298
        3302
        3331
        3350
        3360
        3369
        3375
        3379
        3380
        3381
        3384
        3385
        3393
        3400
        3402
        3407
        3409
        3425
        3426
        3451
        3460
        3463
        3464
        3468
        3469
        3477
        3496
        3500
        3503
        3514
        3529
        3558
        3560
        3570
        3573
        3581
        3584
        3593
        3611
        3612
        3618
        3619
        3622
        3623
        3627
        3634
        3642
        3648
        3665
        3668
        3677
        3681
        3693
        3700
        3713
        3716
        3717
        3719
        3721
        3723
        3726
        3727
        3735
        3749
        3753
        3760
        3763
        3764
        3766
        3771
        3778
        3781
        3784
        3786
        3790
        3794
        3796
        3810
        3811
        3812
        3821
        3827
        3829
        3833
        3845
        3847
        3863
        3868
        3869
        3870
        3878
        3894
        3897
        3922
        3925
        3926
        3930
        3934
        3939
        3946
        3953
        3960
        3967
        3969
        3983
        3984
        3985
        3996
        4009
        4018
        4028
        4031
        4034
        4039
        4047
        4055
        4058
        4079
        4091
        4092
        4099
        4119
        4120
        4123
        4128
        4129
        4134
        4135
        4146
        4147
        4150
        4162
        4169
        4170
        4172
        4188
        4190
        4198
        4199
        4216
        4223
        4234
        4271
        4287
        4288
        4290
        4291
        4296
        4299
        4302
        4306
        4339
        4354
        4355
        4382
        4385
        4391
        4400
        4403
        4407
        4419
        4432
        4434
        4446
        4461
        4480
        4485
        4492
        4502
        4511
        4516
        4533
        4534
        4541
        4542
        4546
        4549
        4552
        4560
        4563
        4565
        4585
        4588
        4593
        4598
        4604
        4609
        4612
        4627
        4629
        4630
        4633
        4634
        4658
        4663
        4682
        4684
        4688
        4690
        4692
        4699
        4718
        4728
        4730
        4739
        4760
        4762
        4781
        4782
        4784
        4785
        4794
        4805
        4827
        4829
        4833
        4837
        4851
        4856
        4859
        4870
        4889
        4891
        4902
        4920
        4924
        4925
        4936
        4937
        4940
        4941
        4957
        4977
        4983
        4984
        4985
        4995
        4996
        5000
        5006
        5013
        5027
        5028
        5031
        5035
        5051
        5065
        5071
        5076
        5080
        5082
        5088
        5092
        5096
        5120
        5121
        5126
        5142
        5151
        5152
        5172
        5175
        5178
        5183
        5185
        5200
        5206
        5220
        5224
        5238
        5242
        5263
        5264
        5265
        5266
        5269
        5294
        5298
        5307
        5320
        5322
        5326
        5327
        5341
        5343
        5350
        5358
        5362
        5363
        5364
        5386
        5387
        5395
        5407
        5408
        5427
        5434
        5438
        5441
        5444
        5452
        5458
        5464
        5467
        5471
        5479
        5489
        5495
        5496
        5501
        5505
        5516
        5517
        5519
        5528
        5536
        5540
        5544
        5549
        5554
        5583
        5590
        5595
        5605
        5606
        5608
        5617
        5619
        5644
        5646
        5657
        5674
        5693
        5696
        5701
        5706
        5709
        5710
        5715
        5722
        5746
        5768
        5771
        5805
        5806
        5815
        5816
        5840
        5842
        5861
        5877
        5893
        5899
        5901
        5906
        5907
        5956
        5961
        5964
        5973
        5975
        5978
        5979
        5981
        5988
        6010
        6023
        6029
        6032
        6038
        6040
        6043
        6046
        6087
        6092
        6095
        6111
        6112
        6122
        6125
        6128
        6129
        6131
        6133
        6154
        6157
        6160
        6166
        6172
        6201
        6216
        6217
        6219
        6221
        6229
        6241
        6243
        6247
        6256
        6261
        6295
        6300
        6305
        6314
        6326
        6353
        6356
        6378
        6382
        6383
        6411
        6424
        6427
        6431
        6451
        6453
        6454
        6462
        6467
        6475
        6481
        6489
        6514
        6535
        6536
        6542
        6543
        6545
        6565
        6566
        6568
        6569
        6576
        6578
        6583
        6600
        6615
        6618
        6620
        6645
        6648
        6651
        6653
        6659
        6666
        6680
        6752
        6759
        6764
        6766
        6781
        6786
        6795
        6800
        6806
        6809
        6810
        6823
        6857
        6859
        6875
        6891
        6892
        6905
        6914
        6919
        6929
        6930
        6938
        6945
        6949
        6968
        6973
        6977
        6979
        6984
        7020
        7027
        7029
        7042
        7056
        7057
        7104
        7116
        7131
        7133
        7139
        7141
        7143
        7178
        7179
        7185
        7202
        7203
        7215
        7223
        7227
        7229
        7234
        7263
        7265
        7268
        7272
        7335
        7342
        7344
        7352
        7373
        7383
        7388
        7390
        7393
        7394
        7406
        7428
        7429
        7430
        7436
        7449
        7457
        7467
        7494
        7840
        7852
        7858
        7894
        7897
        7905
        7909
        7917
        7924
        7928
        7933
        7934
        7936
        7942
        7944
        7948
        7953
        7954
        7963
        7964
        7965
        7971
        7974
        7976
        7978
        7984
        7988
        7990
        7995
        8011
        8016
        8020
        8021
        8022
        8026
        8027
        8045
        8047
        8048
        8052
        8059
        8067
        8073
        8074
        8082
        8104
        8114
        8115
        8117
        8119
        8122
        8154
        8159
        8174
        8177
        8184
        8186
        8193
        8196
        8197
        8199
        8202
        8206
        8208
        8212
        8213
        8216
        8221
        8222
        8234
        8247
        8250
        8259
        8260
        8269
        8273
        8281
        8291
        8303
        8310
        8324
        8341
        8354
        8364
        8372
        8373
        8378
        8381
        8387
        8394
        8399
        8405
        8418
        8426
        8431
        8436
        8442
        8445
        8465
        8466
        8472
        8479
        8490
        8492
        8494
        8500
        8502
        8506
        8518
        8521
        8522
        8527
        8528
        8555
        8558
        8561
        8568
        8579
        8599
        8602
        8603
        8605
        8606
        8618
        8621
        8637
        8640
        8642
        8651
        8654
        8657
        8671
        8684
        8691
        8693
        8696
        8700
        8707
        8717
        8718
        8742
        8761
        8765
        8767
        8768
        8769
        8774
        8787
        8803
        8804
        8807
        8820
        8824
        8833
        8840
        8852
        8869
        8874
        8875
        8902
        8911
        8912
        8914
        8925
        8933
        8934
        8941
        8944
        8946
        8966
        8970
        8972
        8975
        8980
        8988
