        10
        15
        23
        29
        47
        60
        63
        93
        94
        100
        102
        104
        105
        106
        108
        113
        126
        135
        139
        160
        166
        175
        187
        190
        192
        194
        199
        205
        215
        217
        219
        231
        269
        310
        313
        316
        317
        318
        331
        332
        340
        352
        371
        374
        375
        379
        382
        401
        423
        424
        430
        434
        435
        437
        445
        455
        470
        483
        491
        492
        497
        503
        509
        511
        515
        520
        525
        530
        539
        544
        551
        571
        572
        574
        576
        597
        626
        631
        636
        647
        652
        654
        657
        669
        675
        693
        700
        706
        719
        721
        725
        727
        728
        734
        749
        750
        754
        771
        773
        782
        790
        795
        822
        825
        836
        837
        838
        839
        840
        852
        854
        881
        886
        887
        900
        902
        904
        909
        914
        915
        918
        920
        937
        938
        946
        947
        949
        953
        955
        963
        978
        986
        987
        993
        1012
        1018
        1022
        1029
        1031
        1040
        1042
        1047
        1061
        1067
        1073
        1075
        1088
        1099
        1105
        1107
        1108
        1121
        1123
        1124
        1135
        1136
        1138
        1139
        1141
        1146
        1157
        1161
        1167
        1171
        1172
        1187
        1189
        1192
        1193
        1222
        1223
        1232
        1233
        1234
        1242
        1254
        1273
        1277
        1279
        1281
        1287
        1290
        1314
        1334
        1344
        1345
        1346
        1356
        1357
        1360
        1363
        1378
        1379
        1380
        1382
        1384
        1385
        1386
        1387
        1389
        1391
        1406
        1410
        1412
        1417
        1422
        1433
        1439
        1444
        1446
        1447
        1454
        1456
        1459
        1473
        1491
        1493
        1496
        1501
        1502
        1504
        1507
        1509
        1513
        1515
        1516
        1519
        1534
        1540
        1546
        1547
        1553
        1556
        1559
        1560
        1564
        1567
        1578
        1579
        1592
        1600
        1601
        1605
        1611
        1613
        1615
        1626
        1627
        1628
        1629
        1631
        1636
        1646
        1647
        1653
        1655
        1658
        1669
        1676
        1684
        1691
        1694
        1695
        1706
        1729
        1739
        1741
        1751
        1754
        1757
        1765
        1781
        1782
        1783
        1784
        1799
        1806
        1807
        1809
        1827
        1831
        1834
        1839
        1847
        1854
        1857
        1878
        1889
        1896
        1899
        1908
        1909
        1916
        1923
        1924
        1926
        1928
        1931
        1950
        1965
        1967
        1971
        1975
        1982
        1990
        1994
        1998
        2003
        2021
        2024
        2027
        2031
        2036
        2038
        2040
        2043
        2052
        2063
        2083
        2087
        2088
        2098
        2100
        2103
        2104
        2105
        2114
        2138
        2141
        2150
        2156
        2164
        2173
        2176
        2181
        2182
        2184
        2185
        2193
        2204
        2210
        2218
        2223
        2226
        2233
        2235
        2246
        2247
        2248
        2253
        2254
        2261
        2267
        2268
        2270
        2280
        2282
        2286
        2301
        2323
        2325
        2329
        2341
        2342
        2354
        2362
        2363
        2377
        2387
        2388
        2409
        2416
        2417
        2424
        2428
        2429
        2431
        2435
        2437
        2441
        2443
        2454
        2458
        2460
        2464
        2469
        2480
        2481
        2483
        2493
        2498
        2502
        2508
        2513
        2514
        2516
        2528
        2540
        2543
        2544
        2551
        2555
        2556
        2557
        2560
        2568
        2570
        2572
        2573
        2587
        2588
        2593
        2604
        2605
        2606
        2614
        2616
        2618
        2622
        2624
        2626
        2628
        2633
        2639
        2640
        2643
        2648
        2667
        2673
        2678
        2681
        2688
        2690
        2695
        2701
        2702
        2703
        2705
        2707
        2709
        2710
        2711
        2712
        2713
        2715
        2719
        2721
        2723
        2726
        2727
        2730
        2731
        2734
        2741
        2750
        2753
        2755
        2758
        2766
        2767
        2772
        2781
        2788
        2797
        2799
        2811
        2814
        2820
        2823
        2824
        2826
        2831
        2832
        2840
        2841
        2848
        2849
        2853
        2862
        2866
        2878
        2884
        2891
        2892
        2895
        2900
        2902
        2903
        2904
        2910
        2916
        2920
        2924
        2930
        2933
        2935
        2952
        2954
        2959
        2963
        2964
        2967
        2989
        2991
        2993
        3001
        3005
        3017
        3024
        3030
        3034
        3035
        3044
        3049
        3060
        3065
        3081
        3092
        3099
        3100
        3102
        3113
        3118
        3129
        3133
        3135
        3153
        3154
        3165
        3178
        3186
        3194
        3203
        3204
        3207
        3230
        3235
        3241
        3245
        3248
        3256
        3257
        3264
        3269
        3290
        3297
        3308
        3313
        3314
        3320
        3331
        3338
        3342
        3343
        3344
        3345
        3347
        3368
        3373
        3375
        3383
        3387
        3393
        3396
        3407
        3408
        3415
        3418
        3420
        3424
        3426
        3441
        3450
        3472
        3474
        3475
        3476
        3477
        3480
        3482
        3485
        3487
        3497
        3503
        3507
        3526
        3534
        3541
        3547
        3553
        3556
        3566
        3579
        3588
        3589
        3607
        3621
        3631
        3633
        3638
        3641
        3648
        3653
        3672
        3677
        3678
        3681
        3684
        3686
        3691
        3699
        3708
        3712
        3721
        3729
        3735
        3738
        3740
        3758
        3763
        3778
        3781
        3786
        3790
        3792
        3793
        3798
        3802
        3805
        3809
        3816
        3818
        3819
        3823
        3824
        3842
        3845
        3847
        3866
        3869
        3873
        3877
        3887
        3888
        3889
        3894
        3895
        3896
        3897
        3899
        3901
        3912
        3917
        3927
        3940
        3947
        3955
        3956
        3958
        3966
        3970
        3976
        3986
        3988
        4003
        4007
        4009
        4021
        4024
        4026
        4028
        4032
        4050
        4063
        4075
        4078
        4083
        4085
        4087
        4089
        4091
        4097
        4098
        4100
        4102
        4105
        4107
        4108
        4111
        4119
        4124
        4132
        4134
        4140
        4141
        4142
        4151
        4152
        4162
        4166
        4174
        4180
        4191
        4193
        4194
        4196
        4197
        4199
        4210
        4212
        4214
        4239
        4252
        4255
        4260
        4262
        4271
        4274
        4279
        4280
        4283
        4286
        4289
        4290
        4292
        4301
        4302
        4305
        4308
        4314
        4319
        4329
        4338
        4341
        4348
        4368
        4370
        4372
        4373
        4377
        4379
        4383
        4384
        4386
        4389
        4400
        4414
        4423
        4427
        4428
        4429
        4433
        4436
        4441
        4442
        4451
        4455
        4459
        4461
        4465
        4474
        4479
        4485
        4491
        4502
        4503
        4507
        4512
        4519
        4525
        4533
        4543
        4552
        4553
        4566
        4568
        4574
        4578
        4580
        4581
        4595
        4598
        4609
        4612
        4615
        4618
        4625
        4631
        4638
        4643
        4650
        4659
        4663
        4667
        4671
        4683
        4686
        4692
        4693
        4698
        4701
        4702
        4712
        4719
        4725
        4727
        4729
        4730
        4749
        4752
        4753
        4755
        4756
        4758
        4762
        4771
        4775
        4776
        4786
        4788
        4793
        4800
        4806
        4808
        4821
        4827
        4833
        4836
        4838
        4851
        4857
        4863
        4872
        4877
        4878
        4880
        4885
        4888
        4889
        4892
        4893
        4899
        4910
        4928
        4929
        4932
        4933
        4943
        4944
        4945
        4946
        4951
        4952
        4957
        4960
        4966
        4967
        4968
        4975
        4976
        4982
        4983
        4986
        4991
        4997
        5000
        5003
        5008
        5019
        5027
        5029
        5035
        5037
        5038
        5039
        5045
        5051
        5056
        5057
        5078
        5080
        5087
        5097
        5101
        5106
        5109
        5110
        5111
        5139
        5143
        5147
        5170
        5181
        5182
        5184
        5204
        5210
        5214
        5217
        5220
        5231
        5233
        5234
        5259
        5265
        5274
        5281
        5284
        5292
        5310
        5322
        5333
        5336
        5353
        5359
        5370
        5379
        5382
        5393
        5395
        5397
        5401
        5416
        5432
        5433
        5434
        5444
        5445
        5464
        5465
        5466
        5467
        5470
        5471
        5480
        5486
        5487
        5489
        5492
        5495
        5501
        5505
        5513
        5529
        5535
        5542
        5544
        5545
        5562
        5566
        5581
        5587
        5590
        5605
        5610
        5618
        5622
        5623
        5625
        5630
        5632
        5645
        5646
        5649
        5656
        5657
        5660
        5664
        5672
        5674
        5675
        5676
        5685
        5694
        5697
        5708
        5709
        5714
        5721
        5723
        5726
        5728
        5734
        5738
        5746
        5764
        5773
        5777
        5783
        5791
        5799
        5804
        5814
        5818
        5819
        5823
        5824
        5852
        5855
        5860
        5861
        5874
        5877
        5888
        5905
        5914
        5915
        5917
        5919
        5923
        5924
        5931
        5937
        5951
        5965
        5967
        5969
        5975
        5977
        5979
        5989
        5998
        6007
        6021
        6049
        6057
        6059
        6074
        6080
        6084
        6086
        6093
        6097
        6108
        6110
        6115
        6120
        6130
        6133
        6135
        6140
        6155
        6162
        6163
        6181
        6195
        6196
        6198
        6207
        6222
        6228
        6232
        6238
        6249
        6254
        6260
        6264
        6269
        6289
        6294
        6301
        6307
        6312
        6323
        6324
        6330
        6331
        6333
        6340
        6343
        6349
        6355
        6367
        6373
        6381
        6390
        6395
        6415
        6432
        6434
        6436
        6458
        6466
        6468
        6472
        6476
        6480
        6481
        6486
        6494
        6496
        6511
        6513
        6514
        6523
        6525
        6531
        6535
        6538
        6539
        6543
        6544
        6564
        6572
        6612
        6617
        6630
        6642
        6653
        6660
        6661
        6663
        6667
        6675
        6684
        6686
        6702
        6711
        6715
        6722
        6730
        6743
        6750
        6767
        6784
        6786
        6791
        6803
        6819
        6821
        6827
        6838
        6847
        6851
        6852
        6859
        6867
        6909
        6935
        6937
        6943
        6956
        6957
        6969
        6973
        6974
        6976
        6979
        6989
        6990
        7005
        7008
        7017
        7034
        7036
        7044
        7047
        7055
        7056
        7060
        7063
        7064
        7074
        7076
        7080
        7089
        7092
        7095
        7107
        7124
        7130
        7136
        7145
        7146
        7163
        7176
        7185
        7193
        7196
        7199
        7213
        7215
        7227
        7231
        7245
        7249
        7251
        7254
        7278
        7288
        7298
        7300
        7311
        7327
        7333
        7340
        7347
        7348
        7350
        7351
        7356
        7357
        7374
        7375
        7387
        7390
        7398
        7399
        7410
        7411
        7412
        7421
        7425
        7427
        7430
        7437
        7450
        7454
        7455
        7462
        7463
        7464
        7469
        7471
        7473
        7475
        7484
        7491
        7495
        7508
        7515
        7524
        7526
        7533
        7534
        7539
        7540
        7541
        7550
        7552
        7553
        7556
        7561
        7571
        7575
        7576
        7589
        7590
        7593
        7597
        7603
        7605
        7611
        7631
        7634
        7635
        7643
        7644
        7645
        7647
        7648
        7651
        7671
        7674
        7677
        7678
        7679
        7680
        7683
        7688
        7694
        7695
        7699
        7707
        7715
        7733
        7736
        7745
        7747
        7756
        7762
        7770
        7785
        7792
        7801
        7802
        7812
        7830
        7832
        7842
        7854
        7855
        7857
        7866
        7867
        7889
        7890
        7893
        7894
        7897
        7902
        7924
        7933
        7943
        7950
        7959
        7968
        7971
        7975
        7977
        7979
        7987
        7989
        7991
        7995
        7996
        8001
        8002
        8006
        8026
        8030
        8043
        8051
        8057
        8059
        8067
        8075
        8084
        8099
        8103
        8114
        8120
        8121
        8128
        8131
        8132
        8133
        8155
        8175
        8178
        8183
        8191
        8198
        8201
        8218
        8221
        8232
        8236
        8237
        8247
        8254
        8255
        8258
        8260
        8263
        8274
        8282
        8283
        8293
        8302
        8314
        8321
        8322
        8326
        8345
        8354
        8356
        8374
        8380
        8381
        8383
        8396
        8405
        8409
        8411
        8414
        8417
        8420
        8424
        8426
        8427
        8437
        8442
        8446
        8447
        8451
        8459
        8478
        8482
        8483
        8485
        8487
        8489
        8491
        8498
        8504
        8505
        8507
        8510
        8517
        8521
        8526
        8527
        8530
        8541
        8544
        8546
        8554
        8556
        8559
        8561
        8563
        8568
        8581
        8588
        8589
        8608
        8611
        8614
        8622
        8623
        8630
        8632
        8633
        8648
        8649
        8651
        8654
        8657
        8668
        8669
        8670
        8671
        8672
        8674
        8675
        8688
        8694
        8705
        8707
        8711
        8718
        8748
        8753
        8756
        8757
        8765
        8768
        8769
        8773
        8779
        8784
        8793
        8795
        8800
        8801
        8805
        8808
        8810
        8813
        8815
        8818
        8826
        8830
        8832
        8834
        8838
        8846
        8858
        8863
        8871
        8874
        8877
        8891
        8904
        8906
        8910
        8911
        8912
        8922
        8926
        8943
        8946
        8949
        8955
        8973
        8985
        8989
        8990
