        6
        8
        18
        19
        36
        43
        44
        45
        47
        49
        58
        62
        75
        78
        84
        98
        101
        109
        121
        138
        145
        155
        163
        164
        166
        177
        182
        186
        193
        199
        202
        205
        207
        217
        232
        241
        263
        264
        267
        268
        284
        292
        295
        303
        316
        319
        321
        322
        352
        357
        361
        365
        372
        376
        388
        391
        394
        407
        414
        416
        422
        429
        450
        461
        468
        470
        474
        475
        486
        488
        507
        508
        509
        510
        530
        531
        536
        557
        565
        570
        586
        587
        591
        605
        607
        615
        625
        634
        649
        652
        658
        665
        666
        672
        682
        685
        694
        701
        703
        711
        714
        715
        729
        735
        742
        755
        775
        776
        778
        783
        785
        794
        795
        801
        804
        824
        834
        836
        844
        855
        858
        861
        877
        884
        885
        895
        897
        906
        907
        910
        916
        918
        924
        942
        953
        964
        968
        969
        974
        977
        983
        985
        990
        996
        1003
        1005
        1006
        1008
        1009
        1012
        1018
        1019
        1020
        1030
        1039
        1043
        1062
        1065
        1076
        1080
        1085
        1093
        1099
        1103
        1108
        1120
        1129
        1143
        1155
        1159
        1164
        1165
        1178
        1179
        1187
        1188
        1193
        1194
        1200
        1210
        1215
        1226
        1240
        1243
        1255
        1259
        1261
        1268
        1271
        1272
        1275
        1279
        1288
        1305
        1315
        1321
        1325
        1333
        1349
        1351
        1352
        1356
        1357
        1362
        1383
        1384
        1392
        1394
        1407
        1408
        1412
        1415
        1416
        1425
        1428
        1449
        1452
        1458
        1463
        1464
        1467
        1470
        1478
        1480
        1487
        1510
        1520
        1523
        1527
        1531
        1541
        1547
        1554
        1561
        1567
        1575
        1581
        1588
        1614
        1619
        1623
        1627
        1633
        1635
        1637
        1645
        1654
        1656
        1661
        1667
        1677
        1680
        1685
        1692
        1697
        1707
        1711
        1712
        1713
        1725
        1731
        1732
        1740
        1742
        1749
        1750
        1756
        1763
        1765
        1772
        1775
        1781
        1783
        1799
        1815
        1816
        1825
        1826
        1834
        1835
        1839
        1842
        1849
        1861
        1866
        1887
        1894
        1896
        1897
        1903
        1906
        1909
        1913
        1929
        1933
        1957
        1958
        1967
        1968
        1972
        1977
        1984
        1986
        1992
        1996
        2007
        2019
        2027
        2032
        2037
        2039
        2040
        2041
        2045
        2054
        2058
        2059
        2075
        2079
        2081
        2082
        2086
        2090
        2091
        2094
        2100
        2105
        2108
        2112
        2114
        2122
        2130
        2142
        2163
        2166
        2190
        2193
        2197
        2203
        2208
        2210
        2214
        2216
        2217
        2224
        2226
        2229
        2230
        2240
        2244
        2257
        2271
        2296
        2301
        2302
        2303
        2305
        2310
        2313
        2317
        2320
        2330
        2337
        2340
        2344
        2345
        2360
        2373
        2376
        2383
        2384
        2389
        2392
        2403
        2420
        2430
        2434
        2435
        2436
        2437
        2438
        2442
        2444
        2448
        2454
        2455
        2461
        2463
        2489
        2490
        2493
        2494
        2497
        2502
        2508
        2510
        2511
        2512
        2513
        2517
        2518
        2523
        2524
        2529
        2530
        2531
        2532
        2544
        2545
        2546
        2565
        2568
        2570
        2576
        2577
        2578
        2581
        2593
        2594
        2595
        2596
        2598
        2602
        2605
        2612
        2624
        2630
        2633
        2635
        2642
        2650
        2660
        2666
        2671
        2674
        2676
        2677
        2686
        2688
        2691
        2701
        2702
        2707
        2716
        2721
        2724
        2729
        2734
        2738
        2739
        2740
        2756
        2762
        2766
        2777
        2778
        2791
        2795
        2830
        2836
        2846
        2851
        2852
        2860
        2869
        2875
        2879
        2883
        2884
        2886
        2887
        2891
        2902
        2907
        2912
        2921
        2923
        2929
        2934
        2942
        2945
        2950
        2951
        2963
        2969
        2977
        2981
        2989
        2992
        2994
        3003
        3011
        3013
        3016
        3022
        3024
        3031
        3046
        3054
        3056
        3058
        3071
        3072
        3073
        3077
        3079
        3080
        3089
        3090
        3098
        3106
        3111
        3123
        3137
        3139
        3141
        3142
        3150
        3162
        3163
        3171
        3175
        3177
        3179
        3192
        3193
        3196
        3197
        3208
        3211
        3214
        3215
        3224
        3240
        3252
        3256
        3272
        3280
        3286
        3313
        3329
        3348
        3353
        3361
        3368
        3380
        3393
        3404
        3412
        3420
        3422
        3444
        3456
        3459
        3495
        3513
        3515
        3521
        3522
        3525
        3528
        3537
        3549
        3556
        3557
        3566
        3571
        3577
        3583
        3589
        3590
        3593
        3596
        3601
        3615
        3619
        3630
        3639
        3641
        3657
        3661
        3663
        3669
        3694
        3697
        3707
        3708
        3717
        3721
        3728
        3734
        3743
        3750
        3754
        3765
        3767
        3770
        3777
        3786
        3801
        3803
        3810
        3811
        3812
        3820
        3833
        3835
        3854
        3860
        3861
        3882
        3889
        3905
        3916
        3929
        3932
        3940
        3944
        3951
        3970
        3982
        3989
        3995
        4004
        4018
        4041
        4053
        4058
        4060
        4082
        4094
        4095
        4096
        4097
        4099
        4100
        4102
        4149
        4154
        4155
        4157
        4158
        4159
        4165
        4168
        4173
        4176
        4202
        4208
        4212
        4214
        4218
        4221
        4231
        4232
        4239
        4249
        4264
        4268
        4269
        4297
        4300
        4313
        4324
        4325
        4341
        4346
        4347
        4358
        4365
        4370
        4373
        4378
        4385
        4395
        4415
        4424
        4427
        4433
        4436
        4463
        4469
        4475
        4478
        4482
        4491
        4497
        4517
        4525
        4526
        4532
        4533
        4549
        4552
        4560
        4561
        4563
        4579
        4580
        4585
        4587
        4608
        4610
        4611
        4617
        4623
        4635
        4637
        4638
        4639
        4641
        4643
        4644
        4650
        4663
        4667
        4673
        4703
        4705
        4706
        4711
        4713
        4725
        4751
        4763
        4766
        4773
        4775
        4782
        4786
        4804
        4805
        4807
        4811
        4816
        4817
        4822
        4839
        4856
        4859
        4860
        4864
        4883
        4888
        4890
        4891
        4914
        4924
        4929
        4937
        4946
        4950
        4958
        4966
        4969
        4986
        4990
        4997
        5002
        5006
        5008
        5021
        5038
        5046
        5048
        5049
        5050
        5053
        5063
        5073
        5076
        5077
        5087
        5099
        5103
        5106
        5108
        5113
        5122
        5129
        5130
        5133
        5134
        5138
        5142
        5144
        5151
        5169
        5173
        5175
        5177
        5179
        5181
        5183
        5190
        5200
        5202
        5207
        5223
        5254
        5260
        5283
        5287
        5295
        5300
        5301
        5310
        5321
        5324
        5327
        5329
        5343
        5344
        5355
        5359
        5368
        5377
        5385
        5388
        5389
        5396
        5403
        5405
        5409
        5417
        5425
        5428
        5433
        5438
        5444
        5445
        5459
        5467
        5471
        5477
        5479
        5496
        5497
        5500
        5503
        5508
        5525
        5527
        5535
        5545
        5549
        5557
        5558
        5561
        5563
        5571
        5572
        5573
        5574
        5578
        5584
        5585
        5586
        5588
        5590
        5591
        5594
        5595
        5601
        5617
        5621
        5628
        5652
        5654
        5655
        5656
        5673
        5685
        5688
        5691
        5692
        5696
        5701
        5707
        5729
        5738
        5740
        5748
        5754
        5758
        5763
        5776
        5793
        5795
        5798
        5801
        5805
        5814
        5815
        5818
        5833
        5836
        5838
        5844
        5845
        5851
        5853
        5861
        5864
        5866
        5872
        5882
        5886
        5891
        5913
        5923
        5932
        5936
        5937
        5940
        5944
        5953
        5981
        5985
        5998
        5999
        6005
        6006
        6008
        6009
        6016
        6033
        6035
        6037
        6051
        6059
        6064
        6076
        6086
        6087
        6097
        6099
        6104
        6105
        6110
        6134
        6142
        6147
        6156
        6163
        6166
        6168
        6180
        6181
        6182
        6189
        6193
        6195
        6215
        6221
        6222
        6229
        6238
        6245
        6247
        6252
        6265
        6270
        6282
        6289
        6299
        6315
        6331
        6334
        6341
        6345
        6350
        6360
        6372
        6377
        6384
        6385
        6388
        6401
        6403
        6409
        6427
        6428
        6440
        6445
        6457
        6480
        6481
        6493
        6494
        6498
        6499
        6504
        6518
        6520
        6522
        6535
        6536
        6570
        6572
        6574
        6583
        6584
        6591
        6597
        6632
        6650
        6666
        6680
        6685
        6686
        6693
        6695
        6725
        6727
        6736
        6744
        6745
        6747
        6762
        6771
        6782
        6790
        6791
        6793
        6804
        6811
        6817
        6863
        6867
        6869
        6874
        6882
        6883
        6886
        6887
        6908
        6914
        6924
        6949
        6973
        6981
        6997
        7022
        7026
        7039
        7060
        7080
        7107
        7118
        7122
        7124
        7127
        7134
        7137
        7173
        7195
        7212
        7221
        7230
        7234
        7241
        7283
        7294
        7295
        7301
        7308
        7317
        7323
        7331
        7333
        7335
        7339
        7340
        7348
        7351
        7356
        7357
        7375
        7377
        7379
        7394
        7395
        7397
        7401
        7412
        7435
        7437
        7446
        7450
        7466
        7477
        7488
        7491
        7497
        7507
        7512
        7522
        7528
        7541
        7557
        7559
        7563
        7567
        7579
        7588
        7608
        7609
        7612
        7631
        7633
        7636
        7637
        7646
        7647
        7654
        7661
        7668
        7689
        7712
        7756
        7757
        7771
        7787
        7795
        7807
        7843
        7854
        7866
        7869
        7882
        7886
        7896
        7897
        7903
        7909
        7913
        7932
        7943
        7944
        7948
        7959
        7962
        7973
        7981
        7982
        7983
        7985
        7993
        7995
        7996
        7998
        7999
        8002
        8006
        8025
        8036
        8043
        8044
        8062
        8068
        8070
        8080
        8088
        8089
        8091
        8092
        8104
        8115
        8119
        8137
        8168
        8171
        8177
        8193
        8203
        8219
        8220
        8223
        8241
        8248
        8265
        8290
        8308
        8316
        8319
        8321
        8323
        8333
        8334
        8344
        8346
        8357
        8364
        8365
        8389
        8392
        8395
        8396
        8415
        8417
        8420
        8425
        8430
        8439
        8444
        8447
        8452
        8456
        8480
        8490
        8491
        8493
        8501
        8504
        8513
        8521
        8537
        8539
        8540
        8543
        8547
        8554
        8571
        8572
        8577
        8588
        8613
        8624
        8627
        8630
        8633
        8634
        8646
        8649
        8651
        8654
        8659
        8663
        8668
        8673
        8674
        8676
        8692
        8699
        8703
        8709
        8716
        8722
        8725
        8731
        8736
        8737
        8746
        8748
        8749
        8751
        8754
        8758
        8759
        8761
        8762
        8778
        8784
        8788
        8794
        8796
        8802
        8808
        8813
        8815
        8816
        8821
        8829
        8833
        8834
        8846
        8848
        8849
        8864
        8865
        8874
        8881
        8890
        8900
        8907
        8919
        8929
        8935
        8939
        8946
        8947
        8960
        8967
        8968
        8977
        8980
        8992
