        10
        20
        37
        73
        74
        76
        83
        91
        102
        123
        130
        140
        144
        147
        153
        155
        156
        167
        172
        173
        182
        184
        198
        199
        202
        203
        206
        208
        212
        214
        215
        221
        222
        224
        225
        232
        234
        237
        240
        245
        248
        257
        261
        265
        267
        268
        270
        271
        272
        298
        314
        322
        334
        344
        354
        360
        375
        389
        391
        394
        399
        415
        416
        427
        432
        433
        436
        437
        470
        482
        483
        489
        490
        501
        510
        516
        517
        519
        524
        525
        532
        539
        546
        547
        549
        551
        552
        556
        562
        566
        569
        571
        573
        578
        579
        581
        585
        590
        591
        596
        598
        605
        607
        608
        611
        613
        617
        618
        620
        622
        628
        638
        642
        643
        652
        653
        658
        661
        676
        679
        683
        685
        686
        700
        702
        706
        709
        710
        713
        715
        716
        726
        739
        742
        770
        776
        778
        786
        795
        797
        811
        820
        824
        831
        836
        837
        843
        895
        897
        902
        904
        906
        910
        912
        917
        919
        935
        937
        945
        959
        980
        981
        983
        987
        991
        992
        1006
        1008
        1012
        1022
        1027
        1047
        1061
        1062
        1076
        1091
        1095
        1103
        1106
        1112
        1114
        1118
        1120
        1129
        1132
        1134
        1139
        1149
        1154
        1155
        1161
        1165
        1199
        1202
        1207
        1211
        1218
        1245
        1248
        1252
        1257
        1259
        1261
        1262
        1276
        1283
        1291
        1294
        1302
        1306
        1309
        1311
        1312
        1322
        1323
        1325
        1333
        1334
        1335
        1342
        1344
        1351
        1371
        1374
        1378
        1393
        1395
        1399
        1409
        1413
        1427
        1442
        1445
        1447
        1448
        1459
        1469
        1494
        1496
        1508
        1524
        1541
        1556
        1560
        1564
        1573
        1580
        1581
        1584
        1592
        1595
        1596
        1599
        1604
        1610
        1615
        1622
        1624
        1634
        1644
        1646
        1649
        1650
        1651
        1652
        1656
        1660
        1664
        1676
        1682
        1689
        1693
        1698
        1700
        1709
        1710
        1718
        1724
        1727
        1728
        1730
        1733
        1741
        1743
        1760
        1765
        1778
        1784
        1786
        1788
        1798
        1804
        1808
        1811
        1823
        1828
        1839
        1844
        1860
        1869
        1878
        1885
        1892
        1897
        1904
        1905
        1915
        1920
        1926
        1933
        1935
        1940
        1942
        1947
        1950
        1954
        1964
        1969
        1970
        1971
        1972
        1978
        1982
        1994
        1996
        2004
        2020
        2022
        2027
        2028
        2029
        2033
        2051
        2052
        2053
        2060
        2064
        2067
        2081
        2083
        2085
        2086
        2089
        2090
        2092
        2093
        2104
        2107
        2108
        2110
        2113
        2115
        2128
        2132
        2133
        2146
        2147
        2150
        2152
        2156
        2159
        2164
        2168
        2174
        2175
        2181
        2182
        2187
        2188
        2191
        2196
        2198
        2202
        2211
        2212
        2213
        2218
        2221
        2223
        2224
        2225
        2231
        2232
        2235
        2238
        2240
        2243
        2251
        2255
        2257
        2260
        2262
        2269
        2277
        2282
        2288
        2292
        2297
        2299
        2301
        2303
        2304
        2306
        2310
        2311
        2312
        2314
        2319
        2320
        2321
        2322
        2326
        2327
        2328
        2331
        2343
        2344
        2351
        2352
        2353
        2361
        2364
        2369
        2370
        2372
        2376
        2379
        2385
        2388
        2395
        2399
        2405
        2411
        2420
        2429
        2437
        2442
        2443
        2445
        2459
        2469
        2472
        2473
        2481
        2484
        2487
        2489
        2496
        2503
        2504
        2508
        2512
        2517
        2519
        2520
        2521
        2522
        2528
        2530
        2539
        2540
        2544
        2549
        2554
        2566
        2568
        2571
        2575
        2578
        2581
        2595
        2602
        2605
        2623
        2627
        2628
        2632
        2641
        2644
        2648
        2652
        2656
        2677
        2678
        2694
        2710
        2715
        2722
        2725
        2729
        2738
        2739
        2742
        2745
        2751
        2754
        2763
        2765
        2766
        2767
        2770
        2776
        2779
        2787
        2789
        2790
        2798
        2802
        2806
        2812
        2825
        2832
        2833
        2845
        2848
        2850
        2852
        2854
        2857
        2864
        2867
        2868
        2873
        2883
        2888
        2890
        2891
        2896
        2900
        2904
        2907
        2911
        2915
        2917
        2920
        2921
        2933
        2934
        2948
        2949
        2953
        2958
        2960
        2982
        2986
        2987
        2989
        2999
        3010
        3012
        3014
        3015
        3016
        3019
        3023
        3026
        3030
        3033
        3035
        3037
        3041
        3047
        3049
        3051
        3053
        3054
        3057
        3060
        3066
        3067
        3088
        3096
        3099
        3103
        3115
        3120
        3125
        3126
        3130
        3133
        3140
        3141
        3144
        3146
        3150
        3151
        3156
        3157
        3166
        3170
        3171
        3183
        3193
        3197
        3202
        3206
        3212
        3213
        3216
        3218
        3229
        3230
        3231
        3239
        3241
        3242
        3251
        3254
        3257
        3262
        3293
        3304
        3305
        3312
        3316
        3317
        3326
        3335
        3344
        3345
        3347
        3350
        3353
        3356
        3373
        3376
        3378
        3380
        3381
        3383
        3386
        3397
        3413
        3420
        3422
        3423
        3440
        3443
        3446
        3447
        3453
        3464
        3472
        3479
        3492
        3497
        3507
        3510
        3511
        3519
        3522
        3534
        3535
        3568
        3573
        3580
        3584
        3599
        3600
        3606
        3607
        3608
        3609
        3615
        3621
        3627
        3632
        3635
        3637
        3642
        3647
        3660
        3665
        3681
        3695
        3696
        3699
        3704
        3717
        3724
        3725
        3727
        3728
        3733
        3734
        3740
        3742
        3743
        3744
        3745
        3760
        3766
        3769
        3771
        3773
        3788
        3801
        3802
        3813
        3842
        3847
        3850
        3853
        3854
        3857
        3863
        3865
        3876
        3884
        3892
        3897
        3899
        3901
        3904
        3910
        3915
        3919
        3920
        3940
        3944
        3945
        3952
        3956
        3963
        3964
        3968
        3970
        3971
        3975
        3990
        3996
        4002
        4023
        4025
        4026
        4032
        4034
        4035
        4045
        4058
        4067
        4069
        4074
        4082
        4090
        4091
        4092
        4095
        4099
        4114
        4115
        4119
        4121
        4125
        4138
        4144
        4162
        4168
        4179
        4180
        4192
        4201
        4202
        4208
        4213
        4215
        4218
        4223
        4224
        4232
        4241
        4249
        4282
        4289
        4290
        4304
        4310
        4311
        4318
        4361
        4363
        4369
        4374
        4385
        4399
        4402
        4403
        4412
        4418
        4430
        4431
        4434
        4436
        4438
        4454
        4459
        4489
        4491
        4494
        4508
        4509
        4513
        4517
        4518
        4520
        4538
        4546
        4548
        4555
        4564
        4567
        4569
        4570
        4571
        4572
        4578
        4586
        4592
        4599
        4616
        4620
        4634
        4649
        4660
        4662
        4675
        4676
        4677
        4680
        4681
        4682
        4689
        4691
        4699
        4703
        4705
        4712
        4713
        4720
        4721
        4722
        4723
        4730
        4732
        4741
        4755
        4762
        4768
        4774
        4779
        4782
        4790
        4798
        4802
        4805
        4809
        4816
        4819
        4826
        4839
        4846
        4850
        4856
        4858
        4859
        4866
        4868
        4871
        4875
        4879
        4888
        4893
        4894
        4901
        4908
        4923
        4924
        4925
        4926
        4933
        4942
        4951
        4960
        4963
        4964
        4966
        4968
        4974
        4991
        4996
        4997
        5008
        5009
        5011
        5018
        5021
        5022
        5028
        5029
        5031
        5042
        5049
        5053
        5056
        5060
        5061
        5066
        5071
        5073
        5078
        5079
        5082
        5083
        5084
        5090
        5095
        5096
        5105
        5108
        5115
        5125
        5130
        5131
        5148
        5149
        5154
        5157
        5163
        5165
        5169
        5172
        5186
        5190
        5192
        5196
        5201
        5207
        5211
        5216
        5220
        5228
        5230
        5242
        5245
        5253
        5273
        5274
        5276
        5285
        5289
        5300
        5304
        5310
        5319
        5327
        5328
        5329
        5332
        5334
        5335
        5342
        5345
        5347
        5350
        5357
        5362
        5372
        5377
        5379
        5402
        5408
        5414
        5415
        5416
        5419
        5431
        5436
        5437
        5446
        5447
        5448
        5454
        5455
        5456
        5458
        5486
        5490
        5494
        5496
        5505
        5507
        5514
        5519
        5520
        5524
        5533
        5545
        5553
        5559
        5561
        5563
        5565
        5575
        5580
        5584
        5587
        5588
        5590
        5592
        5605
        5616
        5618
        5621
        5633
        5644
        5646
        5651
        5661
        5671
        5686
        5691
        5695
        5698
        5701
        5704
        5714
        5726
        5739
        5744
        5752
        5753
        5758
        5761
        5771
        5773
        5785
        5788
        5792
        5794
        5796
        5798
        5809
        5813
        5814
        5820
        5824
        5829
        5835
        5836
        5841
        5855
        5856
        5858
        5862
        5869
        5877
        5885
        5888
        5899
        5900
        5903
        5904
        5913
        5929
        5940
        5943
        5949
        5951
        5955
        5957
        5959
        5960
        5966
        5971
        5975
        5977
        5978
        5995
        6000
        6006
        6011
        6012
        6014
        6019
        6025
        6033
        6035
        6036
        6037
        6039
        6044
        6053
        6058
        6059
        6066
        6067
        6073
        6103
        6104
        6124
        6127
        6134
        6137
        6146
        6153
        6161
        6162
        6164
        6174
        6178
        6180
        6189
        6204
        6210
        6212
        6215
        6219
        6232
        6237
        6264
        6270
        6271
        6273
        6281
        6295
        6298
        6309
        6327
        6342
        6377
        6389
        6390
        6407
        6421
        6424
        6438
        6439
        6459
        6460
        6488
        6499
        6503
        6508
        6526
        6534
        6535
        6538
        6539
        6540
        6542
        6544
        6545
        6563
        6565
        6569
        6574
        6585
        6610
        6625
        6636
        6639
        6640
        6654
        6657
        6679
        6689
        6696
        6700
        6708
        6719
        6720
        6721
        6722
        6723
        6726
        6727
        6728
        6730
        6748
        6750
        6759
        6767
        6770
        6773
        6774
        6777
        6778
        6792
        6793
        6803
        6810
        6814
        6821
        6824
        6829
        6840
        6842
        6850
        6851
        6853
        6855
        6858
        6860
        6864
        6867
        6872
        6875
        6890
        6894
        6904
        6914
        6919
        6939
        6941
        6944
        6957
        6961
        6962
        6970
        6972
        6990
        6999
        7015
        7026
        7032
        7052
        7053
        7055
        7078
        7079
        7084
        7087
        7089
        7090
        7114
        7130
        7140
        7142
        7147
        7180
        7188
        7200
        7208
        7213
        7221
        7223
        7229
        7249
        7250
        7251
        7255
        7259
        7279
        7286
        7296
        7299
        7304
        7307
        7309
        7316
        7327
        7329
        7336
        7338
        7346
        7351
        7357
        7371
        7372
        7375
        7381
        7386
        7391
        7445
        7462
        7467
        7471
        7477
        7478
        7480
        7493
        7494
        7505
        7509
        7510
        7526
        7541
        7547
        7558
        7568
        7578
        7581
        7583
        7586
        7605
        7622
        7639
        7642
        7648
        7655
        7661
        7666
        7667
        7669
        7675
        7685
        7686
        7690
        7701
        7713
        7714
        7718
        7728
        7741
        7746
        7750
        7757
        7758
        7766
        7773
        7780
        7785
        7791
        7794
        7823
        7829
        7833
        7838
        7840
        7846
        7854
        7858
        7862
        7871
        7875
        7876
        7879
        7909
        7935
        7941
        7950
        7957
        7965
        7990
        8000
        8022
        8029
        8037
        8044
        8057
        8069
        8071
        8078
        8091
        8093
        8094
        8096
        8107
        8119
        8125
        8126
        8133
        8134
        8176
        8180
        8182
        8198
        8199
        8220
        8221
        8243
        8246
        8258
        8266
        8268
        8271
        8276
        8291
        8305
        8348
        8356
        8368
        8370
        8380
        8394
        8403
        8412
        8434
        8449
        8452
        8469
        8477
        8480
        8496
        8520
        8522
        8561
        8576
        8577
        8582
        8588
        8596
        8645
        8653
        8660
        8673
        8678
        8708
        8744
        8745
        8746
        8765
        8789
        8794
        8795
        8796
        8801
        8842
        8850
        8853
        8861
        8885
        8903
        8905
        8908
        8912
        8918
        8924
        8925
        8945
        8946
        8961
        8981
        8984
        8993
