        1
        6
        7
        13
        22
        36
        55
        73
        77
        85
        87
        92
        94
        104
        113
        115
        116
        120
        137
        158
        166
        168
        180
        184
        189
        191
        195
        206
        212
        217
        220
        224
        226
        228
        233
        235
        252
        280
        285
        297
        304
        318
        323
        333
        339
        343
        357
        364
        370
        381
        400
        408
        417
        442
        451
        483
        491
        494
        497
        501
        522
        526
        529
        532
        541
        544
        565
        569
        577
        597
        613
        616
        679
        693
        710
        741
        757
        762
        771
        789
        804
        843
        867
        883
        903
        953
        960
        1071
        1085
        1086
        1107
        1122
        1125
        1126
        1135
        1170
        1173
        1209
        1224
        1227
        1230
        1242
        1245
        1251
        1270
        1282
        1291
        1326
        1329
        1340
        1374
        1390
        1404
        1407
        1428
        1470
        1486
        1493
        1549
        1553
        1575
        1588
        1600
        1603
        1604
        1606
        1615
        1616
        1618
        1621
        1639
        1647
        1648
        1656
        1659
        1664
        1675
        1677
        1683
        1692
        1703
        1708
        1722
        1723
        1731
        1733
        1740
        1762
        1769
        1789
        1790
        1793
        1798
        1799
        1820
        1836
        1843
        1849
        1851
        1864
        1882
        1891
        1893
        1896
        1897
        1901
        1910
        1911
        1918
        1922
        1924
        1926
        1936
        1937
        1938
        1940
        1952
        1962
        1974
        1976
        1980
        1981
        1986
        1990
        1996
        1997
        1998
        1999
        2006
        2011
        2040
        2045
        2062
        2065
        2071
        2079
        2084
        2088
        2090
        2091
        2094
        2106
        2111
        2116
        2117
        2119
        2124
        2137
        2167
        2172
        2177
        2178
        2181
        2189
        2191
        2194
        2206
        2209
        2210
        2218
        2222
        2228
        2231
        2241
        2243
        2246
        2259
        2272
        2275
        2280
        2281
        2292
        2305
        2308
        2351
        2356
        2363
        2364
        2372
        2381
        2388
        2407
        2415
        2423
        2440
        2441
        2446
        2452
        2453
        2457
        2465
        2495
        2499
        2500
        2503
        2533
        2545
        2546
        2557
        2578
        2579
        2600
        2631
        2652
        2662
        2685
        2717
        2726
        2743
        2751
        2760
        2763
        2764
        2777
        2783
        2786
        2803
        2829
        2884
        2901
        2945
        2946
        2949
        3021
        3023
        3030
        3066
        3077
        3087
        3109
        3150
        3181
        3199
        3201
        3207
        3236
        3239
        3250
        3256
        3293
        3314
        3328
        3334
        3335
        3337
        3345
        3358
        3364
        3385
        3393
        3403
        3404
        3410
        3427
        3431
        3443
        3448
        3461
        3474
        3477
        3496
        3502
        3513
        3516
        3525
        3536
        3538
        3544
        3552
        3553
        3556
        3559
        3577
        3579
        3583
        3595
        3602
        3610
        3614
        3625
        3627
        3631
        3641
        3642
        3652
        3679
        3687
        3691
        3704
        3706
        3707
        3709
        3715
        3721
        3723
        3725
        3726
        3732
        3739
        3748
        3752
        3758
        3761
        3762
        3764
        3766
        3767
        3774
        3777
        3784
        3785
        3790
        3795
        3800
        3804
        3805
        3810
        3813
        3816
        3817
        3821
        3822
        3830
        3832
        3834
        3836
        3837
        3838
        3840
        3849
        3854
        3858
        3862
        3863
        3864
        3870
        3872
        3878
        3880
        3893
        3900
        3905
        3907
        3910
        3914
        3921
        3925
        3936
        3950
        3951
        3969
        3977
        3983
        3996
        4001
        4002
        4043
        4047
        4057
        4061
        4073
        4085
        4109
        4122
        4134
        4135
        4146
        4155
        4158
        4159
        4176
        4185
        4209
        4214
        4226
        4230
        4233
        4234
        4256
        4260
        4271
        4282
        4296
        4311
        4314
        4323
        4325
        4343
        4360
        4366
        4379
        4381
        4386
        4389
        4403
        4419
        4424
        4445
        4452
        4453
        4474
        4482
        4484
        4499
        4512
        4525
        4530
        4534
        4540
        4555
        4565
        4568
        4574
        4583
        4587
        4592
        4616
        4624
        4630
        4631
        4634
        4637
        4646
        4647
        4648
        4682
        4691
        4692
        4695
        4705
        4723
        4725
        4727
        4731
        4734
        4740
        4743
        4757
        4765
        4768
        4774
        4790
        4791
        4796
        4808
        4811
        4817
        4835
        4836
        4847
        4866
        4877
        4885
        4889
        4904
        4940
        4945
        4950
        4952
        4956
        4958
        4964
        4973
        4978
        4981
        4988
        4989
        4992
        4999
        5000
        5023
        5026
        5033
        5035
        5036
        5037
        5041
        5058
        5068
        5073
        5077
        5098
        5104
        5116
        5128
        5135
        5157
        5169
        5170
        5181
        5186
        5187
        5193
        5202
        5210
        5219
        5227
        5247
        5269
        5286
        5288
        5308
        5310
        5314
        5315
        5324
        5333
        5345
        5358
        5366
        5405
        5427
        5432
        5438
        5450
        5461
        5464
        5468
        5469
        5472
        5480
        5481
        5506
        5543
        5546
        5566
        5575
        5584
        5588
        5597
        5612
        5625
        5659
        5665
        5667
        5681
        5698
        5711
        5712
        5717
        5739
        5751
        5774
        5775
        5784
        5789
        5802
        5821
        5827
        5835
        5852
        5877
        5939
        5952
        5962
        5969
        5996
        6075
        6087
        6116
        6126
        6141
        6152
        6164
        6166
        6188
        6196
        6205
        6207
        6210
        6263
        6272
        6331
        6335
        6362
        6373
        6385
        6392
        6421
        6435
        6455
        6469
        6554
        6571
        6586
        6612
        6622
        6625
        6627
        6641
        6653
        6656
        6759
        6766
        6789
        6841
        6846
        6861
        6873
        6880
        6938
        6981
        6991
        7005
        7029
        7046
        7048
        7049
        7058
        7104
        7106
        7150
        7154
        7176
        7184
        7192
        7229
        7248
        7351
        7358
        7372
        7409
        7433
        7434
        7471
        7534
        7545
        7547
        7548
        7554
        7555
        7577
        7581
        7584
        7585
        7638
        7639
        7645
        7660
        7714
        7749
        7786
        7803
        7808
        7811
        7815
        7822
        7835
        7862
        7876
        7877
        7896
        7905
        7918
        7938
        7980
        7995
        7998
        8007
        8008
        8012
        8022
        8043
        8079
        8102
        8105
        8116
        8122
        8142
        8146
        8154
        8162
        8183
        8200
        8213
        8225
        8227
        8244
        8284
        8291
        8297
        8303
        8317
        8368
        8369
        8413
        8417
        8430
        8432
        8437
        8450
        8458
        8474
        8521
        8528
        8555
        8582
        8613
        8617
        8619
        8626
        8652
        8665
        8697
        8700
        8717
        8725
        8754
        8759
        8772
        8774
        8775
        8786
        8797
        8829
        8830
        8834
        8851
        8871
        8879
        8886
        8897
        8900
        8903
        8919
        8931
        8934
        8951
        8973
        8988
