        17
        29
        31
        44
        53
        68
        69
        87
        101
        110
        111
        113
        122
        127
        136
        169
        170
        172
        197
        202
        210
        211
        221
        232
        244
        245
        251
        253
        254
        259
        261
        263
        285
        293
        296
        299
        300
        301
        309
        310
        312
        315
        323
        332
        334
        354
        357
        358
        359
        361
        366
        374
        375
        388
        389
        398
        404
        408
        417
        422
        425
        426
        429
        440
        441
        443
        446
        449
        460
        462
        469
        475
        487
        492
        494
        522
        523
        531
        555
        562
        568
        595
        598
        599
        678
        753
        820
        822
        830
        840
        841
        844
        845
        852
        853
        857
        861
        862
        864
        867
        871
        873
        875
        885
        891
        892
        894
        896
        899
        903
        910
        911
        914
        919
        923
        926
        934
        935
        936
        942
        945
        951
        954
        955
        956
        957
        959
        965
        969
        970
        976
        977
        994
        995
        999
        1012
        1013
        1020
        1025
        1030
        1034
        1041
        1042
        1049
        1095
        1116
        1127
        1129
        1159
        1160
        1169
        1177
        1179
        1183
        1184
        1187
        1210
        1219
        1228
        1233
        1236
        1237
        1264
        1267
        1279
        1285
        1296
        1300
        1326
        1331
        1339
        1370
        1373
        1374
        1400
        1404
        1412
        1422
        1423
        1426
        1439
        1493
        1495
        1496
        1513
        1515
        1534
        1553
        1574
        1595
        1606
        1621
        1627
        1632
        1637
        1643
        1645
        1655
        1669
        1676
        1685
        1693
        1699
        1713
        1744
        1747
        1776
        1784
        1789
        1819
        1825
        1826
        1834
        1837
        1839
        1841
        1845
        1887
        1904
        1905
        1924
        1928
        1944
        1946
        1973
        1994
        2004
        2007
        2010
        2014
        2029
        2051
        2070
        2086
        2093
        2126
        2131
        2140
        2142
        2150
        2154
        2179
        2185
        2194
        2195
        2199
        2203
        2218
        2219
        2220
        2227
        2229
        2240
        2250
        2253
        2266
        2268
        2273
        2277
        2290
        2299
        2300
        2302
        2304
        2318
        2327
        2329
        2332
        2336
        2338
        2345
        2356
        2360
        2374
        2383
        2387
        2388
        2398
        2408
        2412
        2422
        2423
        2432
        2450
        2471
        2475
        2477
        2478
        2485
        2487
        2499
        2505
        2507
        2517
        2550
        2552
        2562
        2573
        2583
        2596
        2614
        2617
        2627
        2634
        2642
        2643
        2644
        2650
        2658
        2668
        2673
        2678
        2682
        2689
        2690
        2693
        2696
        2705
        2706
        2708
        2715
        2717
        2724
        2734
        2745
        2746
        2748
        2749
        2754
        2792
        2798
        2824
        2838
        2846
        2862
        2893
        2894
        2898
        2907
        2910
        2936
        2950
        2954
        2959
        2964
        2978
        2991
        3011
        3013
        3035
        3043
        3063
        3082
        3088
        3098
        3118
        3130
        3136
        3141
        3169
        3181
        3185
        3199
        3200
        3201
        3203
        3205
        3206
        3211
        3212
        3215
        3245
        3249
        3327
        3377
        3383
        3397
        3407
        3431
        3443
        3449
        3467
        3485
        3491
        3494
        3518
        3544
        3559
        3566
        3584
        3586
        3589
        3601
        3605
        3620
        3637
        3638
        3648
        3681
        3684
        3697
        3713
        3715
        3721
        3738
        3741
        3745
        3762
        3766
        3771
        3777
        3789
        3793
        3796
        3806
        3816
        3825
        3829
        3842
        3845
        3850
        3852
        3862
        3873
        3877
        3927
        3928
        3949
        3964
        4024
        4070
        4074
        4111
        4112
        4139
        4143
        4173
        4212
        4214
        4230
        4247
        4262
        4267
        4275
        4285
        4321
        4346
        4360
        4411
        4412
        4416
        4429
        4461
        4465
        4487
        4489
        4499
        4513
        4519
        4540
        4541
        4546
        4547
        4553
        4559
        4571
        4573
        4579
        4586
        4592
        4597
        4600
        4604
        4619
        4633
        4636
        4639
        4642
        4648
        4653
        4657
        4684
        4699
        4710
        4722
        4729
        4753
        4772
        4783
        4790
        4798
        4813
        4828
        4851
        4872
        4874
        4887
        4913
        4930
        4936
        4958
        4962
        4972
        5013
        5015
        5023
        5039
        5046
        5059
        5067
        5084
        5087
        5096
        5103
        5109
        5118
        5122
        5125
        5128
        5143
        5169
        5170
        5177
        5183
        5192
        5201
        5203
        5208
        5214
        5245
        5248
        5255
        5271
        5285
        5288
        5296
        5298
        5316
        5319
        5331
        5336
        5345
        5354
        5358
        5361
        5373
        5378
        5389
        5409
        5442
        5472
        5493
        5499
        5512
        5539
        5548
        5556
        5572
        5578
        5621
        5634
        5647
        5650
        5667
        5692
        5693
        5696
        5710
        5713
        5718
        5723
        5747
        5748
        5760
        5769
        5771
        5777
        5781
        5804
        5862
        5870
        5874
        5878
        5884
        5926
        5934
        5937
        5960
        5981
        5987
        5991
        5995
        5998
        6016
        6020
        6035
        6068
        6076
        6082
        6088
        6102
        6107
        6111
        6169
        6175
        6193
        6204
        6223
        6251
        6259
        6264
        6272
        6308
        6316
        6320
        6362
        6371
        6376
        6418
        6423
        6525
        6571
        6578
        6596
        6625
        6644
        6653
        6656
        6669
        6681
        6682
        6713
        6723
        6727
        6743
        6755
        6766
        6771
        6778
        6784
        6797
        6811
        6814
        6849
        6895
        6915
        6941
        6960
        6964
        6967
        6973
        6981
        6982
        6989
        7016
        7071
        7090
        7092
        7104
        7125
        7138
        7148
        7170
        7219
        7221
        7227
        7239
        7240
        7256
        7257
        7258
        7324
        7343
        7351
        7359
        7418
        7531
        7550
        7582
        7676
        7700
        7734
        7736
        7753
        7779
        7848
        7881
        7882
        7918
        7920
        7935
        7946
        7981
        7992
        8071
        8078
        8112
        8115
        8119
        8126
        8175
        8198
        8235
        8241
        8260
        8291
        8312
        8341
        8381
        8384
        8404
        8413
        8419
        8433
        8437
        8444
        8446
        8451
        8486
        8503
        8514
        8576
        8596
        8603
        8607
        8615
        8621
        8627
        8634
        8635
        8637
        8645
        8647
        8660
        8665
        8710
        8735
        8743
        8745
        8746
        8753
        8759
        8764
        8765
        8766
        8777
        8803
        8832
        8838
        8849
        8852
        8860
        8867
        8891
        8942
        8944
        8970
        8991
