        4
        5
        14
        15
        16
        17
        31
        34
        35
        43
        47
        78
        84
        101
        120
        123
        128
        135
        140
        146
        164
        185
        189
        192
        195
        200
        213
        215
        242
        269
        291
        292
        298
        319
        322
        384
        385
        422
        449
        478
        479
        480
        481
        482
        489
        493
        503
        506
        510
        512
        518
        520
        522
        527
        530
        535
        539
        554
        571
        574
        579
        589
        597
        601
        607
        614
        616
        625
        628
        635
        652
        661
        674
        682
        693
        694
        695
        698
        703
        712
        714
        723
        733
        749
        755
        757
        769
        775
        777
        787
        789
        791
        799
        801
        803
        808
        829
        838
        902
        912
        928
        933
        947
        966
        973
        976
        984
        1000
        1018
        1025
        1029
        1035
        1036
        1040
        1057
        1062
        1067
        1078
        1086
        1091
        1093
        1094
        1097
        1127
        1137
        1199
        1203
        1225
        1249
        1260
        1308
        1320
        1325
        1353
        1371
        1375
        1402
        1429
        1455
        1464
        1482
        1512
        1568
        1580
        1606
        1612
        1638
        1672
        1674
        1724
        1761
        1792
        1797
        1816
        1822
        1883
        1912
        1927
        1965
        1982
        1985
        1997
        2006
        2113
        2142
        2144
        2186
        2188
        2219
        2224
        2230
        2246
        2251
        2270
        2281
        2288
        2305
        2319
        2329
        2383
        2421
        2435
        2460
        2479
        2484
        2490
        2491
        2500
        2529
        2538
        2579
        2588
        2593
        2611
        2633
        2652
        2663
        2668
        2679
        2778
        2786
        2806
        2837
        2840
        2841
        2847
        2860
        2873
        2893
        2899
        2919
        2945
        2956
        2987
        2993
        3001
        3008
        3024
        3108
        3144
        3170
        3174
        3207
        3212
        3232
        3235
        3246
        3251
        3256
        3258
        3268
        3300
        3320
        3348
        3351
        3388
        3412
        3418
        3436
        3456
        3492
        3500
        3504
        3512
        3526
        3533
        3547
        3553
        3562
        3563
        3609
        3640
        3652
        3685
        3692
        3693
        3696
        3709
        3736
        3743
        3758
        3790
        3817
        3852
        3870
        3931
        3933
        3938
        3959
        3966
        3967
        3980
        3997
        4009
        4024
        4028
        4033
        4049
        4050
        4063
        4081
        4118
        4120
        4132
        4144
        4153
        4156
        4166
        4175
        4195
        4206
        4213
        4214
        4220
        4221
        4223
        4234
        4240
        4258
        4259
        4274
        4293
        4301
        4305
        4323
        4339
        4348
        4353
        4370
        4378
        4383
        4407
        4409
        4422
        4447
        4451
        4470
        4471
        4473
        4483
        4485
        4488
        4492
        4496
        4518
        4531
        4542
        4543
        4553
        4556
        4566
        4567
        4575
        4585
        4592
        4603
        4612
        4616
        4618
        4619
        4623
        4628
        4630
        4631
        4643
        4645
        4647
        4659
        4661
        4667
        4670
        4675
        4677
        4679
        4681
        4686
        4689
        4693
        4708
        4721
        4722
        4727
        4736
        4738
        4750
        4753
        4761
        4769
        4775
        4780
        4781
        4784
        4788
        4793
        4794
        4798
        4807
        4812
        4813
        4815
        4835
        4838
        4842
        4850
        4853
        4860
        4864
        4868
        4875
        4878
        4882
        4892
        4897
        4907
        4915
        4925
        4934
        4940
        4948
        4954
        4962
        4971
        4978
        4988
        5001
        5017
        5021
        5026
        5032
        5035
        5046
        5063
        5090
        5104
        5107
        5121
        5128
        5142
        5148
        5152
        5165
        5169
        5171
        5185
        5217
        5227
        5232
        5234
        5246
        5258
        5268
        5296
        5314
        5318
        5336
        5341
        5348
        5352
        5354
        5360
        5382
        5386
        5390
        5407
        5416
        5421
        5428
        5429
        5430
        5439
        5444
        5445
        5454
        5464
        5496
        5539
        5541
        5573
        5600
        5611
        5612
        5614
        5625
        5655
        5660
        5664
        5700
        5729
        5746
        5748
        5757
        5759
        5779
        5785
        5787
        5804
        5816
        5819
        5833
        5869
        5902
        5950
        5957
        5965
        5973
        5976
        5992
        5999
        6017
        6039
        6069
        6075
        6092
        6096
        6112
        6120
        6126
        6136
        6177
        6189
        6212
        6247
        6281
        6291
        6322
        6323
        6340
        6343
        6344
        6350
        6371
        6389
        6454
        6471
        6481
        6484
        6488
        6489
        6494
        6499
        6510
        6539
        6554
        6557
        6583
        6586
        6588
        6591
        6593
        6620
        6626
        6631
        6638
        6643
        6645
        6662
        6668
        6672
        6698
        6701
        6728
        6733
        6741
        6754
        6764
        6770
        6779
        6785
        6799
        6809
        6811
        6818
        6825
        6827
        6833
        6834
        6839
        6858
        6863
        6871
        6873
        6883
        6891
        6911
        6912
        6913
        6915
        6921
        6927
        6940
        6942
        6950
        6958
        6964
        6980
        6987
        6994
        6998
        7006
        7018
        7024
        7029
        7041
        7044
        7062
        7069
        7084
        7085
        7098
        7100
        7131
        7138
        7158
        7169
        7183
        7195
        7208
        7214
        7215
        7218
        7224
        7228
        7236
        7255
        7274
        7277
        7285
        7296
        7307
        7310
        7332
        7340
        7342
        7346
        7366
        7369
        7378
        7381
        7386
        7394
        7403
        7407
        7418
        7431
        7448
        7460
        7466
        7468
        7478
        7481
        7489
        7518
        7519
        7521
        7522
        7532
        7548
        7552
        7555
        7559
        7562
        7565
        7580
        7613
        7628
        7630
        7669
        7685
        7693
        7695
        7699
        7715
        7732
        7739
        7752
        7756
        7759
        7773
        7778
        7779
        7786
        7788
        7790
        7795
        7798
        7802
        7810
        7816
        7830
        7831
        7833
        7842
        7847
        7862
        7867
        7876
        7896
        7905
        7914
        7922
        7929
        7930
        7934
        7939
        7942
        7944
        7947
        7958
        7965
        7978
        7980
        7989
        7993
        8018
        8028
        8032
        8060
        8063
        8071
        8072
        8076
        8098
        8109
        8117
        8166
        8170
        8189
        8205
        8237
        8240
        8251
        8263
        8274
        8295
        8302
        8321
        8337
        8347
        8374
        8439
        8441
        8463
        8493
        8503
        8534
        8568
        8577
        8605
        8608
        8613
        8667
        8676
        8689
        8700
        8717
        8723
        8730
        8736
        8739
        8742
        8762
        8774
        8775
        8776
        8792
        8796
        8797
        8835
        8843
        8856
        8871
        8877
        8887
        8901
        8928
        8954
        8956
        8974
