        80
        86
        113
        122
        126
        132
        133
        139
        143
        150
        151
        158
        160
        171
        190
        191
        192
        193
        199
        206
        208
        213
        271
        287
        296
        303
        363
        366
        383
        425
        438
        505
        559
        561
        564
        571
        579
        585
        603
        614
        638
        674
        678
        683
        687
        747
        772
        781
        782
        793
        794
        813
        842
        843
        849
        852
        881
        899
        918
        922
        948
        955
        962
        990
        997
        1003
        1007
        1014
        1022
        1025
        1033
        1038
        1039
        1053
        1065
        1076
        1082
        1089
        1101
        1117
        1121
        1131
        1139
        1174
        1197
        1204
        1215
        1220
        1234
        1252
        1254
        1260
        1275
        1276
        1280
        1289
        1309
        1316
        1320
        1322
        1324
        1325
        1328
        1333
        1355
        1368
        1373
        1375
        1382
        1384
        1391
        1394
        1426
        1431
        1432
        1437
        1449
        1454
        1457
        1460
        1462
        1471
        1473
        1474
        1475
        1476
        1491
        1501
        1519
        1523
        1524
        1527
        1531
        1536
        1539
        1542
        1544
        1548
        1562
        1571
        1578
        1581
        1584
        1610
        1617
        1636
        1674
        1676
        1682
        1684
        1692
        1718
        1721
        1736
        1755
        1762
        1764
        1769
        1771
        1778
        1784
        1795
        1801
        1808
        1812
        1830
        1851
        1855
        1870
        1872
        1882
        1908
        1913
        1926
        1928
        1935
        1971
        1980
        1989
        2008
        2013
        2016
        2018
        2029
        2038
        2050
        2059
        2065
        2068
        2070
        2079
        2090
        2096
        2099
        2100
        2105
        2118
        2120
        2125
        2128
        2134
        2148
        2155
        2158
        2159
        2162
        2175
        2194
        2203
        2208
        2218
        2220
        2224
        2227
        2272
        2300
        2305
        2308
        2313
        2320
        2344
        2349
        2418
        2431
        2436
        2442
        2460
        2526
        2528
        2547
        2550
        2585
        2587
        2589
        2626
        2652
        2677
        2686
        2698
        2709
        2719
        2728
        2751
        2769
        2774
        2779
        2793
        2818
        2844
        2857
        2858
        2870
        2877
        2882
        2891
        2893
        2905
        2913
        2920
        2927
        2932
        2941
        2948
        2952
        2967
        2985
        2990
        3005
        3055
        3063
        3069
        3080
        3083
        3086
        3101
        3116
        3123
        3130
        3141
        3154
        3179
        3196
        3197
        3219
        3253
        3293
        3324
        3330
        3358
        3374
        3379
        3389
        3392
        3429
        3436
        3443
        3446
        3459
        3465
        3471
        3486
        3493
        3494
        3497
        3519
        3546
        3554
        3558
        3563
        3580
        3590
        3597
        3604
        3630
        3648
        3696
        3722
        3735
        3747
        3752
        3757
        3765
        3787
        3790
        3812
        3828
        3829
        3834
        3844
        3847
        3852
        3859
        3868
        3874
        3881
        3927
        3940
        3945
        3947
        3986
        3992
        4011
        4019
        4038
        4042
        4054
        4070
        4077
        4089
        4098
        4105
        4108
        4127
        4152
        4186
        4192
        4202
        4208
        4235
        4253
        4260
        4271
        4278
        4283
        4293
        4329
        4332
        4350
        4352
        4355
        4356
        4379
        4390
        4399
        4403
        4409
        4422
        4442
        4461
        4469
        4484
        4489
        4493
        4502
        4505
        4510
        4550
        4554
        4581
        4598
        4603
        4617
        4622
        4679
        4680
        4693
        4698
        4704
        4706
        4711
        4737
        4758
        4795
        4800
        4807
        4809
        4819
        4845
        4849
        4858
        4859
        4860
        4881
        4885
        4919
        4976
        4993
        5026
        5034
        5036
        5045
        5046
        5080
        5108
        5112
        5140
        5160
        5169
        5176
        5276
        5338
        5343
        5358
        5370
        5414
        5425
        5449
        5454
        5460
        5487
        5498
        5527
        5540
        5545
        5563
        5566
        5572
        5583
        5596
        5606
        5658
        5686
        5691
        5705
        5706
        5727
        5762
        5777
        5788
        5796
        5824
        5832
        5833
        5834
        5836
        5849
        5866
        5879
        5910
        5931
        5946
        5954
        5956
        5970
        5997
        5998
        6022
        6025
        6030
        6040
        6057
        6064
        6081
        6082
        6097
        6105
        6123
        6131
        6148
        6168
        6192
        6206
        6209
        6216
        6226
        6236
        6263
        6280
        6283
        6288
        6293
        6299
        6306
        6311
        6315
        6334
        6336
        6337
        6374
        6388
        6398
        6411
        6429
        6444
        6454
        6467
        6489
        6500
        6517
        6538
        6554
        6556
        6557
        6580
        6587
        6596
        6629
        6634
        6646
        6673
        6699
        6703
        6752
        6761
        6766
        6781
        6794
        6796
        6803
        6807
        6814
        6845
        6852
        6884
        6890
        6903
        6918
        6921
        6960
        6986
        6991
        6993
        7002
        7005
        7017
        7022
        7028
        7043
        7045
        7058
        7059
        7062
        7071
        7075
        7079
        7096
        7108
        7109
        7110
        7114
        7118
        7124
        7153
        7163
        7196
        7216
        7220
        7221
        7222
        7223
        7264
        7269
        7272
        7281
        7285
        7289
        7303
        7311
        7320
        7324
        7332
        7336
        7341
        7348
        7352
        7357
        7358
        7360
        7361
        7364
        7387
        7401
        7427
        7458
        7490
        7508
        7527
        7532
        7554
        7575
        7584
        7595
        7597
        7603
        7615
        7620
        7621
        7624
        7627
        7640
        7657
        7668
        7681
        7691
        7692
        7693
        7697
        7702
        7732
        7740
        7749
        7751
        7756
        7763
        7779
        7780
        7797
        7814
        7823
        7828
        7841
        7847
        7874
        7878
        7916
        7934
        7938
        7943
        7949
        7965
        7976
        7985
        8013
        8025
        8026
        8039
        8040
        8041
        8046
        8049
        8055
        8064
        8075
        8076
        8077
        8081
        8084
        8093
        8103
        8109
        8116
        8119
        8128
        8136
        8167
        8203
        8206
        8218
        8227
        8238
        8249
        8256
        8271
        8292
        8301
        8304
        8306
        8309
        8331
        8333
        8348
        8368
        8391
        8399
        8406
        8414
        8417
        8432
        8436
        8445
        8446
        8459
        8470
        8498
        8500
        8508
        8511
        8514
        8548
        8550
        8570
        8579
        8583
        8599
        8622
        8625
        8628
        8644
        8648
        8658
        8671
        8686
        8698
        8715
        8729
        8730
        8737
        8756
        8759
        8792
        8795
        8806
        8813
        8826
        8830
        8847
        8866
        8873
        8875
        8901
        8908
        8931
        8940
        8953
        8984
        8992
