        9
        13
        59
        61
        84
        97
        99
        105
        110
        124
        129
        171
        190
        193
        194
        216
        220
        228
        231
        251
        256
        260
        278
        296
        320
        322
        335
        339
        344
        365
        366
        408
        426
        431
        436
        437
        448
        461
        463
        499
        501
        524
        553
        577
        581
        596
        636
        643
        660
        663
        666
        676
        682
        694
        718
        724
        745
        768
        777
        784
        787
        795
        812
        825
        827
        830
        838
        847
        855
        868
        892
        926
        941
        942
        969
        988
        1004
        1027
        1029
        1041
        1044
        1073
        1084
        1089
        1106
        1125
        1161
        1180
        1187
        1212
        1213
        1219
        1265
        1303
        1337
        1353
        1357
        1372
        1394
        1404
        1409
        1462
        1470
        1494
        1499
        1518
        1522
        1535
        1544
        1576
        1584
        1601
        1604
        1609
        1612
        1633
        1638
        1641
        1660
        1681
        1682
        1684
        1700
        1708
        1712
        1726
        1731
        1739
        1747
        1755
        1757
        1769
        1776
        1777
        1794
        1809
        1813
        1822
        1828
        1843
        1856
        1858
        1904
        1911
        1937
        1943
        1970
        2003
        2018
        2021
        2023
        2029
        2032
        2034
        2046
        2055
        2063
        2073
        2082
        2086
        2097
        2119
        2127
        2139
        2151
        2165
        2168
        2179
        2185
        2195
        2212
        2222
        2239
        2252
        2255
        2281
        2324
        2325
        2330
        2374
        2379
        2383
        2388
        2454
        2469
        2512
        2521
        2538
        2560
        2564
        2586
        2599
        2614
        2617
        2637
        2707
        2726
        2784
        2789
        2829
        2851
        2879
        2892
        2926
        2949
        2960
        2967
        2973
        3004
        3014
        3048
        3088
        3126
        3136
        3162
        3187
        3261
        3268
        3278
        3296
        3324
        3326
        3338
        3400
        3402
        3436
        3461
        3499
        3503
        3517
        3562
        3575
        3585
        3595
        3668
        3682
        3731
        3760
        3789
        3796
        3797
        3812
        3824
        3881
        3884
        3893
        3916
        3936
        3960
        3966
        3985
        3991
        4006
        4008
        4031
        4056
        4083
        4097
        4116
        4121
        4171
        4216
        4221
        4250
        4268
        4348
        4367
        4368
        4379
        4397
        4422
        4458
        4479
        4494
        4512
        4559
        4563
        4584
        4587
        4594
        4598
        4624
        4632
        4655
        4695
        4714
        4721
        4727
        4730
        4734
        4735
        4764
        4777
        4782
        4873
        4931
        4952
        4969
        4986
        4989
        5020
        5029
        5043
        5046
        5071
        5088
        5126
        5170
        5186
        5239
        5287
        5307
        5319
        5387
        5404
        5437
        5439
        5445
        5484
        5513
        5541
        5563
        5589
        5602
        5632
        5649
        5651
        5677
        5692
        5720
        5726
        5739
        5775
        5817
        5894
        5913
        5942
        5964
        5985
        5987
        5991
        6012
        6020
        6024
        6028
        6029
        6042
        6073
        6090
        6115
        6118
        6121
        6122
        6156
        6159
        6168
        6173
        6191
        6194
        6214
        6220
        6234
        6238
        6239
        6242
        6256
        6271
        6303
        6306
        6308
        6334
        6340
        6348
        6354
        6365
        6369
        6381
        6402
        6403
        6415
        6424
        6428
        6702
        6707
        6830
        6853
        6854
        6856
        6857
        6859
        6862
        6864
        6865
        6866
        6867
        6868
        6869
        6871
        6872
        6873
        6874
        6875
        6876
        6877
        6878
        6879
        6880
        6883
        6884
        6886
        6887
        6888
        6889
        6890
        6891
        6895
        6896
        6897
        6900
        6901
        6902
        6903
        6904
        6905
        6906
        6909
        6910
        6911
        6912
        6914
        6915
        6916
        6917
        6918
        6919
        6920
        6921
        6922
        6923
        6924
        6926
        6930
        6931
        6934
        6936
        6937
        6938
        6939
        6940
        6941
        6942
        6945
        6947
        6950
        6951
        6953
        6956
        6957
        6959
        6961
        6962
        6963
        6966
        6967
        6968
        6969
        6970
        6971
        6973
        6974
        6975
        6976
        6977
        6978
        6979
        6981
        6982
        6983
        6985
        6987
        6989
        6990
        6991
        6992
        6994
        6995
        6997
        6998
        7000
        7001
        7002
        7003
        7004
        7005
        7006
        7007
        7008
        7010
        7012
        7014
        7015
        7016
        7019
        7020
        7022
        7023
        7028
        7036
        7040
        7045
        7048
        7056
        7071
        7076
        7080
        7101
        7113
        7132
        7146
        7169
        7219
        7251
        7255
        7260
        7266
        7322
        7338
        7345
        7378
        7381
        7382
        7389
        7391
        7408
        7414
        7419
        7490
        7507
        7518
        7553
        7559
        7566
        7576
        7607
        7612
        7626
        7630
        7654
        7655
        7658
        7695
        7730
        7786
        7790
        7824
        7832
        7881
        7889
        7919
        7932
        7955
        7958
        7966
        7986
        8013
        8016
        8025
        8044
        8069
        8086
        8097
        8113
        8119
        8165
        8171
        8193
        8224
        8234
        8235
        8337
        8363
        8398
        8400
        8421
        8436
        8438
        8473
        8492
        8503
        8507
        8508
        8510
        8516
        8543
        8559
        8575
        8598
        8611
        8618
        8637
        8667
        8683
        8692
        8700
        8702
        8705
        8727
        8731
        8743
        8746
        8761
        8775
        8820
        8827
        8829
        8847
        8879
        8893
        8898
        8905
        8909
        8941
        8946
        8956
        8963
        8964
