        4
        15
        41
        82
        153
        181
        188
        221
        223
        235
        242
        245
        271
        288
        289
        307
        356
        370
        380
        411
        419
        423
        471
        478
        488
        520
        527
        537
        545
        567
        583
        589
        615
        635
        688
        696
        710
        725
        733
        737
        768
        799
        834
        835
        855
        876
        907
        915
        943
        947
        952
        990
        1024
        1048
        1095
        1098
        1111
        1126
        1144
        1146
        1148
        1201
        1235
        1241
        1259
        1281
        1288
        1300
        1303
        1312
        1393
        1406
        1419
        1466
        1503
        1511
        1516
        1520
        1543
        1549
        1553
        1563
        1585
        1615
        1616
        1620
        1622
        1648
        1650
        1672
        1718
        1737
        1748
        1765
        1772
        1806
        1808
        1815
        1823
        1825
        1836
        1863
        1868
        1870
        1871
        1925
        1934
        1938
        1942
        1961
        1978
        1983
        2041
        2071
        2076
        2106
        2111
        2115
        2119
        2133
        2152
        2184
        2201
        2204
        2217
        2218
        2232
        2234
        2242
        2244
        2257
        2258
        2294
        2297
        2300
        2329
        2348
        2371
        2378
        2396
        2398
        2407
        2421
        2422
        2431
        2434
        2454
        2457
        2462
        2488
        2489
        2494
        2510
        2512
        2516
        2517
        2518
        2529
        2543
        2548
        2562
        2574
        2600
        2604
        2607
        2641
        2642
        2644
        2667
        2682
        2683
        2690
        2691
        2692
        2701
        2714
        2729
        2730
        2744
        2745
        2765
        2770
        2778
        2787
        2800
        2802
        2819
        2829
        2831
        2834
        2845
        2872
        2874
        2903
        2920
        2927
        2934
        2947
        2949
        2952
        2963
        2972
        2985
        2990
        2994
        3004
        3010
        3012
        3021
        3028
        3030
        3032
        3042
        3056
        3061
        3071
        3082
        3089
        3110
        3125
        3147
        3160
        3178
        3182
        3184
        3218
        3221
        3226
        3231
        3240
        3258
        3264
        3267
        3273
        3283
        3295
        3310
        3346
        3347
        3360
        3361
        3362
        3367
        3373
        3400
        3417
        3433
        3436
        3444
        3458
        3474
        3475
        3476
        3481
        3488
        3493
        3495
        3502
        3510
        3513
        3522
        3523
        3528
        3538
        3559
        3569
        3578
        3582
        3590
        3596
        3602
        3603
        3610
        3621
        3623
        3679
        3682
        3688
        3703
        3710
        3717
        3723
        3728
        3730
        3740
        3743
        3755
        3765
        3787
        3799
        3809
        3816
        3820
        3831
        3846
        3864
        3889
        3892
        3900
        3903
        3908
        3909
        3911
        3919
        3930
        3937
        3946
        3953
        3970
        3977
        3980
        3994
        4004
        4008
        4018
        4024
        4044
        4061
        4068
        4072
        4073
        4080
        4086
        4092
        4095
        4098
        4100
        4110
        4119
        4147
        4151
        4154
        4163
        4167
        4174
        4176
        4192
        4208
        4216
        4233
        4265
        4269
        4271
        4273
        4278
        4282
        4288
        4313
        4320
        4326
        4339
        4350
        4357
        4375
        4376
        4381
        4387
        4393
        4399
        4401
        4413
        4414
        4419
        4424
        4425
        4446
        4453
        4464
        4468
        4472
        4476
        4483
        4496
        4501
        4514
        4525
        4527
        4538
        4558
        4559
        4576
        4579
        4593
        4594
        4599
        4610
        4621
        4639
        4643
        4645
        4652
        4664
        4694
        4695
        4700
        4704
        4708
        4732
        4743
        4757
        4767
        4780
        4794
        4796
        4804
        4812
        4817
        4821
        4829
        4839
        4844
        4846
        4856
        4871
        4880
        4884
        4885
        4890
        4898
        4904
        4911
        4923
        4929
        4934
        4941
        4942
        4952
        4955
        4964
        5005
        5012
        5030
        5046
        5082
        5099
        5113
        5139
        5145
        5157
        5159
        5184
        5217
        5252
        5276
        5331
        5339
        5347
        5350
        5356
        5368
        5369
        5370
        5381
        5395
        5415
        5437
        5446
        5452
        5471
        5478
        5484
        5498
        5528
        5533
        5542
        5545
        5552
        5565
        5568
        5574
        5585
        5592
        5594
        5605
        5610
        5623
        5627
        5640
        5654
        5659
        5670
        5676
        5681
        5697
        5718
        5749
        5755
        5759
        5766
        5777
        5782
        5789
        5790
        5794
        5800
        5841
        5847
        5851
        5879
        5901
        5910
        5919
        5924
        5928
        5946
        5952
        5954
        5957
        5967
        5973
        5978
        5997
        6002
        6026
        6030
        6037
        6044
        6054
        6062
        6079
        6088
        6089
        6101
        6108
        6121
        6134
        6165
        6166
        6169
        6185
        6193
        6231
        6264
        6268
        6270
        6293
        6307
        6312
        6329
        6348
        6361
        6364
        6382
        6403
        6421
        6437
        6452
        6482
        6487
        6505
        6514
        6543
        6546
        6550
        6555
        6580
        6627
        6638
        6643
        6653
        6658
        6676
        6686
        6699
        6701
        6723
        6744
        6749
        6754
        6765
        6769
        6782
        6788
        6798
        6799
        6805
        6820
        6822
        6828
        6832
        6833
        6853
        6857
        6859
        6860
        6862
        6874
        6886
        6892
        6907
        6912
        6913
        6915
        6927
        6936
        6940
        6942
        6956
        6967
        7000
        7010
        7021
        7032
        7050
        7052
        7057
        7062
        7066
        7073
        7080
        7102
        7104
        7105
        7118
        7123
        7129
        7130
        7131
        7137
        7142
        7144
        7146
        7160
        7164
        7177
        7189
        7192
        7199
        7204
        7209
        7212
        7220
        7226
        7230
        7239
        7241
        7242
        7247
        7250
        7256
        7268
        7270
        7276
        7279
        7283
        7284
        7287
        7300
        7301
        7304
        7311
        7328
        7332
        7338
        7360
        7365
        7368
        7376
        7396
        7406
        7417
        7425
        7426
        7428
        7437
        7443
        7466
        7473
        7493
        7501
        7506
        7535
        7542
        7544
        7554
        7555
        7571
        7587
        7597
        7599
        7604
        7610
        7622
        7623
        7628
        7632
        7634
        7638
        7639
        7654
        7666
        7687
        7694
        7703
        7709
        7720
        7729
        7731
        7732
        7756
        7768
        7809
        7812
        7817
        7832
        7836
        7853
        7855
        7868
        7876
        7877
        7882
        7889
        7895
        7902
        7908
        7921
        7935
        7941
        7967
        7972
        7980
        7987
        7994
        8000
        8006
        8008
        8013
        8018
        8022
        8034
        8036
        8044
        8049
        8065
        8070
        8082
        8094
        8106
        8114
        8120
        8126
        8127
        8170
        8172
        8180
        8183
        8196
        8200
        8229
        8243
        8263
        8269
        8292
        8295
        8301
        8307
        8333
        8337
        8347
        8354
        8365
        8369
        8374
        8379
        8396
        8407
        8419
        8428
        8443
        8449
        8455
        8460
        8461
        8476
        8482
        8513
        8535
        8541
        8547
        8555
        8560
        8575
        8585
        8590
        8605
        8611
        8617
        8624
        8628
        8632
        8635
        8640
        8645
        8654
        8667
        8671
        8683
        8688
        8696
        8701
        8733
        8768
        8772
        8785
        8829
        8834
        8844
        8875
        8886
        8891
        8900
        8921
        8929
        8940
        8949
        8982
        8995
