        14
        27
        80
        90
        92
        107
        111
        119
        129
        149
        178
        214
        254
        264
        291
        303
        307
        318
        326
        344
        404
        409
        424
        452
        461
        467
        508
        536
        566
        578
        590
        603
        607
        670
        679
        686
        713
        725
        742
        758
        764
        768
        783
        795
        803
        838
        865
        928
        962
        1007
        1012
        1016
        1028
        1041
        1056
        1071
        1082
        1125
        1126
        1143
        1166
        1195
        1202
        1231
        1253
        1268
        1297
        1337
        1347
        1368
        1383
        1420
        1446
        1511
        1553
        1569
        1595
        1601
        1626
        1644
        1648
        1690
        1705
        1755
        1781
        1795
        1807
        1831
        1854
        1879
        1919
        1926
        1928
        1929
        1941
        1969
        1972
        2042
        2044
        2073
        2106
        2122
        2126
        2131
        2141
        2152
        2154
        2230
        2281
        2295
        2305
        2311
        2322
        2345
        2347
        2383
        2418
        2425
        2437
        2500
        2519
        2556
        2605
        2676
        2693
        2785
        2788
        2834
        2835
        2896
        2908
        2927
        2935
        3003
        3004
        3026
        3046
        3050
        3065
        3200
        3201
        3214
        3235
        3238
        3271
        3279
        3287
        3297
        3364
        3417
        3455
        3536
        3547
        3554
        3579
        3623
        3647
        3659
        3692
        3715
        3772
        3779
        3780
        3824
        3882
        3925
        3953
        3955
        3980
        4003
        4011
        4064
        4065
        4095
        4109
        4115
        4145
        4156
        4180
        4196
        4241
        4251
        4259
        4283
        4308
        4316
        4332
        4335
        4359
        4373
        4388
        4396
        4471
        4560
        4581
        4596
        4622
        4721
        4736
        4755
        4765
        4780
        4783
        4818
        4820
        4831
        4863
        4907
        4926
        4935
        4953
        4959
        4961
        5007
        5026
        5031
        5036
        5043
        5067
        5078
        5091
        5096
        5101
        5134
        5140
        5148
        5198
        5238
        5251
        5262
        5270
        5332
        5367
        5428
        5495
        5527
        5552
        5558
        5565
        5573
        5634
        5644
        5646
        5734
        5762
        5791
        5794
        5809
        5827
        5828
        5834
        5847
        5876
        5946
        5959
        5968
        5981
        5992
        6042
        6061
        6078
        6079
        6080
        6092
        6096
        6149
        6158
        6190
        6201
        6203
        6215
        6223
        6231
        6239
        6243
        6252
        6307
        6321
        6347
        6364
        6371
        6382
        6408
        6418
        6434
        6445
        6454
        6461
        6464
        6470
        6481
        6484
        6487
        6494
        6496
        6503
        6511
        6525
        6529
        6530
        6536
        6552
        6570
        6571
        6573
        6575
        6592
        6598
        6622
        6635
        6660
        6671
        6673
        6678
        6694
        6696
        6708
        6714
        6755
        6766
        6775
        6779
        6787
        6792
        6805
        6821
        6825
        6833
        6863
        6879
        6907
        6926
        6942
        6963
        6970
        6971
        6974
        6992
        7011
        7027
        7030
        7043
        7052
        7055
        7066
        7079
        7081
        7082
        7083
        7093
        7104
        7119
        7133
        7136
        7151
        7185
        7200
        7229
        7242
        7244
        7264
        7281
        7285
        7295
        7301
        7310
        7318
        7330
        7337
        7339
        7341
        7350
        7351
        7359
        7362
        7366
        7375
        7377
        7378
        7391
        7393
        7400
        7410
        7411
        7424
        7431
        7497
        7517
        7529
        7568
        7572
        7590
        7595
        7597
        7605
        7607
        7608
        7612
        7616
        7619
        7635
        7643
        7648
        7652
        7655
        7659
        7661
        7665
        7670
        7676
        7681
        7682
        7687
        7690
        7691
        7699
        7703
        7705
        7714
        7715
        7719
        7726
        7730
        7743
        7749
        7766
        7769
        7771
        7773
        7776
        7784
        7791
        7793
        7804
        7806
        7825
        7882
        7907
        7922
        7939
        7941
        7957
        7967
        8035
        8100
        8106
        8119
        8122
        8124
        8182
        8190
        8196
        8216
        8218
        8234
        8243
        8266
        8286
        8292
        8296
        8299
        8301
        8307
        8311
        8319
        8323
        8329
        8331
        8343
        8345
        8357
        8361
        8365
        8369
        8374
        8377
        8379
        8385
        8392
        8394
        8403
        8409
        8415
        8419
        8450
        8467
        8472
        8492
        8505
        8521
        8523
        8527
        8531
        8542
        8543
        8557
        8574
        8586
        8611
        8631
        8636
        8657
        8670
        8683
        8689
        8695
        8701
        8726
        8748
        8799
        8814
        8820
        8827
        8854
        8884
        8891
        8894
        8897
        8898
        8905
        8924
        8928
        8933
        8957
        8961
        8970
        8981
        8984
