        6
        12
        18
        37
        50
        55
        63
        78
        94
        104
        108
        116
        139
        149
        156
        160
        163
        177
        180
        183
        189
        206
        235
        240
        246
        247
        258
        262
        269
        270
        277
        282
        287
        291
        329
        342
        357
        364
        368
        369
        374
        399
        405
        406
        412
        415
        464
        471
        490
        493
        498
        506
        514
        534
        535
        536
        539
        552
        560
        574
        578
        584
        594
        609
        620
        625
        630
        644
        660
        666
        669
        672
        686
        701
        704
        714
        718
        721
        724
        731
        759
        770
        788
        824
        906
        942
        1039
        1049
        1058
        1104
        1109
        1121
        1136
        1231
        1243
        1273
        1283
        1320
        1353
        1367
        1369
        1402
        1408
        1448
        1501
        1584
        1613
        1618
        1641
        1668
        1687
        1721
        1749
        1800
        1845
        1860
        1879
        1905
        1923
        1972
        2010
        2016
        2028
        2036
        2038
        2072
        2113
        2147
        2165
        2175
        2219
        2224
        2231
        2275
        2299
        2306
        2307
        2313
        2336
        2350
        2375
        2492
        2502
        2510
        2519
        2551
        2688
        2723
        2735
        2766
        2792
        2814
        2822
        2838
        2888
        2894
        2983
        2986
        3004
        3009
        3025
        3026
        3083
        3097
        3119
        3123
        3156
        3186
        3198
        3222
        3298
        3299
        3304
        3310
        3381
        3382
        3391
        3399
        3405
        3411
        3447
        3523
        3545
        3554
        3560
        3609
        3623
        3634
        3665
        3717
        3827
        3848
        3859
        3861
        3864
        3892
        3901
        3910
        3916
        3932
        3944
        3951
        3974
        4014
        4016
        4017
        4021
        4034
        4035
        4039
        4042
        4073
        4091
        4102
        4103
        4109
        4143
        4217
        4223
        4254
        4275
        4301
        4305
        4328
        4345
        4356
        4359
        4364
        4371
        4376
        4390
        4396
        4406
        4420
        4435
        4442
        4506
        4510
        4557
        4576
        4583
        4599
        4608
        4612
        4622
        4654
        4662
        4691
        4711
        4719
        4723
        4730
        4749
        4754
        4757
        4759
        4767
        4769
        4771
        4776
        4783
        4788
        4806
        4812
        4842
        4852
        4863
        4867
        4874
        4876
        4886
        4901
        4914
        4920
        4943
        4960
        4969
        4977
        4980
        4998
        5019
        5029
        5051
        5053
        5056
        5065
        5086
        5089
        5100
        5109
        5142
        5170
        5177
        5187
        5190
        5214
        5219
        5232
        5246
        5286
        5303
        5307
        5319
        5322
        5344
        5361
        5369
        5379
        5398
        5406
        5416
        5424
        5447
        5456
        5458
        5519
        5541
        5549
        5582
        5586
        5600
        5605
        5607
        5617
        5647
        5651
        5655
        5672
        5689
        5714
        5732
        5746
        5790
        5792
        5799
        5801
        5824
        5841
        5845
        5863
        5899
        5918
        5923
        5926
        5937
        5954
        5967
        5976
        5977
        5985
        5993
        6006
        6017
        6018
        6029
        6036
        6066
        6075
        6079
        6095
        6102
        6104
        6110
        6115
        6117
        6123
        6125
        6132
        6133
        6149
        6160
        6165
        6166
        6170
        6184
        6195
        6220
        6237
        6246
        6252
        6257
        6265
        6278
        6292
        6312
        6316
        6319
        6321
        6335
        6341
        6351
        6355
        6376
        6388
        6393
        6395
        6408
        6413
        6450
        6467
        6479
        6482
        6505
        6509
        6543
        6549
        6600
        6633
        6637
        6654
        6684
        6716
        6723
        6730
        6742
        6744
        6745
        6746
        6752
        6756
        6757
        6760
        6762
        6770
        6771
        6772
        6773
        6775
        6779
        6785
        6791
        6792
        6795
        6799
        6803
        6804
        6805
        6806
        6809
        6811
        6812
        6815
        6816
        6820
        6822
        6828
        6830
        6831
        6832
        6833
        6834
        6835
        6836
        6839
        6845
        6846
        6849
        6850
        6851
        6853
        6854
        6856
        6857
        6858
        6859
        6861
        6863
        6868
        6869
        6871
        6873
        6875
        6876
        6877
        6878
        6879
        6880
        6883
        6890
        6891
        6892
        6893
        6897
        6901
        6910
        6915
        6921
        6926
        6936
        6937
        6941
        6943
        6948
        6949
        6951
        6953
        6954
        6959
        6962
        6963
        6965
        6966
        6969
        6970
        6973
        6974
        6975
        6976
        6984
        6991
        6995
        6996
        6999
        7005
        7011
        7012
        7017
        7021
        7024
        7025
        7026
        7027
        7032
        7033
        7036
        7038
        7041
        7044
        7048
        7050
        7056
        7064
        7065
        7074
        7080
        7081
        7085
        7087
        7091
        7095
        7097
        7099
        7100
        7102
        7104
        7106
        7111
        7113
        7137
        7141
        7143
        7144
        7146
        7148
        7166
        7183
        7184
        7202
        7204
        7207
        7213
        7217
        7219
        7240
        7266
        7280
        7283
        7286
        7310
        7312
        7315
        7320
        7329
        7336
        7337
        7343
        7376
        7393
        7413
        7430
        7432
        7435
        7442
        7447
        7460
        7463
        7471
        7480
        7487
        7496
        7519
        7522
        7527
        7533
        7543
        7562
        7574
        7575
        7577
        7595
        7600
        7601
        7603
        7605
        7609
        7614
        7624
        7645
        7649
        7657
        7662
        7668
        7687
        7694
        7703
        7731
        7753
        7762
        7770
        7774
        7820
        7825
        7844
        7854
        7866
        7895
        7898
        7912
        7920
        7929
        7978
        7980
        7985
        7989
        8022
        8027
        8034
        8040
        8043
        8052
        8064
        8083
        8109
        8168
        8174
        8182
        8211
        8220
        8239
        8246
        8262
        8269
        8316
        8318
        8341
        8345
        8366
        8370
        8383
        8399
        8414
        8416
        8439
        8455
        8484
        8488
        8492
        8530
        8532
        8535
        8537
        8546
        8550
        8555
        8558
        8561
        8563
        8575
        8577
        8583
        8585
        8587
        8590
        8596
        8608
        8612
        8619
        8621
        8628
        8631
        8636
        8639
        8654
        8659
        8664
        8674
        8680
        8682
        8691
        8702
        8713
        8717
        8735
        8737
        8744
        8754
        8758
        8766
        8780
        8792
        8794
        8800
        8805
        8808
        8812
        8819
        8833
        8854
        8871
        8881
        8890
        8899
        8927
        8942
        8948
        8961
        8987
