        4
        8
        19
        27
        32
        49
        58
        60
        83
        86
        92
        133
        157
        169
        172
        182
        184
        188
        196
        197
        199
        207
        208
        212
        220
        223
        234
        236
        238
        244
        253
        266
        267
        279
        293
        294
        308
        310
        313
        318
        328
        333
        337
        338
        341
        345
        346
        348
        358
        359
        368
        370
        372
        379
        380
        383
        384
        385
        386
        387
        388
        390
        394
        397
        398
        401
        403
        406
        411
        416
        418
        419
        421
        422
        424
        425
        427
        428
        429
        430
        435
        438
        439
        440
        442
        444
        445
        449
        451
        453
        459
        460
        464
        473
        475
        484
        485
        487
        496
        500
        504
        507
        519
        522
        527
        530
        532
        536
        538
        540
        542
        545
        547
        549
        550
        553
        557
        560
        572
        574
        575
        579
        582
        583
        598
        599
        600
        602
        606
        614
        616
        618
        623
        633
        636
        647
        650
        651
        656
        662
        666
        671
        680
        695
        697
        699
        706
        709
        722
        730
        740
        743
        759
        760
        766
        784
        786
        804
        812
        840
        846
        849
        871
        878
        881
        894
        897
        916
        919
        925
        933
        952
        963
        968
        986
        1007
        1038
        1065
        1074
        1078
        1084
        1086
        1110
        1115
        1121
        1156
        1165
        1182
        1189
        1206
        1236
        1249
        1273
        1296
        1305
        1308
        1338
        1344
        1360
        1364
        1389
        1409
        1452
        1467
        1469
        1513
        1517
        1537
        1543
        1544
        1663
        1673
        1678
        1730
        1766
        1798
        1806
        1818
        1830
        1842
        1868
        1871
        1874
        1903
        1950
        1954
        1960
        1964
        1976
        2009
        2023
        2052
        2058
        2115
        2120
        2154
        2170
        2177
        2182
        2222
        2256
        2261
        2268
        2270
        2279
        2297
        2308
        2345
        2355
        2383
        2403
        2422
        2446
        2447
        2467
        2493
        2494
        2497
        2592
        2647
        2661
        2702
        2721
        2722
        2748
        2774
        2796
        2833
        2838
        2860
        2864
        2895
        2902
        2910
        2913
        2928
        2936
        2968
        2978
        3010
        3013
        3022
        3032
        3069
        3088
        3097
        3110
        3122
        3161
        3201
        3227
        3236
        3271
        3275
        3282
        3314
        3327
        3355
        3407
        3410
        3445
        3455
        3465
        3475
        3480
        3485
        3489
        3498
        3503
        3509
        3513
        3523
        3582
        3609
        3615
        3633
        3639
        3644
        3658
        3670
        3676
        3698
        3704
        3720
        3735
        3757
        3763
        3787
        3807
        3814
        3899
        3916
        3944
        3964
        3983
        4032
        4064
        4086
        4096
        4098
        4150
        4184
        4233
        4245
        4296
        4310
        4312
        4316
        4348
        4357
        4379
        4393
        4415
        4432
        4443
        4451
        4466
        4508
        4510
        4533
        4555
        4576
        4597
        4602
        4662
        4667
        4674
        4679
        4701
        4705
        4711
        4725
        4749
        4757
        4760
        4763
        4810
        4824
        4850
        4854
        4869
        4881
        4883
        4885
        4911
        4936
        4953
        4954
        4965
        4966
        4984
        5002
        5014
        5046
        5060
        5082
        5087
        5094
        5100
        5117
        5123
        5155
        5161
        5164
        5172
        5214
        5219
        5233
        5253
        5294
        5356
        5515
        5548
        5563
        5708
        5717
        5832
        5841
        5863
        5867
        5873
        5952
        6006
        6065
        6078
        6105
        6143
        6152
        6179
        6280
        6341
        6369
        6410
        6424
        6429
        6482
        6507
        6528
        6534
        6587
        6644
        6710
        6725
        6753
        6757
        6803
        6805
        6828
        6830
        6854
        6860
        6874
        6882
        6885
        6930
        6957
        6972
        6975
        6979
        7011
        7040
        7085
        7088
        7114
        7126
        7130
        7151
        7156
        7173
        7182
        7203
        7208
        7211
        7212
        7223
        7231
        7234
        7268
        7272
        7316
        7326
        7328
        7330
        7333
        7337
        7339
        7342
        7353
        7362
        7374
        7375
        7390
        7396
        7403
        7409
        7413
        7432
        7446
        7469
        7495
        7501
        7502
        7514
        7522
        7545
        7569
        7587
        7600
        7602
        7607
        7614
        7625
        7637
        7658
        7667
        7673
        7679
        7700
        7702
        7744
        7747
        7756
        7765
        7775
        7781
        7786
        7822
        7859
        7865
        7890
        7914
        7924
        7929
        7957
        7979
        7994
        8012
        8014
        8029
        8033
        8046
        8079
        8080
        8083
        8084
        8091
        8107
        8131
        8135
        8139
        8146
        8162
        8163
        8182
        8185
        8186
        8189
        8204
        8220
        8229
        8248
        8274
        8282
        8287
        8297
        8320
        8328
        8352
        8377
        8383
        8387
        8393
        8394
        8395
        8397
        8420
        8433
        8440
        8441
        8443
        8451
        8461
        8466
        8468
        8483
        8485
        8489
        8499
        8531
        8539
        8550
        8551
        8586
        8589
        8612
        8631
        8636
        8736
        8817
        8843
        8867
        8870
        8932
        8981
