        21
        34
        39
        44
        45
        57
        58
        69
        87
        111
        117
        142
        166
        209
        213
        214
        216
        219
        220
        225
        230
        257
        260
        271
        273
        274
        280
        312
        348
        361
        368
        408
        423
        427
        429
        439
        449
        480
        497
        519
        523
        527
        534
        541
        548
        567
        586
        597
        600
        601
        637
        638
        650
        679
        680
        682
        719
        749
        782
        788
        842
        850
        851
        856
        909
        913
        919
        931
        964
        976
        985
        992
        994
        1016
        1029
        1034
        1035
        1040
        1044
        1045
        1047
        1052
        1085
        1092
        1102
        1108
        1118
        1147
        1158
        1162
        1190
        1205
        1210
        1215
        1228
        1280
        1283
        1299
        1302
        1303
        1305
        1311
        1317
        1319
        1330
        1340
        1343
        1345
        1347
        1349
        1353
        1355
        1362
        1369
        1379
        1385
        1389
        1399
        1402
        1407
        1418
        1425
        1429
        1443
        1469
        1491
        1513
        1525
        1545
        1547
        1554
        1567
        1585
        1616
        1628
        1632
        1640
        1646
        1660
        1662
        1691
        1697
        1706
        1717
        1726
        1727
        1734
        1739
        1750
        1826
        1827
        1858
        1865
        1872
        1874
        1879
        1884
        1887
        1900
        1906
        1913
        1914
        1919
        1928
        1965
        1983
        1988
        1992
        1996
        2000
        2002
        2006
        2013
        2027
        2029
        2034
        2036
        2037
        2039
        2042
        2045
        2049
        2060
        2075
        2087
        2091
        2097
        2100
        2105
        2113
        2114
        2134
        2145
        2159
        2160
        2191
        2192
        2209
        2211
        2217
        2225
        2243
        2253
        2277
        2283
        2295
        2297
        2309
        2312
        2315
        2317
        2319
        2328
        2345
        2355
        2356
        2369
        2374
        2377
        2391
        2402
        2410
        2418
        2425
        2429
        2437
        2442
        2443
        2445
        2447
        2460
        2467
        2469
        2470
        2473
        2475
        2478
        2480
        2481
        2482
        2483
        2491
        2495
        2496
        2497
        2500
        2502
        2503
        2504
        2506
        2511
        2512
        2515
        2517
        2520
        2527
        2531
        2533
        2534
        2535
        2537
        2539
        2540
        2541
        2543
        2547
        2549
        2554
        2557
        2558
        2567
        2568
        2573
        2577
        2581
        2584
        2589
        2593
        2599
        2602
        2604
        2606
        2610
        2613
        2619
        2623
        2626
        2629
        2631
        2635
        2644
        2664
        2685
        2690
        2697
        2715
        2726
        2728
        2740
        2743
        2745
        2748
        2760
        2773
        2781
        2793
        2803
        2811
        2830
        2842
        2855
        2859
        2860
        2866
        2870
        2871
        2886
        2891
        2897
        2905
        2913
        2914
        2918
        2926
        2940
        2943
        2952
        2957
        2960
        2962
        2972
        2975
        2995
        3001
        3003
        3013
        3051
        3065
        3074
        3086
        3088
        3108
        3109
        3119
        3136
        3163
        3174
        3189
        3213
        3218
        3222
        3247
        3253
        3263
        3278
        3313
        3342
        3346
        3354
        3360
        3361
        3364
        3378
        3386
        3393
        3398
        3407
        3417
        3436
        3444
        3456
        3485
        3486
        3488
        3496
        3498
        3534
        3535
        3589
        3698
        3727
        3751
        3784
        3787
        3824
        3836
        3853
        3854
        3864
        3877
        3880
        3881
        3883
        3885
        3903
        3912
        3913
        3923
        3930
        3935
        3939
        3947
        3955
        3958
        3963
        3964
        3971
        3972
        3975
        3992
        3994
        4006
        4007
        4018
        4037
        4041
        4047
        4051
        4053
        4055
        4090
        4099
        4103
        4134
        4137
        4139
        4144
        4160
        4166
        4177
        4179
        4180
        4188
        4198
        4199
        4203
        4217
        4225
        4227
        4232
        4238
        4241
        4245
        4250
        4261
        4276
        4284
        4300
        4317
        4318
        4325
        4353
        4363
        4374
        4380
        4384
        4400
        4416
        4425
        4426
        4439
        4449
        4469
        4489
        4492
        4493
        4494
        4495
        4498
        4501
        4502
        4503
        4505
        4508
        4513
        4514
        4516
        4517
        4521
        4523
        4527
        4530
        4532
        4536
        4542
        4546
        4547
        4549
        4550
        4554
        4555
        4557
        4559
        4560
        4561
        4564
        4565
        4566
        4581
        4586
        4587
        4588
        4593
        4594
        4599
        4609
        4612
        4613
        4619
        4620
        4623
        4624
        4625
        4626
        4629
        4631
        4633
        4634
        4636
        4639
        4641
        4642
        4654
        4656
        4658
        4659
        4661
        4663
        4673
        4678
        4682
        4690
        4691
        4696
        4711
        4714
        4734
        4742
        4743
        4745
        4751
        4759
        4765
        4773
        4777
        4794
        4808
        4813
        4816
        4819
        4821
        4841
        4847
        4865
        4867
        4870
        4881
        4889
        4902
        4950
        4957
        4991
        5006
        5010
        5014
        5025
        5028
        5054
        5063
        5066
        5072
        5082
        5106
        5111
        5114
        5122
        5127
        5128
        5142
        5146
        5171
        5181
        5184
        5187
        5193
        5202
        5206
        5208
        5214
        5219
        5222
        5224
        5237
        5241
        5242
        5247
        5260
        5269
        5279
        5290
        5294
        5302
        5304
        5306
        5310
        5338
        5346
        5349
        5360
        5368
        5379
        5383
        5387
        5395
        5421
        5436
        5442
        5459
        5461
        5475
        5476
        5482
        5493
        5514
        5520
        5530
        5537
        5545
        5554
        5567
        5581
        5586
        5590
        5603
        5609
        5617
        5627
        5634
        5651
        5657
        5678
        5680
        5711
        5719
        5734
        5784
        5797
        5805
        5815
        5823
        5839
        5841
        5842
        5844
        5861
        5882
        5918
        5921
        5964
        5969
        5976
        6015
        6028
        6034
        6046
        6051
        6061
        6068
        6078
        6083
        6091
        6093
        6099
        6110
        6112
        6145
        6157
        6158
        6160
        6185
        6192
        6196
        6202
        6214
        6218
        6256
        6260
        6292
        6296
        6319
        6320
        6339
        6348
        6367
        6375
        6403
        6411
        6419
        6431
        6443
        6497
        6510
        6537
        6542
        6547
        6551
        6564
        6572
        6586
        6594
        6610
        6619
        6623
        6626
        6636
        6640
        6648
        6653
        6664
        6684
        6694
        6698
        6709
        6720
        6721
        6757
        6759
        6760
        6770
        6773
        6790
        6798
        6816
        6839
        6858
        6865
        6886
        6896
        6900
        6903
        6913
        6916
        6924
        6934
        6949
        6959
        6962
        6978
        6992
        7002
        7009
        7012
        7024
        7030
        7053
        7061
        7071
        7073
        7081
        7106
        7110
        7116
        7121
        7125
        7129
        7140
        7143
        7150
        7170
        7181
        7199
        7201
        7202
        7203
        7207
        7226
        7240
        7245
        7251
        7264
        7266
        7278
        7281
        7290
        7298
        7309
        7319
        7341
        7352
        7356
        7358
        7359
        7372
        7376
        7380
        7392
        7399
        7421
        7425
        7433
        7435
        7437
        7447
        7461
        7464
        7469
        7484
        7487
        7494
        7505
        7508
        7518
        7536
        7542
        7554
        7555
        7567
        7573
        7576
        7579
        7606
        7616
        7622
        7638
        7644
        7686
        7695
        7697
        7719
        7720
        7734
        7739
        7740
        7767
        7782
        7783
        7785
        7809
        7810
        7813
        7821
        7836
        7846
        7854
        7855
        7860
        7870
        7882
        7887
        7896
        7897
        7898
        7899
        7910
        7913
        7920
        7926
        7927
        7935
        7939
        7942
        7946
        7956
        7962
        7992
        8000
        8018
        8022
        8028
        8045
        8056
        8069
        8076
        8078
        8090
        8096
        8114
        8119
        8126
        8145
        8147
        8157
        8161
        8184
        8186
        8191
        8213
        8244
        8259
        8270
        8272
        8280
        8281
        8287
        8291
        8295
        8333
        8358
        8382
        8390
        8422
        8424
        8438
        8441
        8449
        8505
        8511
        8516
        8565
        8568
        8569
        8572
        8573
        8575
        8578
        8616
        8625
        8626
        8635
        8656
        8662
        8667
        8669
        8673
        8679
        8685
        8717
        8726
        8739
        8744
        8791
        8807
        8819
        8827
        8886
        8915
        8922
        8961
