        8
        24
        61
        70
        112
        185
        189
        196
        221
        231
        233
        254
        260
        274
        288
        319
        345
        361
        383
        413
        416
        435
        438
        467
        506
        508
        517
        526
        539
        544
        551
        558
        565
        582
        599
        604
        679
        687
        703
        728
        744
        771
        776
        785
        786
        787
        807
        816
        834
        839
        840
        852
        878
        880
        899
        901
        904
        909
        915
        924
        930
        940
        941
        954
        955
        957
        969
        989
        992
        999
        1017
        1066
        1076
        1086
        1108
        1136
        1143
        1148
        1155
        1165
        1180
        1186
        1197
        1216
        1225
        1252
        1255
        1261
        1281
        1303
        1306
        1317
        1323
        1324
        1325
        1327
        1329
        1332
        1333
        1336
        1338
        1339
        1340
        1341
        1345
        1351
        1353
        1354
        1360
        1364
        1367
        1368
        1369
        1372
        1373
        1376
        1380
        1381
        1385
        1386
        1393
        1399
        1400
        1402
        1413
        1415
        1420
        1421
        1423
        1424
        1429
        1430
        1437
        1439
        1453
        1458
        1462
        1464
        1468
        1475
        1478
        1485
        1494
        1500
        1502
        1504
        1510
        1513
        1519
        1530
        1535
        1539
        1545
        1549
        1553
        1589
        1604
        1608
        1610
        1616
        1634
        1654
        1660
        1675
        1690
        1697
        1702
        1706
        1710
        1727
        1729
        1752
        1753
        1755
        1779
        1781
        1806
        1808
        1830
        1866
        1898
        1900
        1919
        1925
        1936
        1953
        1981
        1988
        1989
        1997
        2003
        2004
        2009
        2018
        2020
        2025
        2043
        2050
        2060
        2065
        2084
        2099
        2104
        2107
        2114
        2134
        2143
        2151
        2156
        2193
        2196
        2205
        2220
        2236
        2243
        2248
        2252
        2285
        2292
        2297
        2301
        2324
        2326
        2338
        2341
        2356
        2357
        2379
        2383
        2386
        2387
        2395
        2408
        2431
        2441
        2452
        2486
        2497
        2518
        2522
        2532
        2534
        2584
        2599
        2613
        2615
        2628
        2637
        2664
        2680
        2705
        2713
        2725
        2728
        2746
        2762
        2770
        2787
        2795
        2808
        2829
        2859
        2882
        2893
        2916
        2921
        2927
        2956
        2958
        2995
        2996
        3038
        3111
        3128
        3131
        3142
        3145
        3149
        3155
        3174
        3193
        3228
        3244
        3274
        3324
        3361
        3362
        3365
        3382
        3469
        3477
        3488
        3499
        3523
        3524
        3535
        3668
        3688
        3690
        3692
        3708
        3724
        3749
        3757
        3774
        3802
        3823
        3857
        3880
        3889
        3893
        3896
        3902
        3916
        3917
        3951
        3952
        3989
        3999
        4013
        4032
        4040
        4058
        4068
        4083
        4094
        4136
        4137
        4139
        4143
        4156
        4158
        4168
        4183
        4209
        4224
        4251
        4267
        4274
        4296
        4310
        4326
        4331
        4354
        4359
        4396
        4419
        4430
        4432
        4449
        4452
        4454
        4481
        4483
        4490
        4545
        4556
        4562
        4564
        4571
        4584
        4599
        4601
        4610
        4622
        4624
        4627
        4636
        4637
        4639
        4642
        4643
        4645
        4646
        4647
        4650
        4652
        4653
        4656
        4657
        4661
        4663
        4666
        4671
        4673
        4678
        4684
        4688
        4690
        4693
        4696
        4697
        4701
        4703
        4705
        4709
        4711
        4715
        4717
        4720
        4724
        4726
        4729
        4730
        4733
        4735
        4736
        4737
        4740
        4742
        4743
        4744
        4748
        4749
        4753
        4754
        4759
        4761
        4768
        4771
        4775
        4777
        4779
        4781
        4782
        4784
        4790
        4795
        4797
        4798
        4803
        4804
        4807
        4808
        4810
        4811
        4820
        4831
        4832
        4839
        4847
        4848
        4849
        4863
        4866
        4873
        4874
        4879
        4888
        4891
        4892
        4897
        4898
        4900
        4907
        4909
        4910
        4911
        4916
        4918
        4925
        4930
        4942
        4958
        4960
        4961
        4962
        4969
        4973
        4975
        4978
        4980
        4984
        4997
        4998
        5003
        5011
        5022
        5027
        5031
        5038
        5041
        5058
        5059
        5062
        5081
        5089
        5093
        5107
        5126
        5137
        5163
        5211
        5225
        5235
        5236
        5263
        5269
        5273
        5284
        5286
        5292
        5317
        5325
        5332
        5356
        5366
        5368
        5404
        5431
        5449
        5450
        5457
        5499
        5516
        5522
        5550
        5559
        5632
        5666
        5676
        5689
        5698
        5707
        5714
        5733
        5785
        5795
        5797
        5799
        5810
        5854
        5857
        5882
        5894
        5944
        5945
        5968
        5994
        6006
        6008
        6021
        6025
        6041
        6052
        6078
        6080
        6087
        6090
        6100
        6119
        6147
        6149
        6161
        6205
        6221
        6241
        6298
        6346
        6359
        6361
        6377
        6392
        6413
        6434
        6435
        6440
        6443
        6448
        6451
        6462
        6475
        6478
        6479
        6480
        6485
        6486
        6493
        6498
        6501
        6504
        6506
        6507
        6513
        6515
        6516
        6524
        6526
        6528
        6529
        6531
        6532
        6533
        6536
        6538
        6541
        6543
        6544
        6555
        6558
        6564
        6569
        6574
        6576
        6582
        6590
        6593
        6596
        6604
        6614
        6621
        6624
        6635
        6654
        6659
        6672
        6679
        6684
        6694
        6695
        6701
        6719
        6725
        6728
        6730
        6733
        6739
        6743
        6749
        6750
        6781
        6791
        6792
        6814
        6837
        6854
        6866
        6876
        6894
        6902
        6904
        6919
        6920
        6926
        6941
        6943
        6963
        6970
        6979
        6980
        6982
        6992
        6995
        6998
        7002
        7007
        7016
        7017
        7038
        7039
        7071
        7105
        7114
        7122
        7166
        7172
        7176
        7227
        7237
        7253
        7452
        7671
        7705
        7734
        7838
        7858
        7861
        7863
        7864
        7872
        7874
        7875
        7878
        7879
        7880
        7883
        7888
        7889
        7890
        7892
        7902
        7906
        7909
        7910
        7911
        7915
        7917
        7918
        7921
        7922
        7928
        7929
        7933
        7936
        7937
        7942
        7945
        7950
        7952
        7961
        7963
        7964
        7979
        7984
        7993
        7997
        7999
        8001
        8002
        8008
        8019
        8021
        8030
        8032
        8037
        8042
        8046
        8047
        8050
        8054
        8065
        8070
        8071
        8090
        8093
        8096
        8109
        8115
        8120
        8126
        8138
        8149
        8170
        8171
        8172
        8178
        8180
        8182
        8188
        8207
        8216
        8220
        8223
        8230
        8232
        8236
        8239
        8242
        8243
        8256
        8273
        8276
        8281
        8294
        8302
        8308
        8309
        8315
        8320
        8352
        8366
        8368
        8370
        8374
        8377
        8400
        8430
        8443
        8448
        8455
        8457
        8464
        8469
        8471
        8473
        8503
        8518
        8551
        8553
        8562
        8568
        8577
        8581
        8595
        8603
        8612
        8627
        8651
        8664
        8666
        8674
        8695
        8700
        8733
        8778
        8820
        8824
        8842
        8846
        8873
        8878
        8911
        8913
        8933
        8981
        8986
        8993
