        14
        17
        27
        31
        38
        42
        49
        56
        73
        79
        83
        126
        137
        143
        146
        172
        189
        193
        196
        219
        223
        231
        240
        250
        260
        264
        268
        273
        279
        283
        305
        309
        337
        344
        355
        358
        363
        370
        374
        375
        378
        387
        398
        406
        409
        417
        424
        445
        459
        463
        467
        473
        477
        484
        485
        486
        495
        498
        545
        575
        589
        605
        606
        619
        673
        708
        740
        748
        761
        774
        776
        796
        808
        810
        812
        833
        834
        836
        874
        892
        906
        939
        958
        959
        961
        997
        998
        1010
        1046
        1105
        1110
        1117
        1147
        1167
        1191
        1193
        1217
        1223
        1256
        1285
        1306
        1307
        1326
        1331
        1370
        1421
        1430
        1433
        1470
        1477
        1525
        1541
        1546
        1571
        1583
        1592
        1594
        1627
        1630
        1638
        1657
        1658
        1663
        1664
        1689
        1697
        1700
        1704
        1708
        1718
        1739
        1744
        1748
        1756
        1764
        1771
        1782
        1804
        1813
        1817
        1866
        1882
        1888
        1916
        1919
        1928
        1933
        1987
        1989
        1990
        1994
        2009
        2016
        2057
        2073
        2076
        2085
        2090
        2092
        2096
        2104
        2107
        2126
        2127
        2144
        2169
        2171
        2195
        2209
        2217
        2222
        2242
        2263
        2276
        2279
        2286
        2308
        2312
        2317
        2320
        2333
        2339
        2360
        2363
        2364
        2368
        2371
        2374
        2378
        2381
        2397
        2411
        2424
        2426
        2438
        2444
        2453
        2473
        2475
        2483
        2486
        2488
        2512
        2514
        2516
        2520
        2535
        2536
        2540
        2548
        2558
        2566
        2570
        2572
        2573
        2582
        2591
        2605
        2616
        2625
        2630
        2638
        2639
        2644
        2646
        2650
        2664
        2665
        2680
        2682
        2697
        2710
        2721
        2734
        2741
        2772
        2781
        2788
        2796
        2797
        2802
        2818
        2845
        2849
        2854
        2855
        2874
        2878
        2901
        2905
        2906
        2914
        2920
        2934
        2940
        2944
        2952
        2953
        2956
        2967
        2972
        2980
        2988
        3001
        3003
        3011
        3012
        3026
        3029
        3030
        3050
        3063
        3069
        3070
        3075
        3076
        3086
        3088
        3091
        3106
        3107
        3109
        3111
        3116
        3124
        3128
        3132
        3134
        3136
        3141
        3152
        3153
        3159
        3161
        3166
        3185
        3196
        3236
        3244
        3249
        3258
        3261
        3267
        3285
        3286
        3287
        3300
        3304
        3309
        3312
        3318
        3329
        3336
        3352
        3355
        3381
        3383
        3384
        3422
        3426
        3442
        3459
        3462
        3471
        3478
        3500
        3521
        3527
        3545
        3547
        3608
        3614
        3616
        3620
        3653
        3664
        3697
        3716
        3726
        3733
        3734
        3736
        3738
        3751
        3765
        3793
        3809
        3829
        3841
        3889
        3894
        3904
        3917
        3922
        3927
        3929
        3936
        3961
        3969
        3982
        3985
        3991
        4005
        4008
        4010
        4017
        4020
        4028
        4040
        4042
        4049
        4055
        4059
        4064
        4066
        4068
        4083
        4093
        4095
        4101
        4117
        4119
        4123
        4184
        4188
        4198
        4210
        4212
        4220
        4222
        4237
        4246
        4247
        4251
        4254
        4255
        4258
        4260
        4266
        4269
        4275
        4279
        4282
        4284
        4286
        4290
        4292
        4295
        4302
        4303
        4306
        4307
        4313
        4329
        4335
        4337
        4342
        4353
        4361
        4364
        4369
        4379
        4404
        4411
        4446
        4451
        4455
        4456
        4467
        4485
        4489
        4511
        4516
        4539
        4559
        4560
        4573
        4577
        4583
        4603
        4618
        4640
        4642
        4644
        4681
        4682
        4708
        4748
        4758
        4773
        4801
        4824
        4842
        4845
        4872
        4893
        4906
        4924
        4957
        4968
        4971
        4980
        5002
        5052
        5082
        5115
        5117
        5149
        5150
        5190
        5191
        5205
        5231
        5255
        5262
        5269
        5282
        5283
        5286
        5293
        5324
        5359
        5404
        5446
        5455
        5487
        5508
        5510
        5518
        5520
        5567
        5645
        5703
        5724
        5744
        5763
        5795
        5796
        5825
        5869
        5899
        5922
        5925
        5935
        5962
        5979
        6031
        6042
        6046
        6112
        6135
        6155
        6179
        6205
        6219
        6259
        6299
        6324
        6352
        6365
        6375
        6392
        6402
        6432
        6434
        6439
        6467
        6542
        6617
        6704
        6756
        6758
        6787
        6799
        6837
        6868
        6883
        6906
        6915
        6938
        6942
        6955
        6956
        6964
        6971
        6998
        7028
        7042
        7054
        7066
        7127
        7132
        7148
        7154
        7178
        7182
        7211
        7221
        7246
        7278
        7282
        7285
        7288
        7294
        7297
        7306
        7309
        7315
        7319
        7320
        7321
        7323
        7329
        7331
        7342
        7348
        7351
        7352
        7353
        7357
        7358
        7360
        7361
        7363
        7368
        7371
        7379
        7383
        7389
        7394
        7402
        7404
        7405
        7407
        7409
        7410
        7411
        7417
        7420
        7421
        7422
        7425
        7428
        7429
        7433
        7439
        7441
        7454
        7459
        7462
        7467
        7471
        7473
        7494
        7503
        7507
        7509
        7513
        7521
        7533
        7542
        7547
        7548
        7554
        7560
        7562
        7563
        7588
        7590
        7591
        7593
        7612
        7615
        7617
        7622
        7626
        7631
        7640
        7648
        7650
        7662
        7664
        7671
        7679
        7680
        7682
        7684
        7702
        7729
        7741
        7743
        7746
        7756
        7760
        7768
        7773
        7791
        7802
        7812
        7844
        7868
        7887
        7889
        7920
        7921
        7944
        7946
        7954
        7958
        7960
        7971
        7993
        7997
        8007
        8010
        8013
        8020
        8038
        8049
        8052
        8056
        8061
        8068
        8069
        8081
        8082
        8084
        8085
        8107
        8134
        8144
        8145
        8162
        8164
        8172
        8176
        8191
        8248
        8261
        8283
        8296
        8453
        8476
        8479
        8483
        8485
        8486
        8500
        8506
        8508
        8510
        8512
        8514
        8524
        8527
        8528
        8532
        8536
        8540
        8543
        8546
        8557
        8558
        8563
        8567
        8573
        8574
        8577
        8581
        8584
        8586
        8588
        8595
        8600
        8621
        8639
        8642
        8661
        8667
        8700
        8712
        8746
        8750
        8785
        8789
        8816
        8820
        8825
        8861
        8871
        8874
        8878
        8880
        8885
        8891
        8896
        8916
        8962
        8963
        8967
