        5
        15
        17
        32
        52
        53
        69
        167
        168
        170
        195
        205
        206
        233
        272
        279
        303
        314
        332
        337
        341
        368
        401
        419
        423
        447
        467
        471
        486
        494
        549
        552
        555
        558
        565
        575
        584
        596
        613
        617
        621
        623
        650
        651
        666
        673
        676
        680
        685
        689
        726
        728
        729
        733
        771
        777
        813
        818
        830
        856
        859
        883
        887
        902
        930
        932
        978
        1023
        1040
        1085
        1096
        1098
        1100
        1108
        1131
        1134
        1141
        1152
        1163
        1172
        1192
        1207
        1217
        1227
        1228
        1236
        1253
        1278
        1291
        1292
        1295
        1300
        1308
        1319
        1334
        1344
        1365
        1371
        1373
        1383
        1396
        1399
        1407
        1429
        1449
        1462
        1463
        1488
        1491
        1494
        1497
        1507
        1510
        1529
        1530
        1533
        1543
        1550
        1561
        1586
        1593
        1606
        1610
        1625
        1650
        1655
        1668
        1699
        1704
        1715
        1722
        1731
        1732
        1735
        1754
        1755
        1761
        1763
        1765
        1793
        1796
        1807
        1811
        1821
        1833
        1869
        1872
        1890
        1899
        1905
        1910
        1917
        1923
        1938
        1958
        1969
        1973
        2007
        2024
        2036
        2046
        2056
        2073
        2074
        2075
        2088
        2096
        2106
        2123
        2133
        2151
        2203
        2210
        2212
        2214
        2220
        2223
        2230
        2234
        2235
        2237
        2241
        2247
        2253
        2254
        2262
        2295
        2297
        2300
        2305
        2307
        2311
        2319
        2351
        2352
        2353
        2360
        2365
        2367
        2384
        2385
        2415
        2418
        2465
        2474
        2483
        2501
        2522
        2524
        2527
        2531
        2538
        2542
        2546
        2556
        2573
        2609
        2616
        2618
        2657
        2664
        2671
        2708
        2715
        2722
        2728
        2738
        2754
        2769
        2790
        2795
        2809
        2818
        2825
        2835
        2854
        2859
        2877
        2893
        2905
        2916
        2931
        2950
        2957
        2997
        2999
        3009
        3031
        3036
        3038
        3048
        3067
        3083
        3150
        3160
        3179
        3190
        3238
        3239
        3244
        3257
        3299
        3329
        3332
        3339
        3342
        3349
        3361
        3367
        3381
        3438
        3442
        3450
        3455
        3471
        3503
        3510
        3517
        3535
        3542
        3547
        3549
        3567
        3570
        3580
        3590
        3605
        3619
        3681
        3690
        3693
        3699
        3705
        3723
        3728
        3744
        3753
        3759
        3773
        3791
        3795
        3805
        3807
        3810
        3818
        3824
        3834
        3849
        3851
        3865
        3886
        3898
        3913
        3929
        3933
        3938
        3949
        3952
        3953
        3965
        3974
        3985
        3999
        4000
        4011
        4013
        4050
        4072
        4073
        4078
        4130
        4133
        4134
        4138
        4142
        4147
        4149
        4157
        4170
        4175
        4192
        4205
        4211
        4220
        4225
        4227
        4230
        4238
        4257
        4276
        4283
        4286
        4290
        4297
        4325
        4330
        4336
        4351
        4362
        4366
        4378
        4382
        4384
        4391
        4402
        4406
        4424
        4436
        4441
        4445
        4463
        4529
        4532
        4540
        4547
        4549
        4560
        4601
        4602
        4605
        4618
        4620
        4627
        4651
        4652
        4653
        4688
        4690
        4741
        4744
        4749
        4750
        4752
        4754
        4755
        4761
        4782
        4793
        4816
        4817
        4818
        4821
        4836
        4837
        4838
        4844
        4846
        4852
        4860
        4869
        4870
        4876
        4877
        4880
        4881
        4888
        4893
        4894
        4903
        4908
        4937
        4943
        4950
        4962
        4997
        5001
        5024
        5032
        5042
        5045
        5063
        5065
        5079
        5081
        5082
        5086
        5091
        5094
        5103
        5122
        5131
        5152
        5158
        5165
        5174
        5179
        5185
        5187
        5188
        5205
        5216
        5226
        5227
        5267
        5279
        5283
        5293
        5302
        5315
        5340
        5351
        5359
        5401
        5411
        5417
        5437
        5444
        5454
        5462
        5473
        5479
        5480
        5484
        5488
        5514
        5515
        5553
        5568
        5571
        5580
        5589
        5595
        5596
        5611
        5632
        5645
        5649
        5677
        5691
        5705
        5723
        5759
        5772
        5783
        5787
        5792
        5808
        5844
        5847
        5848
        5851
        5873
        5886
        5889
        5896
        5914
        5945
        5947
        5953
        5957
        5961
        5980
        5990
        6001
        6018
        6031
        6036
        6051
        6071
        6092
        6100
        6112
        6113
        6124
        6130
        6142
        6164
        6170
        6194
        6201
        6207
        6210
        6219
        6233
        6249
        6262
        6269
        6270
        6274
        6284
        6285
        6299
        6304
        6320
        6329
        6335
        6336
        6349
        6352
        6368
        6370
        6371
        6376
        6382
        6393
        6412
        6414
        6416
        6422
        6432
        6434
        6440
        6447
        6448
        6452
        6458
        6468
        6478
        6479
        6481
        6491
        6493
        6509
        6512
        6519
        6520
        6522
        6524
        6525
        6548
        6563
        6569
        6571
        6580
        6586
        6601
        6614
        6615
        6617
        6619
        6623
        6626
        6636
        6637
        6638
        6641
        6642
        6644
        6647
        6651
        6654
        6658
        6666
        6686
        6695
        6708
        6734
        6795
        6837
        6843
        6846
        6851
        6898
        6899
        6949
        6986
        6989
        7030
        7063
        7075
        7085
        7086
        7099
        7124
        7125
        7138
        7160
        7185
        7198
        7222
        7224
        7291
        7293
        7298
        7319
        7330
        7359
        7360
        7373
        7399
        7400
        7412
        7423
        7424
        7444
        7454
        7462
        7495
        7514
        7558
        7563
        7568
        7571
        7579
        7594
        7631
        7635
        7655
        7658
        7659
        7672
        7684
        7685
        7694
        7700
        7713
        7731
        7732
        7734
        7739
        7740
        7747
        7782
        7789
        7792
        7805
        7823
        7826
        7829
        7836
        7837
        7856
        7876
        7924
        7978
        8018
        8049
        8060
        8079
        8090
        8095
        8115
        8126
        8137
        8138
        8164
        8194
        8198
        8212
        8217
        8234
        8243
        8254
        8259
        8267
        8270
        8273
        8276
        8278
        8286
        8288
        8312
        8338
        8356
        8370
        8379
        8395
        8399
        8409
        8411
        8429
        8450
        8452
        8464
        8470
        8472
        8480
        8483
        8486
        8488
        8498
        8511
        8513
        8524
        8526
        8543
        8547
        8572
        8579
        8581
        8587
        8596
        8612
        8613
        8622
        8633
        8650
        8692
        8695
        8722
        8742
        8747
        8748
        8774
        8827
        8862
        8871
        8894
        8921
        8923
        8933
        8940
        8949
        8958
        8986
        8996
