        25
        44
        49
        61
        89
        104
        113
        116
        119
        122
        126
        134
        143
        151
        171
        174
        179
        180
        201
        209
        211
        212
        215
        220
        225
        240
        256
        296
        301
        317
        345
        354
        358
        359
        366
        375
        439
        456
        466
        487
        491
        494
        497
        518
        524
        539
        571
        585
        613
        618
        633
        656
        664
        691
        699
        719
        768
        777
        787
        862
        877
        937
        945
        962
        976
        982
        1021
        1026
        1031
        1077
        1130
        1138
        1161
        1163
        1175
        1232
        1237
        1259
        1269
        1289
        1337
        1344
        1364
        1366
        1380
        1435
        1446
        1453
        1489
        1499
        1524
        1537
        1538
        1543
        1549
        1570
        1572
        1575
        1627
        1630
        1637
        1654
        1656
        1658
        1664
        1672
        1749
        1751
        1757
        1774
        1778
        1800
        1816
        1818
        1823
        1826
        1844
        1858
        1878
        1886
        1891
        1899
        1904
        1906
        1911
        1938
        1959
        1966
        1980
        1981
        1982
        1985
        1986
        1992
        1999
        2000
        2004
        2007
        2010
        2013
        2015
        2016
        2018
        2019
        2021
        2027
        2029
        2030
        2031
        2032
        2035
        2037
        2038
        2040
        2044
        2046
        2048
        2049
        2050
        2053
        2054
        2057
        2058
        2060
        2068
        2070
        2071
        2072
        2079
        2083
        2085
        2088
        2092
        2095
        2096
        2098
        2107
        2112
        2119
        2120
        2121
        2127
        2130
        2131
        2134
        2136
        2144
        2146
        2158
        2170
        2175
        2198
        2215
        2239
        2254
        2255
        2257
        2275
        2301
        2306
        2321
        2327
        2339
        2342
        2366
        2368
        2375
        2389
        2400
        2403
        2409
        2419
        2424
        2434
        2439
        2445
        2448
        2478
        2483
        2500
        2504
        2508
        2515
        2554
        2561
        2586
        2587
        2600
        2601
        2604
        2628
        2632
        2637
        2650
        2668
        2679
        2681
        2712
        2724
        2746
        2748
        2756
        2769
        2772
        2782
        2801
        2821
        2827
        2828
        2839
        2846
        2849
        2862
        2872
        2882
        2884
        2914
        2915
        2920
        2934
        2938
        2939
        2949
        2966
        2973
        2976
        2987
        3032
        3033
        3056
        3059
        3063
        3077
        3079
        3114
        3130
        3131
        3135
        3147
        3149
        3154
        3168
        3205
        3208
        3213
        3214
        3218
        3226
        3232
        3255
        3257
        3263
        3269
        3275
        3276
        3285
        3290
        3292
        3294
        3295
        3296
        3297
        3313
        3316
        3330
        3334
        3360
        3371
        3376
        3382
        3384
        3392
        3418
        3419
        3421
        3457
        3503
        3525
        3535
        3560
        3579
        3589
        3590
        3600
        3608
        3626
        3644
        3695
        3716
        3733
        3742
        3755
        3806
        3833
        3842
        3844
        3850
        3852
        3862
        3865
        3881
        3893
        3898
        3907
        3913
        3945
        3964
        3973
        3999
        4010
        4020
        4031
        4039
        4052
        4094
        4106
        4110
        4116
        4117
        4149
        4152
        4179
        4189
        4191
        4211
        4236
        4248
        4266
        4267
        4268
        4269
        4278
        4280
        4283
        4293
        4296
        4299
        4301
        4304
        4305
        4315
        4322
        4328
        4329
        4331
        4332
        4337
        4338
        4339
        4340
        4346
        4351
        4356
        4371
        4373
        4384
        4399
        4407
        4408
        4410
        4413
        4416
        4417
        4420
        4430
        4432
        4435
        4436
        4437
        4453
        4458
        4464
        4465
        4469
        4529
        4530
        4544
        4579
        4586
        4593
        4657
        4674
        4699
        4713
        4742
        4751
        4805
        4817
        4820
        4821
        4822
        4839
        4841
        4850
        4865
        4872
        4875
        4912
        4918
        4931
        4951
        4958
        4979
        4983
        4998
        5003
        5023
        5027
        5033
        5038
        5040
        5071
        5080
        5099
        5115
        5118
        5122
        5125
        5127
        5140
        5146
        5151
        5158
        5169
        5181
        5185
        5187
        5191
        5193
        5196
        5197
        5200
        5201
        5203
        5205
        5212
        5213
        5218
        5223
        5225
        5226
        5227
        5230
        5239
        5243
        5244
        5245
        5250
        5257
        5262
        5275
        5283
        5285
        5286
        5294
        5299
        5301
        5315
        5334
        5349
        5354
        5358
        5372
        5376
        5388
        5393
        5403
        5414
        5422
        5458
        5459
        5460
        5464
        5467
        5497
        5512
        5528
        5566
        5626
        5651
        5668
        5693
        5742
        5748
        5754
        5757
        5758
        5759
        5790
        5793
        5819
        5832
        5839
        5859
        5890
        5921
        6021
        6026
        6036
        6038
        6042
        6048
        6057
        6150
        6155
        6161
        6165
        6170
        6179
        6191
        6200
        6240
        6251
        6263
        6267
        6282
        6299
        6311
        6322
        6337
        6348
        6354
        6367
        6368
        6370
        6374
        6390
        6391
        6392
        6425
        6448
        6461
        6491
        6500
        6520
        6528
        6546
        6595
        6597
        6599
        6601
        6603
        6620
        6641
        6643
        6644
        6645
        6650
        6664
        6671
        6676
        6686
        6691
        6695
        6704
        6731
        6740
        6751
        6768
        6772
        6813
        6818
        6822
        6845
        6846
        6848
        6849
        6879
        6880
        6897
        6898
        6912
        6925
        6943
        6961
        6967
        6974
        6979
        6981
        6989
        6997
        7037
        7050
        7056
        7068
        7080
        7091
        7096
        7138
        7151
        7165
        7170
        7171
        7179
        7204
        7219
        7226
        7263
        7272
        7284
        7307
        7321
        7337
        7363
        7368
        7375
        7383
        7396
        7397
        7432
        7441
        7445
        7453
        7474
        7476
        7497
        7511
        7529
        7550
        7559
        7568
        7584
        7592
        7594
        7596
        7604
        7642
        7727
        7732
        7733
        7736
        7744
        7755
        7762
        7765
        7766
        7770
        7776
        7780
        7795
        7819
        7829
        7835
        7848
        7853
        7858
        7861
        7869
        7871
        7881
        7892
        7894
        7896
        7912
        7919
        7964
        8041
        8056
        8057
        8081
        8083
        8087
        8093
        8094
        8131
        8150
        8157
        8173
        8181
        8195
        8212
        8222
        8249
        8270
        8315
        8344
        8346
        8357
        8391
        8400
        8421
        8451
        8468
        8474
        8520
        8560
        8563
        8574
        8593
        8596
        8604
        8614
        8616
        8617
        8636
        8642
        8648
        8663
        8670
        8673
        8686
        8711
        8752
        8757
        8766
        8788
        8795
        8798
        8800
        8803
        8818
        8846
        8848
        8854
        8872
        8877
        8886
        8913
        8921
        8941
        8945
        8949
        8953
        8955
        8968
        8976
        8984
        8988
        8994
