        28
        37
        52
        58
        78
        84
        89
        90
        97
        106
        133
        139
        143
        146
        156
        217
        227
        235
        251
        264
        291
        294
        310
        337
        343
        348
        360
        383
        389
        393
        419
        424
        436
        442
        466
        484
        485
        488
        489
        498
        499
        505
        516
        523
        530
        541
        553
        555
        580
        584
        596
        613
        641
        652
        654
        656
        669
        670
        675
        704
        712
        722
        739
        758
        761
        772
        775
        777
        780
        784
        792
        865
        872
        882
        887
        893
        928
        930
        931
        950
        959
        972
        976
        986
        994
        999
        1003
        1015
        1020
        1024
        1035
        1041
        1042
        1045
        1046
        1048
        1049
        1053
        1054
        1055
        1069
        1073
        1074
        1081
        1085
        1088
        1092
        1097
        1101
        1107
        1117
        1132
        1135
        1142
        1145
        1148
        1149
        1169
        1180
        1233
        1269
        1270
        1290
        1293
        1297
        1310
        1326
        1340
        1349
        1355
        1358
        1372
        1389
        1404
        1406
        1423
        1453
        1459
        1460
        1465
        1493
        1501
        1508
        1515
        1518
        1534
        1558
        1571
        1603
        1628
        1636
        1651
        1660
        1666
        1674
        1697
        1753
        1758
        1763
        1777
        1788
        1792
        1813
        1820
        1828
        1831
        1841
        1845
        1854
        1856
        1875
        1932
        1943
        1956
        1960
        1965
        1967
        1968
        1970
        1972
        1983
        1994
        1996
        2001
        2009
        2011
        2020
        2033
        2035
        2038
        2043
        2056
        2066
        2069
        2084
        2092
        2093
        2113
        2122
        2136
        2160
        2175
        2211
        2214
        2228
        2232
        2236
        2244
        2250
        2254
        2271
        2290
        2317
        2320
        2328
        2340
        2346
        2375
        2383
        2392
        2407
        2420
        2433
        2473
        2506
        2547
        2611
        2629
        2639
        2659
        2664
        2672
        2693
        2705
        2737
        2779
        2783
        2802
        2812
        2844
        2849
        2861
        2870
        2878
        2899
        2919
        2922
        2937
        2941
        2949
        2951
        2957
        2970
        2981
        2985
        2996
        3043
        3049
        3092
        3093
        3108
        3109
        3141
        3216
        3239
        3252
        3266
        3281
        3283
        3291
        3293
        3294
        3325
        3369
        3390
        3418
        3457
        3466
        3478
        3510
        3526
        3537
        3560
        3605
        3621
        3633
        3634
        3671
        3674
        3681
        3693
        3697
        3700
        3713
        3722
        3728
        3732
        3740
        3762
        3766
        3772
        3778
        3781
        3803
        3807
        3808
        3821
        3824
        3833
        3837
        3860
        3863
        3869
        3875
        3880
        3906
        3933
        3946
        3951
        3958
        4004
        4015
        4017
        4029
        4038
        4045
        4050
        4055
        4057
        4115
        4141
        4147
        4150
        4181
        4207
        4208
        4215
        4227
        4240
        4274
        4277
        4290
        4292
        4305
        4307
        4340
        4348
        4355
        4361
        4364
        4389
        4396
        4411
        4423
        4437
        4446
        4451
        4458
        4467
        4469
        4474
        4485
        4487
        4511
        4514
        4553
        4566
        4574
        4580
        4583
        4597
        4601
        4603
        4625
        4629
        4653
        4661
        4662
        4673
        4682
        4702
        4738
        4750
        4766
        4780
        4795
        4803
        4811
        4818
        4826
        4828
        4831
        4856
        4863
        4893
        4896
        4898
        4913
        4914
        4925
        4957
        4967
        4986
        4995
        4997
        5025
        5026
        5032
        5039
        5059
        5063
        5082
        5110
        5113
        5137
        5142
        5153
        5188
        5192
        5193
        5218
        5242
        5259
        5278
        5284
        5296
        5299
        5301
        5313
        5316
        5324
        5326
        5336
        5343
        5353
        5358
        5376
        5389
        5394
        5402
        5408
        5418
        5425
        5443
        5458
        5464
        5469
        5478
        5490
        5512
        5523
        5550
        5553
        5561
        5562
        5563
        5592
        5611
        5641
        5662
        5680
        5687
        5690
        5697
        5705
        5709
        5718
        5723
        5736
        5745
        5760
        5761
        5804
        5838
        5846
        5856
        5863
        5866
        5873
        5888
        5895
        5907
        5909
        5934
        5975
        5999
        6003
        6029
        6047
        6055
        6059
        6062
        6065
        6078
        6098
        6099
        6113
        6136
        6139
        6141
        6154
        6157
        6170
        6184
        6190
        6229
        6255
        6266
        6284
        6303
        6315
        6321
        6341
        6347
        6375
        6397
        6434
        6457
        6478
        6494
        6503
        6508
        6511
        6539
        6541
        6561
        6572
        6574
        6582
        6609
        6618
        6621
        6630
        6639
        6652
        6655
        6656
        6667
        6671
        6677
        6682
        6689
        6700
        6715
        6743
        6757
        6779
        6784
        6813
        6824
        6839
        6861
        6863
        6878
        6886
        6892
        6894
        6902
        6912
        6931
        6933
        6940
        6945
        6962
        6967
        6969
        6971
        6973
        6986
        6992
        6998
        7001
        7006
        7010
        7014
        7019
        7023
        7037
        7039
        7049
        7055
        7056
        7072
        7083
        7095
        7136
        7138
        7140
        7169
        7177
        7181
        7184
        7185
        7192
        7194
        7204
        7210
        7214
        7215
        7216
        7217
        7224
        7240
        7250
        7273
        7291
        7298
        7335
        7347
        7350
        7362
        7392
        7430
        7442
        7460
        7498
        7503
        7546
        7562
        7591
        7651
        7656
        7661
        7712
        7723
        7726
        7809
        7837
        7845
        7855
        7861
        7875
        7882
        7932
        7935
        7943
        7956
        7999
        8017
        8022
        8030
        8044
        8067
        8145
        8171
        8192
        8217
        8218
        8234
        8263
        8267
        8269
        8270
        8287
        8293
        8306
        8324
        8359
        8382
        8388
        8389
        8397
        8438
        8449
        8457
        8467
        8475
        8488
        8498
        8530
        8536
        8540
        8568
        8593
        8598
        8611
        8624
        8631
        8663
        8671
        8675
        8732
        8782
        8794
        8835
        8840
        8888
        8893
        8896
        8916
        8917
        8922
        8931
        8945
        8960
        8979
        8998
