        26
        38
        41
        64
        76
        92
        133
        147
        151
        181
        188
        195
        203
        224
        227
        237
        249
        258
        320
        349
        353
        354
        369
        396
        401
        403
        419
        477
        492
        494
        519
        523
        546
        564
        581
        597
        642
        660
        691
        705
        800
        873
        878
        939
        940
        963
        1023
        1025
        1036
        1047
        1050
        1084
        1094
        1105
        1123
        1130
        1145
        1152
        1172
        1188
        1213
        1219
        1228
        1233
        1253
        1261
        1277
        1299
        1301
        1318
        1334
        1342
        1347
        1375
        1381
        1390
        1397
        1420
        1470
        1514
        1573
        1581
        1582
        1621
        1629
        1640
        1656
        1668
        1673
        1701
        1704
        1708
        1721
        1729
        1732
        1746
        1761
        1775
        1778
        1792
        1821
        1825
        1830
        1862
        1866
        1868
        1888
        1897
        1914
        1956
        1960
        1974
        1987
        2057
        2098
        2104
        2145
        2187
        2194
        2202
        2219
        2232
        2244
        2245
        2255
        2265
        2293
        2294
        2296
        2350
        2353
        2355
        2359
        2391
        2422
        2426
        2462
        2481
        2482
        2484
        2495
        2506
        2517
        2528
        2532
        2538
        2552
        2566
        2570
        2615
        2627
        2631
        2637
        2638
        2668
        2696
        2698
        2710
        2712
        2732
        2741
        2750
        2758
        2768
        2773
        2782
        2791
        2826
        2832
        2846
        2865
        2870
        2878
        2886
        2887
        2893
        2930
        2944
        2956
        2964
        2982
        2986
        2995
        3019
        3024
        3032
        3041
        3056
        3076
        3083
        3087
        3112
        3129
        3144
        3155
        3157
        3187
        3192
        3194
        3207
        3232
        3246
        3253
        3265
        3266
        3269
        3276
        3279
        3280
        3294
        3326
        3328
        3329
        3349
        3357
        3367
        3374
        3378
        3391
        3404
        3406
        3423
        3427
        7491
        7502
        7531
        7568
        8297
        8298
