        14
        40
        49
        51
        67
        84
        101
        131
        149
        156
        158
        167
        176
        194
        220
        221
        226
        231
        238
        240
        243
        260
        268
        276
        283
        296
        298
        309
        317
        325
        335
        338
        358
        365
        374
        405
        410
        413
        425
        434
        444
        448
        450
        458
        467
        482
        485
        488
        493
        495
        509
        519
        530
        572
        573
        608
        611
        627
        633
        638
        646
        672
        677
        678
        683
        685
        700
        705
        719
        736
        737
        762
        772
        783
        785
        787
        791
        814
        817
        825
        831
        849
        851
        856
        868
        870
        873
        876
        893
        895
        908
        913
        914
        919
        922
        937
        938
        940
        963
        967
        968
        976
        979
        987
        1001
        1006
        1012
        1016
        1042
        1046
        1050
        1060
        1077
        1085
        1091
        1128
        1137
        1148
        1153
        1155
        1165
        1172
        1179
        1189
        1193
        1205
        1219
        1231
        1236
        1240
        1247
        1270
        1286
        1289
        1294
        1301
        1303
        1317
        1379
        1399
        1412
        1422
        1441
        1546
        1551
        1559
        1563
        1666
        1667
        1758
        1773
        1779
        1786
        1788
        1814
        1818
        1850
        1891
        1899
        1908
        1951
        1966
        1970
        1989
        2019
        2024
        2038
        2041
        2044
        2045
        2057
        2084
        2092
        2108
        2116
        2129
        2151
        2174
        2183
        2184
        2197
        2199
        2204
        2223
        2230
        2232
        2244
        2247
        2273
        2286
        2295
        2296
        2310
        2337
        2352
        2353
        2360
        2363
        2372
        2393
        2403
        2460
        2487
        2492
        2515
        2527
        2549
        2554
        2561
        2566
        2595
        2631
        2641
        2682
        2687
        2694
        2699
        2740
        2747
        2758
        2787
        2789
        2791
        2818
        2822
        2824
        2827
        2851
        2857
        2861
        2886
        2891
        2897
        2902
        2916
        2932
        2935
        2947
        2962
        3008
        3010
        3031
        3035
        3037
        3041
        3043
        3054
        3055
        3057
        3065
        3074
        3091
        3103
        3156
        3180
        3188
        3212
        3229
        3236
        3248
        3288
        3294
        3302
        3323
        3368
        3394
        3414
        3419
        3481
        3484
        3487
        3495
        3499
        3502
        3504
        3508
        3513
        3516
        3520
        3529
        3534
        3538
        3540
        3545
        3561
        3562
        3587
        3589
        3605
        3611
        3623
        3626
        3630
        3653
        3663
        3670
        3673
        3678
        3682
        3686
        3713
        3718
        3728
        3739
        3750
        3754
        3820
        3879
        3883
        3978
        4058
        4069
        4083
        4094
        4142
        4145
        4164
        4176
        4182
        4185
        4200
        4218
        4220
        4246
        4256
        4268
        4284
        4295
        4298
        4304
        4307
        4345
        4353
        4360
        4367
        4376
        4436
        4487
        4495
        4507
        4510
        4551
        4602
        4619
        4694
        4704
        4765
        4817
        4827
        4839
        4889
        4947
        4979
        5065
        5122
        5130
        5131
        5136
        5142
        5164
        5184
        5185
        5189
        5194
        5211
        5247
        5251
        5281
        5298
        5310
        5338
        5374
        5457
        5462
        5463
        5472
        5478
        5480
        5515
        5522
        5524
        5534
        5535
        5541
        5544
        5545
        5546
        5551
        5553
        5558
        5577
        5579
        5580
        5581
        5583
        5586
        5591
        5593
        5610
        5612
        5620
        5649
        5655
        5692
        5694
        5734
        5747
        5757
        5771
        5794
        5812
        5816
        5819
        5824
        5851
        5860
        5904
        5918
        5925
        5942
        5950
        5959
        6006
        6013
        6023
        6026
        6063
        6081
        6101
        6212
        6230
        6234
        6279
        6317
        6328
        6354
        6356
        6359
        6384
        6429
        6495
        6514
        6525
        6659
        6663
        6670
        6769
        6774
        6791
        6793
        6795
        6799
        6815
        6959
        6976
        6984
        7003
        7014
        7023
        7028
        7039
        7066
        7105
        7130
        7244
        7317
        7425
        7427
        7429
        7463
        7466
        7471
        7473
        7483
        7512
        7525
        7568
        7576
        7592
        7602
        7609
        7617
        7644
        7686
        7723
        7761
        7845
        7911
        7924
        7945
        7986
        8021
        8041
        8059
        8068
        8081
        8085
        8107
        8113
        8114
        8122
        8124
        8138
        8146
        8164
        8170
        8176
        8198
        8203
        8219
        8241
        8281
        8284
        8287
        8289
        8294
        8295
        8298
        8299
        8301
        8303
        8305
        8309
        8310
        8314
        8334
        8335
        8341
        8353
        8360
        8368
        8374
        8376
        8390
        8399
        8428
        8432
        8443
        8454
        8484
        8485
        8486
        8489
        8492
        8493
        8496
        8506
        8509
        8515
        8520
        8528
        8537
        8549
        8555
        8563
        8566
        8568
        8580
        8587
        8596
        8603
        8615
        8628
        8629
        8633
        8636
        8690
        8735
        8746
        8768
        8810
        8819
        8820
        8835
        8836
        8850
        8865
        8876
        8885
        8915
        8917
        8919
        8931
        8938
        8962
        8982
