        3
        35
        37
        43
        48
        52
        72
        77
        110
        132
        174
        186
        208
        213
        228
        231
        247
        258
        263
        290
        295
        307
        337
        339
        343
        380
        385
        394
        446
        496
        508
        516
        520
        529
        550
        552
        556
        561
        566
        610
        618
        621
        655
        660
        682
        698
        723
        736
        747
        758
        773
        785
        802
        813
        823
        838
        844
        858
        866
        898
        904
        938
        960
        973
        975
        981
        990
        1024
        1026
        1034
        1075
        1085
        1113
        1115
        1118
        1134
        1135
        1144
        1145
        1207
        1210
        1232
        1244
        1251
        1263
        1279
        1305
        1324
        1342
        1345
        1350
        1355
        1390
        1411
        1419
        1430
        1452
        1455
        1461
        1468
        1480
        1485
        1488
        1502
        1521
        1537
        1549
        1551
        1556
        1563
        1573
        1597
        1598
        1607
        1608
        1609
        1618
        1626
        1639
        1648
        1657
        1662
        1666
        1673
        1675
        1691
        1695
        1701
        1702
        1706
        1712
        1718
        1723
        1725
        1735
        1736
        1738
        1762
        1764
        1767
        1772
        1778
        1786
        1802
        1816
        1825
        1831
        1839
        1845
        1847
        1866
        1868
        1873
        1877
        1881
        1884
        1886
        1891
        1904
        1912
        1915
        1922
        1924
        1940
        1944
        1954
        1986
        2000
        2016
        2020
        2027
        2049
        2061
        2091
        2096
        2108
        2124
        2132
        2133
        2136
        2158
        2163
        2178
        2188
        2194
        2212
        2214
        2220
        2245
        2251
        2253
        2264
        2277
        2286
        2320
        2327
        2329
        2346
        2349
        2352
        2353
        2391
        2392
        2400
        2401
        2443
        2498
        2523
        2532
        2556
        2559
        2610
        2613
        2618
        2619
        2621
        2654
        2658
        2688
        2697
        2784
        2808
        2855
        2885
        2893
        2911
        2922
        2925
        2939
        2944
        2981
        3018
        3023
        3056
        3059
        3068
        3083
        3109
        3125
        3162
        3167
        3177
        3198
        3200
        3222
        3226
        3253
        3266
        3287
        3311
        3314
        3327
        3343
        3360
        3373
        3390
        3391
        3399
        3417
        3419
        3427
        3432
        3492
        3493
        3501
        3503
        3512
        3515
        3521
        3529
        3558
        3620
        3640
        3644
        3649
        3667
        3682
        3697
        3709
        3733
        3740
        3835
        3842
        3844
        3855
        3882
        3921
        3957
        3971
        3979
        3995
        4003
        4034
        4072
        4099
        4102
        4103
        4105
        4114
        4129
        4161
        4172
        4176
        4178
        4195
        4233
        4241
        4257
        4261
        4279
        4292
        4321
        4342
        4367
        4386
        4391
        4407
        4426
        4428
        4447
        4458
        4465
        4511
        4523
        4596
        4626
        4655
        4659
        4668
        4675
        4686
        4703
        4707
        4726
        4740
        4773
        4786
        4792
        4795
        4798
        4811
        4851
        4858
        4876
        4898
        4899
        4902
        4906
        5002
        5012
        5024
        5035
        5058
        5070
        5080
        5124
        5134
        5160
        5197
        5198
        5200
        5201
        5213
        5255
        5260
        5281
        5292
        5295
        5306
        5334
        5358
        5369
        5383
        5397
        5441
        5461
        5467
        5486
        5493
        5495
        5500
        5515
        5523
        5534
        5542
        5549
        5564
        5580
        5582
        5601
        5611
        5636
        5638
        5672
        5684
        5708
        5712
        5721
        5723
        5735
        5740
        5765
        5825
        5841
        5847
        5851
        5857
        5867
        5870
        5895
        5905
        5935
        5955
        5963
        5968
        5990
        5995
        5998
        6041
        6049
        6061
        6065
        6072
        6091
        6104
        6105
        6108
        6127
        6139
        6154
        6182
        6195
        6235
        6251
        6252
        6264
        6293
        6323
        6349
        6355
        6366
        6370
        6378
        6382
        6408
        6411
        6427
        6437
        6460
        6465
        6473
        6475
        6485
        6488
        6491
        6540
        6545
        6554
        6561
        6567
        6573
        6582
        6596
        6608
        6612
        6616
        6628
        6646
        6654
        6657
        6669
        6676
        6684
        6724
        6730
        6737
        6772
        6773
        6810
        6820
        6823
        6833
        6847
        6870
        6901
        6907
        6943
        6962
        6965
        6968
        6972
        6992
        7011
        7012
        7038
        7056
        7072
        7077
        7086
        7094
        7122
        7126
        7129
        7136
        7147
        7181
        7200
        7201
        7209
        7224
        7229
        7242
        7246
        7264
        7269
        7300
        7301
        7318
        7338
        7347
        7350
        7352
        7357
        7378
        7408
        7409
        7418
        7424
        7426
        7431
        7436
        7448
        7467
        7476
        7485
        7489
        7520
        7522
        7556
        7558
        7584
        7601
        7609
        7614
        7639
        7657
        7669
        7676
        7678
        7680
        7685
        7698
        7710
        7717
        7725
        7730
        7735
        7741
        7777
        7810
        7812
        7819
        7821
        7827
        7835
        7840
        7848
        7886
        7889
        7906
        7907
        7921
        7932
        7937
        7957
        7958
        7988
        8041
        8058
        8065
        8074
        8111
        8162
        8182
        8200
        8211
        8258
        8269
        8273
        8287
        8298
        8360
        8362
        8448
        8495
        8502
        8507
        8515
        8518
        8525
        8582
        8587
        8604
        8614
        8627
        8682
        8685
        8697
        8704
        8723
        8727
        8778
        8839
        8847
        8848
        8915
        8919
        8946
        8951
        8965
        8968
        8980
