        6
        36
        58
        64
        69
        71
        78
        88
        97
        103
        137
        146
        194
        207
        216
        236
        252
        277
        288
        292
        313
        320
        340
        352
        358
        372
        410
        418
        464
        485
        524
        527
        550
        552
        557
        561
        597
        622
        642
        650
        652
        691
        693
        734
        754
        787
        793
        796
        802
        808
        821
        832
        862
        893
        909
        911
        935
        943
        1017
        1027
        1035
        1047
        1061
        1063
        1074
        1088
        1103
        1116
        1132
        1133
        1163
        1178
        1180
        1189
        1201
        1209
        1217
        1219
        1223
        1224
        1252
        1255
        1274
        1292
        1296
        1302
        1317
        1321
        1332
        1361
        1363
        1370
        1375
        1390
        1424
        1434
        1443
        1455
        1470
        1472
        1480
        1489
        1491
        1520
        1523
        1542
        1558
        1561
        1576
        1581
        1588
        1591
        1603
        1609
        1614
        1625
        1629
        1678
        1680
        1688
        1691
        1694
        1705
        1708
        1726
        1731
        1737
        1760
        1774
        1781
        1796
        1832
        1847
        1873
        1883
        1884
        1890
        1899
        1913
        1953
        1962
        1982
        1997
        1999
        2011
        2016
        2021
        2032
        2034
        2056
        2067
        2095
        2121
        2126
        2135
        2174
        2183
        2199
        2204
        2209
        2214
        2215
        2230
        2232
        2235
        2260
        2282
        2287
        2293
        2296
        2302
        2313
        2355
        2356
        2371
        2373
        2375
        2391
        2400
        2403
        2421
        2455
        2460
        2472
        2491
        2500
        2512
        2523
        2527
        2529
        2539
        2542
        2547
        2567
        2581
        2616
        2621
        2632
        2636
        2645
        2667
        2673
        2688
        2696
        2705
        2709
        2733
        2736
        2744
        2758
        2777
        2790
        2796
        2821
        2826
        2832
        2841
        2845
        2857
        2878
        2892
        2904
        2909
        2924
        2938
        2963
        2967
        2975
        2977
        2984
        2988
        2989
        2990
        3001
        3005
        3017
        3022
        3026
        3036
        3051
        3065
        3070
        3098
        3101
        3106
        3124
        3126
        3128
        3131
        3139
        3144
        3157
        3158
        3162
        3166
        3169
        3184
        3202
        3204
        3280
        3285
        3324
        3340
        3346
        3369
        3376
        3382
        3383
        3391
        3392
        3395
        3430
        3433
        3468
        3476
        3478
        3525
        3553
        3574
        3600
        3606
        3616
        3617
        3635
        3652
        3667
        3671
        3677
        3678
        3680
        3690
        3695
        3718
        3724
        3735
        3749
        3751
        3772
        3774
        3787
        3791
        3799
        3826
        3841
        3845
        3894
        3916
        3928
        3929
        3941
        3945
        3983
        3993
        4041
        4051
        4053
        4076
        4093
        4115
        4132
        4136
        4144
        4160
        4196
        4204
        4217
        4218
        4248
        4262
        4263
        4306
        4319
        4327
        4336
        4354
        4366
        4378
        4399
        4424
        4450
        4456
        4463
        4465
        4478
        4487
        4508
        4516
        4533
        4537
        4545
        4591
        4598
        4619
        4626
        4642
        4656
        4684
        4692
        4723
        4741
        4779
        4782
        4795
        4811
        4882
        4889
        4899
        4909
        4910
        4920
        4923
        4963
        4970
        4973
        5035
        5055
        5070
        5081
        5111
        5116
        5117
        5136
        5139
        5146
        5149
        5201
        5234
        5238
        5241
        5248
        5250
        5251
        5282
        5291
        5308
        5320
        5336
        5371
        5381
        5385
        5393
        5401
        5428
        5433
        5435
        5461
        5463
        5472
        5485
        5495
        5500
        5502
        5503
        5510
        5514
        5535
        5547
        5553
        5559
        5567
        5570
        5585
        5597
        5600
        5612
        5614
        5632
        5635
        5638
        5645
        5648
        5652
        5656
        5660
        5665
        5670
        5678
        5679
        5709
        5723
        5734
        5738
        5760
        5785
        5809
        5838
        5851
        5852
        5856
        5906
        5919
        5926
        5950
        5972
        5984
        5999
        6004
        6006
        6027
        6043
        6055
        6086
        6104
        6131
        6134
        6140
        6141
        6146
        6152
        6210
        6234
        6239
        6250
        6265
        6267
        6275
        6296
        6335
        6353
        6365
        6428
        6432
        6480
        6509
        6523
        6527
        6556
        6562
        6570
        6589
        6622
        6628
        6654
        6656
        6671
        6681
        6695
        6720
        6736
        6788
        6795
        6801
        6806
        6829
        6831
        6876
        6899
        6932
        6970
        6973
        6994
        6999
        7014
        7023
        7025
        7031
        7043
        7065
        7084
        7087
        7094
        7097
        7099
        7101
        7104
        7108
        7110
        7122
        7135
        7152
        7156
        7175
        7189
        7202
        7224
        7229
        7239
        7261
        7357
        7370
        7373
        7383
        7385
        7414
        7446
        7454
        7478
        7488
        7492
        7496
        7502
        7510
        7512
        7547
        7569
        7651
        7653
        7656
        7680
        7705
        7746
        7747
        7761
        7775
        7779
        7785
        7789
        7812
        7843
        7848
        7870
        7874
        7889
        7903
        7907
        7945
        7948
        7964
        7987
        7993
        8006
        8008
        8039
        8046
        8047
        8064
        8067
        8073
        8074
        8078
        8084
        8105
        8114
        8116
        8119
        8133
        8150
        8153
        8185
        8200
        8202
        8204
        8219
        8224
        8230
        8233
        8238
        8243
        8256
        8268
        8279
        8284
        8294
        8296
        8304
        8320
        8329
        8341
        8352
        8370
        8383
        8391
        8399
        8454
        8463
        8488
        8494
        8495
        8499
        8514
        8521
        8522
        8525
        8539
        8561
        8602
        8605
        8622
        8628
        8629
        8658
        8672
        8684
        8695
        8701
        8704
        8706
        8724
        8742
        8750
        8759
        8763
        8771
        8786
        8791
        8808
        8821
        8830
        8836
        8842
        8853
        8856
        8866
        8871
        8881
        8887
        8904
        8908
        8930
        8965
        8967
        8978
