        6
        12
        16
        32
        35
        48
        58
        59
        76
        82
        91
        99
        100
        115
        116
        120
        128
        133
        135
        136
        139
        140
        143
        149
        151
        152
        163
        165
        198
        203
        207
        234
        277
        313
        331
        336
        350
        356
        378
        384
        401
        450
        455
        493
        494
        499
        514
        517
        524
        533
        534
        567
        576
        595
        607
        610
        613
        616
        642
        649
        668
        674
        709
        714
        719
        763
        777
        784
        803
        805
        835
        848
        873
        918
        1013
        1018
        1029
        1063
        1072
        1091
        1127
        1144
        1188
        1207
        1211
        1223
        1239
        1246
        1281
        1300
        1303
        1325
        1329
        1339
        1369
        1378
        1409
        1439
        1452
        1454
        1480
        1496
        1511
        1526
        1537
        1599
        1625
        1630
        1631
        1633
        1642
        1644
        1651
        1660
        1673
        1684
        1700
        1722
        1755
        1763
        1789
        1791
        1817
        1824
        1854
        1865
        1923
        1929
        1933
        1945
        1952
        1955
        1998
        2005
        2043
        2074
        2088
        2128
        2174
        2242
        2288
        2302
        2304
        2315
        2321
        2344
        2346
        2349
        2381
        2410
        2413
        2451
        2507
        2515
        2532
        2550
        2564
        2572
        2581
        2626
        2652
        2659
        2665
        2672
        2681
        2692
        2702
        2708
        2764
        2765
        2771
        2773
        2782
        2797
        2801
        2837
        2846
        2852
        2903
        2912
        2983
        3018
        3037
        3070
        3097
        3102
        3103
        3131
        3151
        3170
        3184
        3186
        3187
        3201
        3214
        3238
        3356
        3365
        3379
        3398
        3402
        3410
        3413
        3425
        3438
        3461
        3464
        3487
        3490
        3506
        3511
        3521
        3525
        3543
        3547
        3563
        3565
        3570
        3624
        3640
        3644
        3646
        3669
        3677
        3716
        3731
        3737
        3742
        3744
        3754
        3778
        3805
        3817
        3822
        3824
        3826
        3828
        3831
        3839
        3846
        3854
        3857
        3859
        3893
        3905
        3906
        3907
        3911
        3913
        3922
        3930
        3936
        3938
        3944
        3948
        3973
        3974
        4005
        4015
        4016
        4022
        4027
        4039
        4041
        4047
        4085
        4148
        4153
        4167
        4190
        4194
        4214
        4263
        4301
        4333
        4354
        4375
        4386
        4403
        4436
        4441
        4446
        4463
        4499
        4526
        4539
        4567
        4581
        4619
        4639
        4670
        4676
        4688
        4720
        4727
        4736
        4753
        4787
        4788
        4809
        4829
        4842
        4880
        4888
        4891
        4914
        4915
        4919
        4924
        4937
        4942
        4956
        4971
        5003
        5005
        5029
        5042
        5053
        5058
        5061
        5069
        5071
        5108
        5111
        5145
        5147
        5161
        5174
        5184
        5193
        5232
        5233
        5243
        5247
        5258
        5286
        5315
        5324
        5336
        5342
        5379
        5398
        5403
        5418
        5422
        5467
        5484
        5502
        5511
        5528
        5532
        5535
        5538
        5575
        5593
        5642
        5670
        5673
        5706
        5722
        5727
        5751
        5779
        5785
        5849
        5852
        5856
        5868
        5884
        5892
        5900
        5912
        5917
        5920
        5928
        5931
        5933
        5936
        5939
        5944
        5949
        5961
        6016
        6106
        6137
        6149
        6163
        6171
        6178
        6197
        6206
        6254
        6261
        6273
        6295
        6304
        6306
        6310
        6328
        6352
        6396
        6403
        6429
        6433
        6448
        6469
        6512
        6518
        6526
        6531
        6536
        6583
        6611
        6651
        6671
        6683
        6694
        6733
        6745
        6778
        6792
        6823
        6852
        6865
        6883
        6909
        6915
        6932
        6946
        6956
        7031
        7039
        7048
        7062
        7069
        7107
        7108
        7111
        7116
        7133
        7165
        7166
        7176
        7201
        7214
        7260
        7262
        7278
        7288
        7305
        7312
        7321
        7326
        7329
        7351
        7397
        7415
        7430
        7447
        7452
        7456
        7477
        7490
        7505
        7508
        7514
        7524
        7540
        7550
        7560
        7561
        7566
        7578
        7595
        7600
        7610
        7617
        7624
        7635
        7646
        7649
        7659
        7681
        7684
        7703
        7716
        7717
        7723
        7736
        7741
        7812
        7823
        7835
        7838
        7849
        7855
        7880
        7883
        7888
        7912
        7915
        7919
        7922
        7923
