        18
        34
        44
        51
        83
        85
        86
        95
        152
        172
        207
        230
        233
        245
        251
        282
        289
        319
        320
        335
        371
        386
        393
        402
        411
        430
        438
        442
        494
        534
        630
        636
        649
        656
        679
        690
        718
        742
        749
        754
        793
        823
        826
        830
        852
        886
        913
        922
        928
        937
        955
        964
        980
        1086
        1113
        1153
        1160
        1161
        1186
        1188
        1196
        1213
        1222
        1231
        1304
        1322
        1348
        1362
        1417
        1421
        1466
        1473
        1484
        1487
        1533
        1543
        1562
        1564
        1567
        1573
        1586
        1621
        1625
        1638
        1657
        1682
        1687
        1703
        1716
        1738
        1750
        1751
        1781
        1783
        1784
        1786
        1787
        1819
        1832
        1835
        1843
        1864
        1964
        1980
        1996
        2001
        2010
        2013
        2016
        2022
        2028
        2056
        2087
        2088
        2102
        2114
        2157
        2172
        2220
        2276
        2393
        2397
        2473
        2538
        2545
        2558
        2561
        2568
        2607
        2663
        2666
        2716
        2730
        2733
        2740
        2795
        2799
        2835
        2841
        2861
        2882
        2907
        2948
        3038
        3041
        3055
        3066
        3093
        3097
        3114
        3175
        3204
        3206
        3225
        3263
        3275
        3280
        3336
        3345
        3375
        3414
        3421
        3436
        3483
        3492
        3528
        3533
        3537
        3545
        3571
        3682
        3684
        3711
        3752
        3758
        3776
        3783
        3809
        3822
        3871
        3922
        3944
        3956
        3974
        3976
        3999
        4018
        4035
        4081
        4095
        4144
        4148
        4160
        4166
        4252
        4259
        4280
        4287
        4293
        4307
        4324
        4346
        4383
        4396
        4412
        4443
        4456
        4496
        4520
        4547
        4564
        4566
        4591
        4592
        4618
        4619
        4623
        4632
        4633
        4637
        4691
        4729
        4737
        4748
        4760
        4779
        4808
        4814
        4828
        4875
        4913
        4919
        4944
        4962
        4984
        5011
        5027
        5028
        5038
        5066
        5074
        5088
        5101
        5130
        5131
        5155
        5173
        5192
        5216
        5219
        5248
        5283
        5303
        5327
        5353
        5386
        5392
        5396
        5432
        5453
        5460
        5562
        5571
        5603
        5606
        5639
        5670
        5694
        5711
        5731
        5748
        5750
        5753
        5787
        5801
        5805
        5823
        5829
        5848
        5863
        5872
        5883
        5885
        5901
        5906
        5960
        5968
        5975
        5984
        5993
        6032
        6058
        6075
        6105
        6116
        6121
        6150
        6155
        6165
        6184
        6205
        6214
        6227
        6272
        6283
        6287
        6327
        6332
        6358
        6374
        6392
        6394
        6419
        6423
        6433
        6486
        6498
        6505
        6528
        6532
        6587
        6597
        6604
        6674
        6693
        6703
        6709
        6711
        6727
        6742
        6751
        6764
        6779
        6787
        6796
        6825
        6843
        6851
        6885
        6886
        6901
        6913
        6937
        6953
        6983
        6995
        7002
        7008
        7066
        7084
        7126
        7141
        7278
        7279
        7315
        7330
        7339
        7351
        7362
        7370
        7378
        7392
        7399
        7406
        7422
        7443
        7449
        7472
        7475
        7477
        7487
        7524
        7528
        7545
        7550
        7564
        7600
        7618
        7639
        7649
        7660
        7672
        7691
        7695
        7700
        7725
        7737
        7769
        7772
        7795
        7827
        7833
        7859
        7861
        7865
        7897
        7912
        7917
        7919
        7923
        8006
        8043
        8094
        8100
        8103
        8112
        8130
        8138
        8142
        8199
        8213
        8225
        8232
        8256
        8265
        8278
        8298
        8329
        8364
        8408
        8424
        8436
        8457
        8475
        8492
        8514
        8545
        8567
        8570
        8597
        8617
        8626
        8645
        8683
        8686
        8713
        8729
        8735
        8776
        8779
        8857
        8864
        8866
        8899
        8949
