        67
        97
        115
        182
        186
        213
        230
        255
        276
        289
        313
        335
        372
        411
        416
        420
        442
        451
        454
        496
        497
        505
        516
        517
        528
        564
        596
        620
        631
        671
        705
        724
        746
        802
        810
        816
        906
        914
        947
        963
        978
        981
        1034
        1051
        1055
        1064
        1078
        1081
        1096
        1108
        1117
        1121
        1131
        1142
        1145
        1157
        1162
        1230
        1233
        1242
        1275
        1281
        1305
        1317
        1370
        1378
        1379
        1404
        1407
        1417
        1427
        1430
        1447
        1453
        1460
        1478
        1485
        1504
        1525
        1553
        1554
        1576
        1606
        1610
        1612
        1627
        1644
        1659
        1663
        1665
        1667
        1685
        1700
        1706
        1708
        1771
        1776
        1795
        1799
        1803
        1804
        1819
        1853
        1917
        1931
        1961
        1989
        2003
        2005
        2007
        2035
        2039
        2053
        2056
        2062
        2067
        2100
        2103
        2104
        2140
        2143
        2145
        2159
        2175
        2176
        2178
        2184
        2194
        2196
        2202
        2214
        2232
        2247
        2254
        2262
        2273
        2276
        2292
        2295
        2308
        2335
        2338
        2346
        2349
        2360
        2368
        2391
        2396
        2400
        2428
        2433
        2441
        2446
        2461
        2491
        2497
        2499
        2504
        2512
        2519
        2522
        2527
        2529
        2537
        2541
        2547
        2550
        2567
        2568
        2581
        2593
        2595
        2597
        2614
        2620
        2631
        2635
        2651
        2654
        2658
        2667
        2678
        2680
        2687
        2692
        2706
        2727
        2732
        2742
        2748
        2756
        2761
        2774
        2781
        2782
        2787
        2796
        2819
        2851
        2861
        2868
        2870
        2872
        2884
        2885
        2888
        2893
        2897
        2901
        2913
        2930
        2932
        2944
        2967
        3001
        3068
        3179
        3191
        3223
        3230
        3246
        3277
        3296
        3329
        3374
        3519
        3560
        3584
        3619
        3644
        3653
        3665
        3682
        3730
        3735
        3760
        3773
        3818
        3826
        3827
        3851
        3854
        3855
        3871
        3877
        3888
        3891
        3900
        3903
        3906
        3932
        3933
        3934
        3940
        3967
        3968
        3975
        3978
        3979
        3981
        3983
        3998
        4001
        4002
        4005
        4015
        4021
        4031
        4039
        4041
        4043
        4056
        4064
        4065
        4071
        4072
        4073
        4075
        4078
        4082
        4086
        4096
        4101
        4113
        4117
        4125
        4133
        4139
        4140
        4144
        4149
        4150
        4151
        4161
        4168
        4176
        4181
        4183
        4184
        4189
        4211
        4215
        4227
        4232
        4239
        4249
        4262
        4264
        4273
        4278
        4280
        4283
        4286
        4295
        4298
        4301
        4302
        4305
        4313
        4320
        4323
        4329
        4337
        4348
        4358
        4361
        4369
        4374
        4375
        4380
        4384
        4398
        4404
        4431
        4442
        4444
        4450
        4455
        4466
        4478
        4482
        4485
        4496
        4500
        4511
        4536
        4537
        4538
        4540
        4551
        4552
        4563
        4568
        4569
        4570
        4571
        4573
        4588
        4599
        4604
        4606
        4614
        4615
        4617
        4640
        4649
        4650
        4652
        4655
        4658
        4660
        4666
        4670
        4676
        4711
        4716
        4721
        4732
        4733
        4741
        4753
        4754
        4767
        4773
        4777
        4778
        4779
        4780
        4782
        4795
        4847
        4924
        4955
        5020
        5242
        5626
        5653
        5779
        5808
        5826
        5878
        5883
        5890
        5897
        5906
        5912
        5928
        5946
        5948
        5975
        5980
        5987
        5990
        5994
        5997
        6004
        6008
        6011
        6018
        6023
        6028
        6032
        6052
        6064
        6065
        6126
        6222
        6228
        6235
        6285
        6323
        6364
        6379
        6388
        6391
        6392
        6421
        6429
        6439
        6444
        6462
        6467
        6487
        6500
        6526
        6533
        6567
        6601
        6619
        6625
        6630
        6724
        6778
        6794
        6831
        6838
        6881
        6902
        6908
        6911
        6917
        6921
        6929
        6942
        6948
        6966
        6978
        6992
        6995
        7002
        7007
        7026
        7039
        7044
        7046
        7051
        7054
        7059
        7067
        7070
        7079
        7090
        7093
        7095
        7098
        7101
        7115
        7117
        7120
        7122
        7124
        7131
        7134
        7138
        7140
        7147
        7155
        7157
        7160
        7192
        7198
        7201
        7208
        7213
        7217
        7220
        7224
        7230
        7231
        7236
        7238
        7248
        7252
        7255
        7272
        7274
        7278
        7292
        7295
        7297
        7315
        7342
        7371
        7407
        7437
        7467
        7718
        7786
        7798
        7815
        7829
        7882
        7894
        7895
        7949
        7976
        8019
        8025
        8059
        8101
        8117
        8175
        8180
        8183
        8217
        8246
        8264
        8281
        8291
        8297
        8303
        8311
        8378
        8383
        8395
        8401
        8422
        8433
        8444
        8452
        8453
        8474
        8488
        8528
        8531
        8538
        8540
        8553
        8571
        8578
        8595
        8598
        8601
        8630
        8635
        8646
        8652
        8662
        8668
        8676
        8681
        8690
        8691
        8693
        8703
        8727
        8732
        8733
        8742
        8771
        8797
        8799
        8813
        8823
        8824
        8834
        8864
        8890
        8935
