        14
        59
        81
        85
        102
        111
        112
        118
        159
        164
        197
        212
        220
        224
        227
        247
        251
        258
        259
        260
        271
        281
        290
        305
        328
        334
        344
        347
        360
        366
        367
        370
        374
        380
        381
        385
        392
        405
        413
        453
        461
        727
        828
        831
        862
        1015
        1049
        1064
        1110
        1199
        1212
        1286
        1310
        1428
        1448
        1460
        1498
        1518
        1523
        1542
        1579
        1621
        1634
        1641
        1658
        1697
        1729
        1771
        1821
        1825
        1828
        1870
        1879
        1883
        1888
        1897
        1947
        1982
        1987
        2013
        2039
        2044
        2054
        2059
        2070
        2074
        2099
        2133
        2140
        2146
        2179
        2183
        2196
        2206
        2236
        2248
        2327
        2405
        2424
        2454
        2462
        2483
        2495
        2505
        2526
        2534
        2553
        2573
        2575
        2621
        2624
        2629
        2631
        2651
        2652
        2654
        2691
        2699
        2718
        2725
        2730
        2778
        2783
        2822
        2844
        2863
        2868
        2872
        2884
        2895
        2926
        2949
        2953
        2958
        2969
        2984
        3016
        3033
        3039
        3043
        3048
        3049
        3058
        3078
        3094
        3095
        3100
        3109
        3116
        3150
        3153
        3160
        3166
        3173
        3184
        3190
        3195
        3197
        3202
        3209
        3212
        3215
        3233
        3237
        3245
        3259
        3262
        3276
        3281
        3291
        3299
        3316
        3337
        3349
        3365
        3388
        3393
        3397
        3401
        3415
        3431
        3449
        3458
        3483
        3508
        3516
        3518
        3523
        3524
        3547
        3561
        3569
        3575
        3580
        3614
        3635
        3640
        3643
        3652
        3654
        3659
        3718
        3733
        3736
        3741
        3742
        3744
        3763
        3765
        3770
        3788
        3810
        3823
        3825
        3850
        3863
        3875
        3884
        3925
        3939
        3940
        3952
        3968
        3972
        3976
        4004
        4020
        4035
        4044
        4076
        4081
        4099
        4117
        4119
        4164
        4214
        4220
        4234
        4303
        4308
        4328
        4333
        4344
        4348
        4365
        4389
        4391
        4400
        4428
        4441
        4459
        4488
        4495
        4496
        4520
        4564
        4601
        4606
        4623
        4627
        4642
        4668
        4679
        4693
        4711
        4713
        4716
        4717
        4730
        4731
        4740
        4766
        4806
        4835
        4861
        4868
        4876
        4882
        4888
        4946
        4954
        4971
        4991
        4998
        5003
        5018
        5032
        5035
        5040
        5052
        5064
        5068
        5100
        5162
        5163
        5164
        5176
        5211
        5221
        5279
        5328
        5354
        5465
        5510
        5518
        5523
        5581
        5596
        5619
        5623
        5701
        5727
        5730
        5735
        5760
        5761
        5774
        5775
        5832
        5863
        5883
        5924
        5943
        5955
        5965
        6043
        6052
        6078
        6093
        6097
        6116
        6129
        6148
        6162
        6167
        6183
        6200
        6254
        6276
        6282
        6298
        6324
        6337
        6356
        6363
        6396
        6406
        6417
        6426
        6430
        6469
        6482
        6487
        6558
        6579
        6597
        6598
        6613
        6638
        6681
        6695
        6700
        6733
        6751
        6756
        6761
        6772
        6776
        6778
        6784
        6804
        6814
        6839
        6841
        6849
        6863
        6871
        6885
        6889
        6905
        6907
        6922
        6936
        6960
        6970
        6972
        7000
        7007
        7026
        7028
        7042
        7084
        7085
        7091
        7100
        7107
        7108
        7121
        7146
        7162
        7163
        7189
        7194
        7205
        7208
        7218
        7251
        7261
        7274
        7289
        7291
        7292
        7310
        7317
        7332
        7335
        7364
        7372
        7376
        7384
        7396
        7399
        7406
        7420
        7426
        7440
        7454
        7458
        7459
        7465
        7472
        7474
        7479
        7483
        7489
        7493
        7495
        7497
        7502
        7503
        7505
        7507
        7510
        7515
        7517
        7540
        7542
        7546
        7557
        7562
        7573
        7635
        7637
        7638
        7656
        7666
        7667
        7672
        7693
        7701
        7720
        7753
        7759
        7775
        7786
        7788
        7792
        7812
        7818
        7829
        7844
        7868
        7903
        7916
        7920
        7921
        7932
        7936
        7945
        7973
        7995
        8000
        8015
        8023
        8081
        8093
        8094
        8097
        8101
        8116
        8140
        8181
        8191
        8223
        8266
        8270
        8290
        8296
        8304
        8322
        8334
        8339
        8341
        8342
        8369
        8376
        8382
        8386
        8408
        8415
        8433
        8442
        8448
        8457
        8485
        8489
        8494
        8556
        8557
        8560
        8575
        8589
        8593
        8624
        8674
        8684
        8729
        8741
        8814
        8831
        8912
        8917
        8924
        8949
        8963
        8967
        8971
        8975
        8985
        8986
