        2
        33
        37
        43
        47
        61
        72
        73
        122
        140
        141
        146
        150
        161
        167
        183
        202
        218
        232
        236
        238
        250
        254
        255
        291
        319
        333
        338
        346
        350
        376
        398
        464
        467
        471
        474
        498
        510
        532
        615
        624
        657
        672
        674
        686
        712
        734
        744
        801
        815
        826
        834
        856
        908
        915
        943
        977
        983
        1019
        1063
        1064
        1069
        1072
        1088
        1129
        1134
        1158
        1162
        1182
        1204
        1214
        1220
        1222
        1240
        1246
        1248
        1252
        1292
        1301
        1310
        1331
        1343
        1350
        1373
        1379
        1383
        1394
        1420
        1422
        1441
        1445
        1455
        1479
        1489
        1498
        1507
        1514
        1551
        1556
        1564
        1566
        1580
        1616
        1632
        1634
        1647
        1665
        1668
        1693
        1706
        1709
        1729
        1731
        1735
        1751
        1754
        1765
        1771
        1779
        1784
        1805
        1854
        1857
        1866
        1874
        1894
        1895
        1926
        1936
        1941
        1962
        1964
        2004
        2012
        2034
        2051
        2056
        2073
        2087
        2112
        2121
        2137
        2139
        2141
        2150
        2155
        2168
        2193
        2203
        2205
        2210
        2230
        2262
        2271
        2278
        2300
        2311
        2321
        2330
        2336
        2340
        2358
        2393
        2421
        2425
        2439
        2448
        2452
        2457
        2477
        2495
        2511
        2518
        2519
        2532
        2541
        2550
        2554
        2579
        2604
        2628
        2636
        2667
        2678
        2688
        2697
        2723
        2742
        2754
        2757
        2774
        2783
        2792
        2794
        2799
        2829
        2846
        2862
        2874
        2882
        2892
        2901
        2923
        2928
        2936
        2939
        2955
        2974
        2982
        2990
        3024
        3038
        3047
        3068
        3071
        3073
        3075
        3078
        3089
        3113
        3117
        3121
        3124
        3153
        3158
        3165
        3170
        3178
        3190
        3198
        3207
        3251
        3258
        3270
        3284
        3286
        3299
        3331
        3345
        3347
        3363
        3369
        3412
        3415
        3419
        3434
        3455
        3456
        3491
        3511
        3512
        3516
        3548
        3571
        3589
        3606
        3635
        3641
        3651
        3665
        3667
        3692
        3697
        3704
        3726
        3745
        3753
        3765
        3767
        3778
        3803
        3812
        3825
        3828
        3845
        3869
        3935
        3961
        3973
        3977
        3981
        3986
        3988
        3993
        4000
        4006
        4020
        4035
        4044
        4046
        4077
        4083
        4101
        4126
        4133
        4187
        4196
        4207
        4208
        4211
        4242
        4291
        4294
        4300
        4336
        4347
        4365
        4373
        4389
        4390
        4401
        4409
        4422
        4450
        4501
        4516
        4527
        4561
        4568
        4588
        4592
        4607
        4614
        4626
        4634
        4641
        4657
        4663
        4678
        4685
        4723
        4749
        4767
        4776
        4783
        4788
        4810
        4816
        4817
        4820
        4849
        4859
        4861
        4885
        4897
        4898
        4913
        4915
        4944
        4946
        4959
        4971
        4993
        5000
        5001
        5020
        5021
        5030
        5033
        5040
        5041
        5045
        5051
        5059
        5064
        5066
        5080
        5089
        5090
        5092
        5104
        5124
        5141
        5147
        5149
        5150
        5155
        5170
        5176
        5177
        5178
        5196
        5205
        5213
        5228
        5232
        5240
        5245
        5246
        5272
        5281
        5285
        5287
        5295
        5320
        5327
        5337
        5339
        5341
        5344
        5346
        5350
        5357
        5362
        5366
        5382
        5387
        5388
        5396
        5405
        5410
        5416
        5425
        5428
        5434
        5438
        5442
        5448
        5453
        5468
        5469
        5472
        5476
        5485
        5496
        5499
        5502
        5518
        5524
        5545
        5547
        5550
        5556
        5558
        5560
        5568
        5572
        5577
        5582
        5594
        5596
        5602
        5607
        5611
        5627
        5631
        5634
        5638
        5640
        5647
        5649
        5652
        5655
        5660
        5664
        5666
        5673
        5679
        5689
        5690
        5696
        5697
        5715
        5717
        5718
        5724
        5734
        5744
        5750
        5752
        5756
        5761
        5763
        5767
        5771
        5774
        5779
        5782
        5788
        5799
        5802
        5817
        5828
        5832
        5841
        5842
        5861
        5865
        5873
        5878
        5881
        5887
        5897
        5912
        5917
        5926
        5935
        5944
        5961
        5963
        5965
        5970
        5973
        5977
        5978
        5986
        5998
        6002
        6004
        6011
        6013
        6014
        6026
        6032
        6041
        6045
        6058
        6059
        6061
        6083
        6096
        6105
        6108
        6116
        6122
        6132
        6136
        6138
        6142
        6156
        6162
        6164
        6174
        6177
        6187
        6190
        6195
        6196
        6210
        6214
        6216
        6220
        6235
        6239
        6241
        6254
        6256
        6262
        6263
        6265
        6275
        6280
        6303
        6306
        6317
        6328
        6334
        6342
        6357
        6366
        6372
        6381
        6386
        6388
        6393
        6397
        6401
        6407
        6409
        6411
        6414
        6420
        6421
        6422
        6426
        6433
        6446
        6456
        6459
        6464
        6467
        6469
        6475
        6479
        6490
        6493
        6508
        6514
        6521
        6524
        6528
        6531
        6543
        6553
        6555
        6564
        6568
        6572
        6582
        6598
        6604
        6612
        6613
        6622
        6641
        6653
        6657
        6658
        6660
        6667
        6669
        6670
        6674
        6678
        6683
        6689
        6695
        6698
        6701
        6705
        6709
        6713
        6719
        6722
        6764
        6766
        6770
        6773
        6789
        6793
        6798
        6804
        6805
        6812
        6820
        6825
        6826
        6843
        6862
        6863
        6876
        6879
        6894
        6899
        6905
        6918
        6921
        6929
        6944
        6945
        6948
        6950
        6960
        6961
        6964
        6980
        6981
        7004
        7005
        7016
        7020
        7022
        7031
        7045
        7046
        7047
        7068
        7072
        7078
        7094
        7104
        7108
        7111
        7113
        7118
        7132
        7135
        7145
        7146
        7150
        7172
        7177
        7178
        7186
        7189
        7191
        7193
        7194
        7205
        7209
        7212
        7216
        7228
        7231
        7246
        7251
        7253
        7266
        7286
        7291
        7293
        7296
        7298
        7312
        7321
        7325
        7337
        7350
        7364
        7372
        7378
        7380
        7382
        7393
        7396
        7397
        7403
        7404
        7405
        7412
        7421
        7423
        7424
        7435
        7438
        7443
        7445
        7453
        7463
        7474
        7483
        7490
        7501
        7513
        7514
        7515
        7537
        7542
        7565
        7568
        7582
        7585
        7593
        7599
        7600
        7605
        7616
        7628
        7633
        7659
        7664
        7674
        7677
        7685
        7698
        7709
        7710
        7717
        7720
        7731
        7738
        7745
        7787
        7793
        7797
        7813
        7825
        7831
        7834
        7843
        7847
        7858
        7861
        7864
        7865
        7882
        7903
        7917
        7919
        7922
        7925
        7928
        7933
        7938
        7947
        7953
        7959
        7964
        7969
        7971
        7974
        7989
        8015
        8018
        8030
        8045
        8062
        8064
        8079
        8091
        8097
        8098
        8103
        8108
        8110
        8142
        8149
        8162
        8164
        8170
        8171
        8178
        8180
        8183
        8184
        8186
        8189
        8191
        8194
        8197
        8205
        8207
        8212
        8215
        8226
        8234
        8235
        8251
        8261
        8266
        8274
        8278
        8298
        8321
        8325
        8326
        8327
        8330
        8346
        8350
        8355
        8358
        8364
        8366
        8373
        8380
        8385
        8399
        8413
        8416
        8419
        8420
        8421
        8424
        8425
        8440
        8441
        8448
        8449
        8462
        8464
        8468
        8479
        8482
        8495
        8498
        8499
        8501
        8507
        8521
        8522
        8523
        8527
        8528
        8532
        8537
        8542
        8560
        8562
        8563
        8576
        8596
        8602
        8615
        8628
        8633
        8639
        8645
        8646
        8661
        8664
        8665
        8667
        8673
        8678
        8689
        8694
        8714
        8739
        8741
        8742
        8752
        8756
        8789
        8798
        8799
        8813
        8832
        8836
        8847
        8849
        8851
        8860
        8864
        8865
        8867
        8877
        8878
        8885
        8894
        8896
        8900
        8903
        8909
        8913
        8918
        8920
        8922
        8941
        8947
        8949
        8959
        8975
