        3
        5
        10
        15
        27
        29
        31
        34
        46
        50
        57
        63
        80
        87
        98
        109
        127
        132
        135
        151
        157
        166
        182
        192
        216
        231
        245
        264
        265
        272
        282
        289
        293
        303
        308
        315
        339
        389
        392
        412
        430
        438
        449
        454
        460
        475
        476
        487
        524
        531
        570
        593
        596
        602
        617
        623
        652
        654
        656
        660
        664
        683
        708
        731
        764
        784
        793
        850
        868
        910
        925
        935
        947
        978
        984
        989
        1004
        1049
        1063
        1068
        1078
        1091
        1098
        1117
        1120
        1124
        1146
        1148
        1180
        1196
        1215
        1244
        1255
        1299
        1304
        1329
        1335
        1337
        1339
        1378
        1389
        1407
        1409
        1420
        1453
        1471
        1478
        1486
        1525
        1538
        1540
        1553
        1614
        1620
        1630
        1651
        1655
        1680
        1691
        1696
        1698
        1703
        1707
        1725
        1730
        1742
        1744
        1746
        1759
        1792
        1801
        1806
        1814
        1830
        1833
        1846
        1847
        1850
        1861
        1891
        1915
        1926
        1971
        1980
        1982
        1986
        2014
        2033
        2046
        2060
        2065
        2074
        2079
        2080
        2104
        2115
        2121
        2141
        2163
        2184
        2191
        2203
        2211
        2227
        2229
        2242
        2258
        2273
        2311
        2328
        2337
        2338
        2346
        2349
        2372
        2382
        2386
        2391
        2395
        2399
        2423
        2433
        2453
        2468
        2480
        2487
        2496
        2500
        2512
        2535
        2537
        2544
        2558
        2561
        2570
        2580
        2584
        2599
        2619
        2624
        2630
        2656
        2657
        2662
        2672
        2675
        2682
        2686
        2691
        2693
        2701
        2711
        2719
        2740
        2745
        2764
        2765
        2782
        2810
        2813
        2816
        2852
        2891
        2895
        2910
        2916
        2922
        2945
        3000
        3003
        3008
        3015
        3036
        3046
        3063
        3066
        3073
        3077
        3081
        3113
        3116
        3126
        3134
        3140
        3152
        3165
        3176
        3184
        3195
        3211
        3215
        3232
        3243
        3252
        3254
        3284
        3288
        3302
        3304
        3341
        3343
        3344
        3388
        3392
        3409
        3415
        3421
        3424
        3428
        3456
        3477
        3514
        3527
        3530
        3531
        3540
        3547
        3564
        3572
        3582
        3584
        3607
        3625
        3627
        3638
        3647
        3655
        3663
        3668
        3680
        3681
        3682
        3692
        3707
        3728
        3751
        3758
        3791
        3804
        3812
        3822
        3826
        3828
        3829
        3871
        3878
        3880
        3886
        3915
        3916
        3918
        3936
        3942
        3952
        3960
        3976
        3984
        4011
        4015
        4037
        4043
        4047
        4059
        4061
        4079
        4094
        4104
        4281
        4308
        4322
        4323
        4543
        4544
        4547
        4561
        4565
        4571
        4572
        4573
        4574
        4578
        4580
        4582
        4587
        4588
        4591
        4597
        4601
        4605
        4613
        4631
        4633
        4660
        4677
        4716
        4731
        4741
        4747
        4749
        4756
        4758
        4765
        4769
        4774
        4776
        4779
        4791
        4796
        4811
        4812
        4833
        4853
        4863
        4875
        4885
        4917
        4928
        4932
        4934
        4937
        4958
        4965
        4975
        4992
        5001
        5016
        5018
        5036
        5045
        5069
        5077
        5098
        5104
        5114
        5125
        5126
        5127
        5129
        5147
        5159
        5165
        5181
        5199
        5202
        5203
        5218
        5231
        5237
        5249
        5251
        5254
        5259
        5261
        5269
        5280
        5282
        5287
        5300
        5303
        5309
        5335
        5344
        5356
        5359
        5371
        5377
        5389
        5391
        5414
        5426
        5442
        5451
        5470
        5472
        5499
        5500
        5512
        5549
        5551
        5554
        5563
        5568
        5585
        5588
        5600
        5601
        5620
        5640
        5649
        5660
        5667
        5670
        5677
        5679
        5681
        5684
        5705
        5716
        5717
        5718
        5745
        5753
        5761
        5770
        5775
        5796
        5801
        5803
        5807
        5812
        5815
        5836
        5838
        5851
        5856
        5860
        5866
        5871
        5874
        5893
        5896
        5931
        5939
        5954
        5966
        5969
        5990
        5996
        6008
        6025
        6029
        6033
        6046
        6047
        6053
        6056
        6061
        6065
        6066
        6069
        6083
        6084
        6105
        6110
        6114
        6120
        6126
        6135
        6139
        6143
        6156
        6158
        6160
        6166
        6173
        6219
        6229
        6248
        6263
        6265
        6267
        6289
        6291
        6300
        6304
        6313
        6333
        6340
        6358
        6373
        6377
        6386
        6390
        6391
        6434
        6438
        6461
        6471
        6473
        6479
        6480
        6483
        6524
        6534
        6542
        6546
        6555
        6558
        6571
        6576
        6588
        6596
        6606
        6633
        6636
        6638
        6655
        6662
        6673
        6697
        6704
        6711
        6712
        6718
        6728
        6731
        6735
        6738
        6754
        6759
        6782
        6822
        6827
        6832
        6837
        6849
        6852
        6859
        6876
        6881
        6886
        6895
        6897
        6899
        6901
        6905
        6917
        6919
        6944
        6956
        6965
        6974
        6977
        6993
        6994
        7007
        7015
        7034
        7040
        7041
        7048
        7063
        7065
        7073
        7076
        7089
        7092
        7094
        7095
        7098
        7103
        7110
        7141
        7143
        7149
        7153
        7156
        7158
        7171
        7174
        7176
        7178
        7181
        7184
        7187
        7192
        7194
        7196
        7200
        7201
        7202
        7207
        7210
        7216
        7218
        7224
        7228
        7233
        7247
        7254
        7258
        7262
        7264
        7268
        7278
        7289
        7294
        7300
        7346
        7359
        7370
        7380
        7390
        7406
        7408
        7429
        7440
        7449
        7462
        7479
        7488
        7489
        7505
        7519
        7522
        7527
        7558
        7564
        7565
        7571
        7591
        7613
        7621
        7623
        7627
        7649
        7671
        7677
        7691
        7711
        7724
        7738
        7742
        7749
        7753
        7805
        7845
        7857
        7864
        7874
        7878
        7884
        7897
        7934
        7935
        7941
        7961
        7972
        7978
        7981
        8027
        8053
        8061
        8069
        8072
        8078
        8112
        8131
        8133
        8146
        8155
        8158
        8162
        8163
        8200
        8213
        8229
        8244
        8249
        8252
        8281
        8285
        8294
        8297
        8306
        8315
        8323
        8327
        8350
        8361
        8369
        8370
        8375
        8388
        8404
        8410
        8411
        8418
        8423
        8433
        8438
        8450
        8463
        8469
        8483
        8487
        8492
        8505
        8507
        8515
        8516
        8521
        8522
        8526
        8529
        8535
        8539
        8542
        8545
        8546
        8550
        8558
        8563
        8573
        8580
        8590
        8591
        8600
        8604
        8606
        8617
        8637
        8646
        8684
        8694
        8703
        8714
        8725
        8736
        8741
        8782
        8816
        8825
        8828
        8837
        8858
        8872
        8877
        8899
        8915
        8933
        8939
        8943
        8946
        8959
        8979
        8992
