        4
        10
        44
        48
        61
        62
        73
        108
        110
        124
        135
        136
        156
        182
        183
        208
        211
        215
        223
        252
        279
        315
        338
        340
        368
        381
        402
        408
        421
        437
        440
        455
        462
        464
        480
        486
        496
        499
        503
        507
        519
        548
        557
        568
        570
        572
        574
        587
        599
        642
        664
        677
        692
        700
        713
        723
        732
        736
        764
        783
        795
        802
        815
        840
        848
        851
        853
        866
        874
        879
        896
        900
        904
        907
        912
        919
        960
        965
        995
        1005
        1014
        1015
        1035
        1036
        1042
        1043
        1046
        1053
        1058
        1068
        1072
        1075
        1078
        1082
        1131
        1136
        1142
        1160
        1167
        1176
        1177
        1180
        1182
        1191
        1195
        1206
        1217
        1230
        1232
        1237
        1247
        1250
        1287
        1288
        1291
        1324
        1339
        1343
        1347
        1383
        1391
        1392
        1393
        1394
        1395
        1396
        1398
        1400
        1404
        1420
        1423
        1425
        1427
        1429
        1431
        1439
        1452
        1455
        1458
        1462
        1465
        1475
        1480
        1487
        1492
        1493
        1497
        1501
        1507
        1510
        1515
        1520
        1526
        1529
        1531
        1532
        1540
        1544
        1548
        1557
        1565
        1570
        1577
        1586
        1590
        1612
        1615
        1618
        1625
        1630
        1641
        1643
        1652
        1657
        1659
        1670
        1708
        1732
        1737
        1753
        1775
        1789
        1790
        1814
        1820
        1824
        1846
        1856
        1860
        1862
        1864
        1893
        1894
        1905
        1908
        1912
        1913
        1915
        1921
        1925
        1949
        1952
        1955
        1969
        1980
        2008
        2010
        2024
        2073
        2077
        2111
        2119
        2146
        2176
        2179
        2185
        2193
        2216
        2220
        2226
        2236
        2262
        2265
        2267
        2285
        2311
        2336
        2348
        2373
        2392
        2397
        2400
        2411
        2414
        2417
        2433
        2448
        2462
        2473
        2482
        2484
        2491
        2492
        2501
        2502
        2507
        2515
        2527
        2534
        2554
        2574
        2598
        2606
        2609
        2626
        2629
        2641
        2658
        2670
        2672
        2685
        2710
        2737
        2743
        2749
        2763
        2765
        2783
        2804
        2805
        2836
        2850
        2859
        2864
        2877
        2896
        2901
        2920
        2934
        2949
        2954
        2963
        2967
        2993
        3012
        3028
        3045
        3071
        3074
        3087
        3096
        3100
        3104
        3107
        3121
        3131
        3150
        3153
        3174
        3206
        3236
        3245
        3269
        3274
        3282
        3285
        3296
        3297
        3309
        3317
        3341
        3356
        3420
        3427
        3450
        3452
        3457
        3480
        3483
        3504
        3507
        3543
        3554
        3573
        3625
        3663
        3665
        3686
        3699
        3714
        3731
        3734
        3753
        3759
        3770
        3779
        3799
        3802
        3825
        3832
        3834
        3838
        3843
        3845
        3853
        3857
        3860
        3869
        3875
        3876
        3888
        3893
        3902
        3905
        3917
        3935
        3957
        3962
        3998
        4028
        4043
        4052
        4054
        4056
        4061
        4081
        4088
        4099
        4143
        4170
        4173
        4177
        4185
        4191
        4196
        4221
        4231
        4238
        4243
        4250
        4281
        4285
        4297
        4324
        4334
        4341
        4350
        4352
        4362
        4365
        4383
        4396
        4426
        4436
        4452
        4458
        4500
        4503
        4518
        4519
        4525
        4526
        4531
        4544
        4552
        4567
        4584
        4606
        4619
        4621
        4625
        4631
        4646
        4658
        4684
        4694
        4697
        4700
        4702
        4711
        4765
        4772
        4790
        4809
        4818
        4824
        4829
        4847
        4850
        4863
        4870
        4885
        4907
        4920
        4921
        4924
        4931
        4952
        4979
        4984
        4986
        4990
        4996
        5015
        5020
        5055
        5063
        5073
        5080
        5085
        5094
        5111
        5117
        5127
        5130
        5136
        5139
        5142
        5148
        5155
        5166
        5170
        5174
        5213
        5216
        5223
        5237
        5251
        5257
        5275
        5280
        5283
        5286
        5312
        5317
        5322
        5326
        5327
        5339
        5352
        5354
        5373
        5381
        5384
        5385
        5398
        5404
        5429
        5447
        5462
        5473
        5481
        5490
        5496
        5499
        5506
        5523
        5532
        5550
        5571
        5572
        5574
        5575
        5583
        5585
        5588
        5591
        5598
        5617
        5631
        5641
        5647
        5652
        5658
        5668
        5678
        5706
        5729
        5738
        5752
        5756
        5757
        5769
        5791
        5793
        5805
        5812
        5850
        5855
        5863
        5876
        5877
        5883
        5892
        5897
        5906
        5910
        5916
        5918
        5925
        5936
        5951
        5968
        5997
        6000
        6006
        6017
        6022
        6034
        6063
        6069
        6073
        6081
        6084
        6087
        6088
        6091
        6106
        6126
        6137
        6148
        6162
        6172
        6179
        6193
        6213
        6218
        6226
        6227
        6256
        6272
        6277
        6282
        6292
        6295
        6302
        6303
        6312
        6316
        6331
        6336
        6340
        6348
        6351
        6354
        6360
        6363
        6366
        6367
        6370
        6378
        6381
        6388
        6392
        6394
        6407
        6409
        6410
        6413
        6418
        6436
        6441
        6444
        6449
        6452
        6469
        6474
        6478
        6490
        6495
        6510
        6518
        6521
        6529
        6537
        6545
        6551
        6557
        6566
        6569
        6596
        6601
        6609
        6612
        6623
        6635
        6653
        6657
        6663
        6667
        6679
        6692
        6694
        6718
        6730
        6741
        6760
        6766
        6772
        6790
        6810
        6827
        6838
        6844
        6849
        6853
        6873
        6875
        6877
        6881
        6895
        6902
        6916
        6931
        6939
        6955
        6961
        6964
        6967
        6977
        6981
        6995
        6998
        7001
        7004
        7020
        7026
        7029
        7031
        7034
        7037
        7041
        7057
        7065
        7092
        7118
        7126
        7132
        7151
        7172
        7183
        7185
        7189
        7218
        7220
        7231
        7233
        7235
        7238
        7241
        7244
        7246
        7259
        7267
        7268
        7270
        7288
        7297
        7298
        7304
        7305
        7349
        7357
        7369
        7379
        7389
        7407
        7431
        7436
        7446
        7467
        7471
        7475
        7476
        7480
        7484
        7488
        7500
        7501
        7502
        7506
        7520
        7527
        7534
        7541
        7546
        7558
        7570
        7571
        7573
        7577
        7580
        7582
        7586
        7595
        7603
        7604
        7607
        7609
        7615
        7623
        7628
        7631
        7633
        7642
        7650
        7654
        7672
        7674
        7686
        7695
        7715
        7730
        7748
        7759
        7765
        7797
        7808
        7812
        7829
        7878
        7890
        7892
        7915
        7918
        7920
        7927
        7933
        7938
        7943
        7956
        7993
        7994
        7998
        8003
        8007
        8023
        8038
        8040
        8056
        8057
        8073
        8077
        8086
        8088
        8106
        8116
        8136
        8167
        8180
        8196
        8202
        8219
        8227
        8237
        8280
        8291
        8293
        8296
        8299
        8316
        8320
        8396
        8397
        8416
        8430
        8438
        8484
        8490
        8492
        8501
        8517
        8521
        8548
        8576
        8583
        8588
        8610
        8616
        8617
        8620
        8621
        8636
        8650
        8660
        8665
        8674
        8683
        8684
        8690
        8692
        8699
        8716
        8741
        8742
        8746
        8754
        8765
        8766
        8769
        8791
        8796
        8816
        8817
        8819
        8823
        8839
        8842
        8855
        8866
        8867
        8868
        8872
        8873
        8874
        8875
        8879
        8881
        8884
        8889
        8896
        8900
        8904
        8909
        8911
        8917
        8922
        8928
        8950
        8955
        8963
        8972
        8983
        8991
        8992
