        21
        24
        25
        30
        43
        77
        90
        92
        93
        104
        113
        119
        126
        132
        138
        139
        140
        158
        161
        162
        174
        182
        188
        203
        228
        230
        252
        262
        283
        297
        299
        326
        370
        377
        396
        406
        423
        438
        449
        457
        484
        492
        496
        504
        507
        518
        522
        529
        549
        612
        629
        644
        649
        656
        665
        668
        716
        732
        749
        752
        762
        774
        780
        784
        790
        800
        813
        857
        869
        884
        886
        892
        912
        924
        932
        964
        967
        972
        977
        985
        992
        1003
        1010
        1025
        1026
        1028
        1047
        1057
        1105
        1118
        1126
        1135
        1150
        1159
        1172
        1175
        1178
        1189
        1191
        1210
        1217
        1232
        1241
        1253
        1256
        1263
        1274
        1287
        1299
        1301
        1303
        1305
        1315
        1327
        1337
        1352
        1369
        1378
        1393
        1399
        1400
        1407
        1416
        1417
        1435
        1449
        1460
        1479
        1489
        1492
        1506
        1513
        1521
        1525
        1535
        1540
        1541
        1543
        1562
        1566
        1573
        1579
        1591
        1606
        1612
        1637
        1638
        1639
        1641
        1650
        1685
        1690
        1691
        1700
        1702
        1706
        1722
        1729
        1769
        1784
        1794
        1839
        1849
        1874
        1884
        1896
        1909
        1915
        1929
        1931
        1944
        1972
        1987
        2001
        2026
        2055
        2061
        2063
        2069
        2098
        2099
        2106
        2123
        2137
        2149
        2159
        2163
        2178
        2191
        2195
        2197
        2206
        2208
        2215
        2227
        2233
        2271
        2286
        2295
        2302
        2310
        2316
        2326
        2333
        2334
        2349
        2354
        2356
        2358
        2359
        2361
        2366
        2380
        2403
        2406
        2410
        2417
        2423
        2425
        2437
        2441
        2448
        2449
        2462
        2493
        2496
        2506
        2515
        2529
        2543
        2551
        2556
        2570
        2584
        2592
        2597
        2600
        2616
        2620
        2668
        2672
        2676
        2678
        2684
        2712
        2732
        2738
        2759
        2760
        2767
        2772
        2785
        2793
        2800
        2804
        2814
        2815
        2816
        2819
        2823
        2828
        2830
        2834
        2837
        2866
        2877
        2878
        2881
        2899
        2907
        2927
        2933
        2946
        2947
        2948
        2951
        2960
        2968
        2983
        2991
        2993
        2994
        3007
        3008
        3010
        3011
        3035
        3038
        3046
        3053
        3062
        3065
        3066
        3068
        3075
        3077
        3084
        3089
        3095
        3097
        3104
        3111
        3122
        3125
        3127
        3135
        3146
        3147
        3148
        3157
        3165
        3167
        3170
        3182
        3190
        3193
        3203
        3206
        3223
        3225
        3232
        3238
        3239
        3241
        3263
        3284
        3294
        3300
        3310
        3334
        3395
        3404
        3447
        3474
        3487
        3505
        3510
        3525
        3558
        3564
        3574
        3575
        3610
        3612
        3617
        3639
        3647
        3652
        3677
        3683
        3687
        3696
        3699
        3718
        3719
        3734
        3763
        3768
        3775
        3795
        3801
        3803
        3807
        3834
        3836
        3841
        3847
        3866
        3868
        3874
        3880
        3886
        3891
        3942
        3950
        3961
        3968
        3984
        4020
        4035
        4037
        4056
        4082
        4095
        4128
        4136
        4144
        4160
        4162
        4168
        4175
        4194
        4207
        4213
        4216
        4222
        4228
        4241
        4267
        4291
        4326
        4352
        4384
        4392
        4394
        4403
        4409
        4412
        4415
        4419
        4425
        4456
        4467
        4485
        4509
        4533
        4534
        4553
        4556
        4565
        4569
        4581
        4601
        4607
        4619
        4633
        4640
        4648
        4684
        4698
        4714
        4721
        4728
        4736
        4739
        4757
        4767
        4771
        4775
        4776
        4793
        4797
        4836
        4837
        4847
        4854
        4856
        4876
        4893
        4911
        4912
        4916
        4924
        4933
        4941
        4952
        4956
        4957
        4969
        4984
        4988
        4989
        4996
        5021
        5032
        5043
        5057
        5058
        5064
        5066
        5075
        5086
        5088
        5089
        5095
        5100
        5103
        5105
        5112
        5117
        5125
        5131
        5132
        5135
        5142
        5198
        5214
        5217
        5231
        5236
        5242
        5252
        5257
        5269
        5275
        5298
        5302
        5304
        5316
        5322
        5341
        5383
        5404
        5407
        5412
        5418
        5424
        5470
        5477
        5499
        5504
        5526
        5531
        5538
        5545
        5549
        5567
        5585
        5588
        5594
        5601
        5602
        5606
        5617
        5633
        5645
        5665
        5712
        5713
        5726
        5728
        5734
        5736
        5743
        5761
        5774
        5806
        5826
        5831
        5835
        5839
        5847
        5852
        5895
        5898
        5922
        5923
        5943
        5946
        5950
        5955
        5965
        5973
        5980
        5981
        5982
        5984
        5999
        6009
        6013
        6023
        6030
        6040
        6056
        6075
        6086
        6090
        6093
        6094
        6122
        6137
        6139
        6169
        6171
        6189
        6191
        6193
        6201
        6204
        6235
        6262
        6289
        6300
        6304
        6329
        6335
        6358
        6373
        6381
        6402
        6405
        6436
        6442
        6449
        6454
        6469
        6486
        6493
        6495
        6497
        6512
        6523
        6524
        6542
        6554
        6582
        6583
        6585
        6610
        6624
        6625
        6629
        6652
        6667
        6689
        6690
        6697
        6709
        6712
        6718
        6719
        6720
        6723
        6725
        6727
        6730
        6733
        6746
        6749
        6752
        6754
        6756
        6768
        6770
        6775
        6781
        6782
        6785
        6786
        6791
        6832
        6835
        6847
        6848
        6871
        6875
        6883
        6891
        6893
        6894
        6912
        6914
        6919
        6955
        6956
        6969
        6978
        7009
        7012
        7015
        7040
        7043
        7046
        7048
        7053
        7069
        7076
        7088
        7092
        7100
        7106
        7143
        7156
        7160
        7163
        7182
        7186
        7203
        7210
        7219
        7236
        7239
        7250
        7256
        7273
        7292
        7309
        7314
        7319
        7348
        7360
        7367
        7373
        7385
        7396
        7401
        7429
        7442
        7445
        7482
        7483
        7492
        7494
        7496
        7508
        7535
        7558
        7578
        7586
        7591
        7592
        7641
        7644
        7666
        7673
        7678
        7682
        7685
        7696
        7702
        7710
        7718
        7743
        7752
        7765
        7787
        7809
        7814
        7856
        7902
        7926
        7937
        7941
        7942
        7946
        7951
        7953
        7960
        7963
        7972
        7974
        7997
        8007
        8020
        8023
        8028
        8044
        8076
        8082
        8083
        8088
        8093
        8098
        8108
        8131
        8138
        8155
        8186
        8195
        8196
        8211
        8216
        8218
        8223
        8242
        8245
        8260
        8268
        8283
        8287
        8303
        8343
        8377
        8390
        8398
        8400
        8401
        8430
        8433
        8437
        8440
        8447
        8449
        8455
        8457
        8476
        8486
        8495
        8500
        8503
        8529
        8535
        8549
        8580
        8602
        8603
        8605
        8612
        8622
        8625
        8627
        8639
        8643
        8654
        8656
        8660
        8661
        8663
        8678
        8681
        8701
        8718
        8724
        8738
        8740
        8744
        8747
        8754
        8764
        8783
        8806
        8813
        8818
        8827
        8832
        8838
        8846
        8854
        8876
        8881
        8918
        8932
        8937
        8940
        8944
        8952
        8960
        8961
        8963
        8982
        8986
