        1
        4
        6
        13
        14
        16
        18
        25
        28
        35
        38
        50
        56
        68
        73
        76
        84
        87
        91
        103
        113
        118
        141
        151
        152
        179
        201
        208
        211
        215
        228
        273
        290
        294
        305
        338
        339
        382
        399
        413
        424
        440
        452
        467
        475
        484
        501
        523
        528
        549
        565
        577
        594
        615
        616
        625
        626
        640
        651
        655
        691
        699
        710
        714
        715
        716
        721
        723
        763
        767
        781
        783
        787
        812
        814
        822
        835
        845
        860
        861
        862
        866
        867
        869
        872
        876
        880
        882
        885
        887
        897
        898
        899
        901
        902
        904
        909
        911
        914
        930
        938
        947
        951
        957
        960
        966
        974
        978
        986
        993
        1018
        1021
        1024
        1032
        1034
        1039
        1060
        1064
        1066
        1071
        1073
        1086
        1094
        1095
        1102
        1105
        1118
        1125
        1129
        1139
        1156
        1160
        1183
        1209
        1219
        1227
        1242
        1247
        1261
        1272
        1273
        1275
        1287
        1297
        1331
        1338
        1341
        1347
        1353
        1354
        1359
        1374
        1377
        1384
        1387
        1390
        1417
        1428
        1460
        1461
        1476
        1488
        1498
        1504
        1515
        1530
        1541
        1543
        1551
        1562
        1574
        1589
        1592
        1616
        1628
        1655
        1659
        1662
        1676
        1687
        1690
        1703
        1718
        1720
        1722
        1727
        1729
        1733
        1736
        1741
        1749
        1751
        1753
        1754
        1756
        1773
        1780
        1792
        1796
        1798
        1804
        1805
        1818
        1823
        1837
        1843
        1854
        1871
        1879
        1880
        1882
        1894
        1910
        1926
        1944
        1946
        1948
        1953
        1989
        1998
        2015
        2018
        2019
        2020
        2022
        2028
        2029
        2038
        2043
        2051
        2054
        2077
        2084
        2089
        2122
        2150
        2154
        2159
        2160
        2163
        2196
        2198
        2299
        2322
        2343
        2349
        2372
        2376
        2380
        2385
        2394
        2395
        2417
        2424
        2435
        2436
        2453
        2458
        2467
        2493
        2495
        2497
        2501
        2503
        2507
        2514
        2523
        2563
        2572
        2592
        2597
        2610
        2615
        2622
        2628
        2637
        2645
        2650
        2657
        2658
        2689
        2702
        2705
        2729
        2737
        2741
        2757
        2769
        2778
        2812
        2820
        2848
        2853
        2857
        2863
        2870
        2873
        2875
        2886
        2899
        2901
        2915
        2925
        2926
        2929
        2940
        2959
        2969
        2993
        3005
        3008
        3009
        3013
        3017
        3020
        3025
        3028
        3031
        3034
        3036
        3037
        3041
        3044
        3047
        3051
        3056
        3070
        3072
        3075
        3098
        3103
        3106
        3117
        3131
        3134
        3138
        3141
        3145
        3164
        3183
        3188
        3192
        3205
        3228
        3231
        3247
        3255
        3264
        3271
        3294
        3307
        3313
        3316
        3330
        3340
        3376
        3380
        3387
        3415
        3430
        3439
        3442
        3450
        3485
        3506
        3512
        3555
        3558
        3568
        3570
        3581
        3592
        3594
        3609
        3622
        3632
        3645
        3701
        3727
        3755
        3757
        3775
        3781
        3792
        3798
        3801
        3826
        3829
        3848
        3852
        3859
        3868
        3873
        3886
        3894
        3909
        3912
        3922
        3937
        3946
        3948
        3950
        3958
        3967
        3971
        3982
        3996
        4019
        4049
        4052
        4077
        4081
        4093
        4095
        4109
        4130
        4158
        4161
        4179
        4190
        4196
        4201
        4216
        4219
        4233
        4241
        4247
        4248
        4250
        4254
        4256
        4283
        4289
        4291
        4292
        4300
        4307
        4313
        4318
        4353
        4357
        4362
        4372
        4384
        4386
        4389
        4392
        4397
        4399
        4422
        4428
        4432
        4436
        4449
        4452
        4455
        4456
        4457
        4458
        4459
        4463
        4465
        4467
        4470
        4472
        4474
        4484
        4486
        4492
        4496
        4502
        4510
        4512
        4517
        4519
        4523
        4526
        4529
        4539
        4547
        4574
        4578
        4584
        4618
        4626
        4641
        4653
        4656
        4660
        4661
        4667
        4671
        4673
        4683
        4690
        4696
        4703
        4708
        4746
        4758
        4771
        4772
        4781
        4794
        4802
        4835
        4850
        4852
        4856
        4862
        4864
        4869
        4888
        4922
        4928
        4934
        4961
        4965
        4966
        4969
        4979
        4985
        4990
        5002
        5005
        5014
        5016
        5040
        5042
        5049
        5070
        5077
        5084
        5106
        5132
        5140
        5160
        5187
        5192
        5203
        5217
        5221
        5223
        5229
        5232
        5239
        5247
        5258
        5271
        5301
        5302
        5303
        5309
        5313
        5346
        5352
        5371
        5380
        5419
        5433
        5440
        5445
        5461
        5483
        5500
        5529
        5542
        5553
        5555
        5561
        5563
        5579
        5593
        5598
        5602
        5605
        5637
        5648
        5650
        5680
        5691
        5698
        5701
        5704
        5711
        5712
        5720
        5729
        5738
        5739
        5749
        5751
        5754
        5772
        5785
        5795
        5798
        5814
        5827
        5829
        5869
        5891
        5943
        5955
        5977
        5992
        6003
        6011
        6016
        6023
        6031
        6044
        6050
        6053
        6059
        6088
        6094
        6104
        6110
        6111
        6113
        6127
        6129
        6130
        6131
        6143
        6150
        6156
        6159
        6167
        6180
        6185
        6193
        6203
        6205
        6210
        6234
        6247
        6248
        6250
        6260
        6287
        6298
        6313
        6321
        6323
        6325
        6339
        6358
        6372
        6374
        6380
        6409
        6420
        6423
        6448
        6453
        6466
        6483
        6485
        6498
        6499
        6502
        6508
        6514
        6526
        6540
        6567
        6588
        6590
        6598
        6600
        6611
        6618
        6629
        6641
        6662
        6668
        6680
        6690
        6706
        6708
        6713
        6741
        6749
        6752
        6755
        6761
        6765
        6769
        6775
        6790
        6799
        6819
        6821
        6826
        6856
        6878
        6881
        6884
        6894
        6908
        6922
        6966
        6977
        6979
        6989
        6999
        7010
        7016
        7021
        7032
        7044
        7055
        7059
        7062
        7067
        7069
        7072
        7074
        7081
        7083
        7087
        7092
        7094
        7097
        7105
        7107
        7148
        7151
        7165
        7193
        7219
        7249
        7252
        7257
        7291
        7298
        7306
        7314
        7327
        7330
        7341
        7343
        7346
        7349
        7355
        7359
        7362
        7363
        7369
        7371
        7381
        7382
        7384
        7388
        7397
        7409
        7410
        7419
        7443
        7460
        7462
        7465
        7474
        7479
        7497
        7502
        7515
        7524
        7525
        7561
        7579
        7585
        7593
        7627
        7646
        7649
        7657
        7672
        7680
        7704
        7721
        7751
        7778
        7795
        7802
        7827
        7873
        7996
        8005
        8009
        8014
        8016
        8018
        8020
        8022
        8029
        8039
        8051
        8059
        8106
        8125
        8178
        8179
        8222
        8230
        8232
        8234
        8246
        8252
        8253
        8254
        8262
        8265
        8268
        8272
        8278
        8283
        8287
        8297
        8304
        8310
        8317
        8325
        8328
        8330
        8338
        8345
        8372
        8375
        8383
        8397
        8406
        8415
        8418
        8426
        8427
        8430
        8476
        8484
        8490
        8508
        8513
        8536
        8546
        8556
        8587
        8593
        8604
        8616
        8633
        8643
        8652
        8657
        8664
        8670
        8671
        8681
        8684
        8690
        8697
        8699
        8700
        8724
        8748
        8773
        8784
        8788
        8798
        8813
        8822
        8824
        8831
        8846
        8850
        8855
        8869
        8920
        8927
        8944
        8947
        8956
        8964
        8984
