        6
        8
        23
        30
        55
        78
        84
        102
        106
        108
        118
        150
        153
        163
        183
        190
        198
        222
        237
        240
        257
        276
        278
        282
        299
        300
        302
        314
        336
        338
        346
        352
        357
        362
        373
        382
        398
        410
        423
        434
        456
        457
        462
        464
        491
        496
        501
        512
        515
        519
        540
        571
        572
        584
        588
        589
        614
        626
        628
        632
        641
        658
        663
        671
        694
        703
        727
        736
        759
        770
        774
        776
        784
        809
        844
        848
        852
        878
        884
        893
        897
        902
        903
        910
        929
        948
        949
        952
        988
        1013
        1017
        1030
        1037
        1047
        1058
        1067
        1073
        1076
        1082
        1096
        1098
        1113
        1116
        1127
        1130
        1133
        1144
        1146
        1151
        1153
        1158
        1166
        1173
        1180
        1203
        1205
        1227
        1229
        1257
        1265
        1273
        1290
        1329
        1332
        1363
        1391
        1418
        1440
        1444
        1446
        1448
        1462
        1473
        1478
        1479
        1514
        1519
        1528
        1533
        1535
        1538
        1553
        1574
        1579
        1586
        1590
        1601
        1604
        1610
        1617
        1618
        1628
        1640
        1651
        1656
        1658
        1662
        1666
        1675
        1677
        1681
        1686
        1693
        1698
        1706
        1712
        1718
        1722
        1725
        1727
        1731
        1739
        1745
        1749
        1755
        1759
        1768
        1771
        1789
        1795
        1796
        1798
        1804
        1809
        1814
        1820
        1828
        1849
        1862
        1864
        1883
        1887
        1917
        1932
        1974
        1975
        1981
        1994
        2013
        2025
        2028
        2031
        2034
        2036
        2044
        2048
        2054
        2064
        2072
        2094
        2115
        2136
        2143
        2145
        2148
        2149
        2151
        2160
        2164
        2177
        2185
        2191
        2198
        2229
        2273
        2295
        2307
        2343
        2348
        2368
        2376
        2425
        2451
        2460
        2477
        2487
        2511
        2522
        2527
        2529
        2532
        2545
        2553
        2561
        2565
        2567
        2571
        2577
        2603
        2604
        2610
        2614
        2624
        2627
        2647
        2651
        2653
        2667
        2683
        2687
        2728
        2744
        2758
        2771
        2778
        2781
        2783
        2795
        2803
        2808
        2818
        2824
        2838
        2873
        2900
        2948
        2972
        3009
        3019
        3031
        3096
        3099
        3115
        3127
        3130
        3140
        3158
        3161
        3184
        3191
        3193
        3203
        3205
        3223
        3241
        3257
        3260
        3262
        3277
        3286
        3288
        3292
        3305
        3325
        3359
        3372
        3374
        3387
        3398
        3403
        3406
        3432
        3444
        3451
        3454
        3458
        3459
        3481
        3497
        3506
        3519
        3521
        3541
        3557
        3568
        3579
        3594
        3599
        3611
        3639
        3648
        3649
        3653
        3671
        3677
        3682
        3685
        3724
        3727
        3732
        3752
        3760
        3775
        3785
        3789
        3817
        3825
        3831
        3836
        3842
        3861
        3865
        3883
        3907
        3921
        3925
        3997
        4001
        4020
        4034
        4043
        4054
        4063
        4075
        4078
        4085
        4106
        4118
        4141
        4143
        4146
        4150
        4156
        4160
        4166
        4171
        4178
        4182
        4189
        4211
        4234
        4237
        4258
        4272
        4291
        4300
        4323
        4327
        4332
        4339
        4363
        4367
        4371
        4388
        4396
        4404
        4453
        4477
        4486
        4496
        4509
        4511
        4515
        4517
        4544
        4556
        4566
        4574
        4609
        4637
        4648
        4653
        4657
        4689
        4692
        4693
        4698
        4704
        4707
        4714
        4749
        4760
        4767
        4772
        4775
        4781
        4801
        4805
        4821
        4838
        4845
        4850
        4852
        4859
        4866
        4876
        4891
        4915
        4919
        4926
        4929
        4938
        4941
        4945
        4949
        4951
        4966
        4967
        4977
        5002
        5011
        5023
        5091
        5107
        5143
        5163
        5174
        5180
        5194
        5196
        5204
        5207
        5210
        5251
        5262
        5273
        5275
        5290
        5304
        5305
        5323
        5347
        5357
        5358
        5369
        5375
        5389
        5392
        5398
        5401
        5408
        5439
        5450
        5455
        5457
        5467
        5471
        5472
        5483
        5500
        5503
        5508
        5528
        5529
        5532
        5541
        5549
        5552
        5558
        5568
        5573
        5611
        5624
        5630
        5639
        5666
        5672
        5677
        5679
        5714
        5723
        5734
        5740
        5745
        5750
        5756
        5765
        5766
        5772
        5781
        5791
        5795
        5800
        5805
        5814
        5822
        5829
        5835
        5846
        5851
        5856
        5878
        5888
        5897
        5911
        5917
        5950
        5958
        5964
        5979
        5980
        5984
        5988
        5993
        5996
        6001
        6003
        6007
        6016
        6020
        6025
        6031
        6041
        6045
        6051
        6055
        6059
        6077
        6093
        6098
        6100
        6103
        6104
        6106
        6110
        6113
        6118
        6120
        6122
        6124
        6132
        6137
        6140
        6142
        6148
        6154
        6170
        6175
        6192
        6198
        6206
        6216
        6221
        6223
        6228
        6230
        6238
        6244
        6246
        6249
        6250
        6252
        6264
        6271
        6273
        6274
        6286
        6297
        6315
        6325
        6348
        6364
        6391
        6398
        6400
        6405
        6411
        6432
        6435
        6445
        6459
        6464
        6468
        6490
        6514
        6522
        6536
        6543
        6545
        6548
        6557
        6566
        6577
        6594
        6601
        6620
        6633
        6649
        6663
        6687
        6702
        6711
        6733
        6762
        6765
        6780
        6782
        6785
        6788
        6793
        6816
        6817
        6822
        6834
        6847
        6866
        6869
        6885
        6923
        6929
        6934
        6953
        6962
        6968
        6972
        6980
        6990
        6997
        7006
        7009
        7035
        7042
        7080
        7086
        7094
        7103
        7109
        7111
        7129
        7131
        7138
        7161
        7190
        7195
        7214
        7218
        7252
        7265
        7269
        7275
        7299
        7309
        7317
        7319
        7322
        7326
        7335
        7341
        7346
        7361
        7382
        7402
        7436
        7438
        7461
        7506
        7522
        7544
        7566
        7572
        7589
        7602
        7607
        7680
        7682
        7692
        7700
        7706
        7710
        7715
        7719
        7749
        7754
        7763
        7766
        7777
        7788
        7790
        7805
        7828
        7834
        7858
        7876
        7886
        7892
        7894
        7904
        7909
        7916
        7937
        7944
        7950
        7952
        7973
        7983
        7985
        7991
        8003
        8005
        8034
        8048
        8049
        8051
        8085
        8086
        8090
        8118
        8123
        8126
        8132
        8134
        8144
        8145
        8160
        8164
        8179
        8185
        8197
        8221
        8233
        8244
        8255
        8276
        8283
        8312
        8325
        8348
        8368
        8382
        8405
        8428
        8456
        8461
        8475
        8492
        8502
        8505
        8511
        8541
        8558
        8560
        8564
        8572
        8574
        8576
        8602
        8622
        8626
        8643
        8660
        8666
        8689
        8714
        8721
        8724
        8736
        8740
        8749
        8766
        8768
        8774
        8790
        8797
        8850
        8864
        8868
        8894
        8906
        8925
        8950
        8958
        8988
