        10
        83
        110
        145
        148
        157
        174
        180
        198
        217
        234
        236
        244
        249
        254
        284
        297
        304
        315
        320
        325
        344
        364
        384
        393
        408
        420
        440
        447
        464
        466
        484
        507
        525
        526
        539
        541
        552
        566
        601
        602
        606
        615
        617
        622
        633
        635
        650
        654
        662
        668
        671
        676
        682
        691
        699
        721
        722
        726
        730
        737
        741
        744
        749
        754
        761
        764
        766
        772
        786
        801
        803
        804
        805
        832
        837
        841
        846
        853
        857
        861
        869
        883
        889
        894
        903
        907
        925
        939
        961
        966
        977
        980
        999
        1023
        1036
        1055
        1058
        1074
        1082
        1131
        1150
        1177
        1195
        1204
        1210
        1216
        1231
        1269
        1291
        1308
        1331
        1347
        1378
        1380
        1381
        1396
        1398
        1401
        1417
        1424
        1450
        1453
        1458
        1465
        1471
        1474
        1483
        1500
        1503
        1512
        1546
        1563
        1585
        1622
        1625
        1633
        1641
        1666
        1726
        1750
        1771
        1785
        1806
        1813
        1831
        1863
        1865
        1869
        1872
        1889
        1898
        1903
        1908
        1920
        1934
        1936
        1949
        1966
        2017
        2021
        2026
        2042
        2050
        2063
        2073
        2097
        2115
        2121
        2144
        2164
        2180
        2197
        2201
        2217
        2227
        2239
        2255
        2296
        2306
        2324
        2331
        2335
        2337
        2339
        2343
        2347
        2370
        2382
        2388
        2389
        2390
        2410
        2416
        2436
        2451
        2464
        2476
        2513
        2551
        2571
        2574
        2591
        2686
        2691
        2693
        2697
        2699
        2744
        2783
        2792
        2798
        2806
        2815
        2834
        2892
        2902
        2906
        2908
        2919
        2922
        2926
        2937
        2969
        2989
        3000
        3004
        3016
        3051
        3075
        3087
        3116
        3126
        3137
        3144
        3149
        3155
        3156
        3168
        3175
        3194
        3211
        3215
        3220
        3232
        3237
        3271
        3275
        3305
        3312
        3316
        3318
        3320
        3328
        3339
        3361
        3375
        3382
        3393
        3415
        3424
        3427
        3438
        3449
        3451
        3454
        3473
        3478
        3484
        3488
        3491
        3500
        3502
        3512
        3526
        3532
        3534
        3543
        3570
        3577
        3595
        3601
        3608
        3619
        3622
        3626
        3628
        3649
        3692
        3695
        3697
        3720
        3725
        3729
        3739
        3766
        3794
        3809
        3811
        3814
        3816
        3818
        3824
        3838
        3842
        3855
        3859
        3868
        3871
        3878
        3893
        3903
        3930
        3950
        3970
        3985
        4006
        4030
        4034
        4047
        4048
        4053
        4058
        4080
        4083
        4105
        4120
        4125
        4126
        4130
        4135
        4139
        4142
        4157
        4160
        4176
        4182
        4211
        4216
        4218
        4221
        4226
        4231
        4236
        4248
        4258
        4267
        4285
        4291
        4293
        4324
        4325
        4327
        4333
        4336
        4346
        4354
        4370
        4395
        4429
        4438
        4440
        4444
        4453
        4466
        4485
        4496
        4508
        4518
        4522
        4525
        4530
        4532
        4542
        4544
        4589
        4592
        4604
        4623
        4624
        4647
        4664
        4670
        4709
        4720
        4726
        4731
        4739
        4791
        4794
        4804
        4805
        4856
        4868
        4885
        4891
        4895
        4914
        4958
        4985
        4992
        5004
        5010
        5033
        5038
        5049
        5053
        5084
        5097
        5103
        5116
        5126
        5131
        5136
        5138
        5140
        5146
        5153
        5154
        5156
        5158
        5163
        5177
        5183
        5193
        5201
        5219
        5226
        5236
        5245
        5249
        5262
        5293
        5301
        5313
        5331
        5338
        5353
        5404
        5430
        5434
        5460
        5477
        5482
        5514
        5515
        5536
        5543
        5549
        5556
        5578
        5602
        5658
        5660
        5668
        5679
        5701
        5714
        5739
        5761
        5799
        5802
        5809
        5811
        5818
        5833
        5852
        5862
        5875
        5884
        5898
        5962
        5993
        5996
        6000
        6046
        6088
        6104
        6111
        6113
        6116
        6126
        6153
        6160
        6168
        6177
        6187
        6192
        6194
        6196
        6198
        6201
        6205
        6206
        6209
        6210
        6215
        6219
        6224
        6235
        6240
        6245
        6249
        6258
        6265
        6271
        6276
        6280
        6281
        6286
        6310
        6322
        6327
        6329
        6335
        6351
        6368
        6378
        6421
        6424
        6443
        6465
        6467
        6478
        6489
        6499
        6508
        6513
        6537
        6538
        6543
        6549
        6587
        6590
        6601
        6608
        6626
        6629
        6648
        6695
        6700
        6720
        6741
        6744
        6746
        6752
        6760
        6765
        6779
        6782
        6809
        6818
        6834
        6852
        6875
        6884
        6903
        6916
        6938
        6940
        6992
        7015
        7037
        7049
        7050
        7056
        7076
        7114
        7120
        7144
        7148
        7164
        7171
        7180
        7205
        7217
        7218
        7223
        7231
        7235
        7244
        7248
        7261
        7271
        7274
        7280
        7323
        7334
        7337
        7347
        7349
        7352
        7356
        7373
        7375
        7382
        7423
        7446
        7449
        7452
        7477
        7480
        7486
        7498
        7505
        7516
        7563
        7572
        7580
        7587
        7619
        7653
        7664
        7668
        7678
        7689
        7700
        7705
        7706
        7716
        7721
        7730
        7741
        7748
        7755
        7761
        7785
        7788
        7822
        7836
        7855
        7870
        7877
        7885
        7888
        7891
        7895
        7906
        7925
        7941
        7947
        7960
        7969
        7971
        7994
        8012
        8015
        8024
        8053
        8055
        8059
        8075
        8077
        8079
        8083
        8092
        8097
        8108
        8112
        8122
        8126
        8131
        8141
        8149
        8150
        8165
        8175
        8179
        8182
        8184
        8187
        8198
        8201
        8206
        8208
        8212
        8214
        8220
        8228
        8233
        8245
        8255
        8258
        8262
        8270
        8278
        8287
        8293
        8301
        8311
        8319
        8343
        8352
        8355
        8379
        8398
        8411
        8429
        8434
        8440
        8448
        8464
        8466
        8480
        8484
        8505
        8510
        8534
        8541
        8574
        8577
        8578
        8586
        8588
        8589
        8591
        8593
        8610
        8612
        8613
        8614
        8616
        8625
        8627
        8633
        8638
        8642
        8643
        8645
        8649
        8652
        8670
        8680
        8693
        8695
        8700
        8701
        8711
        8716
        8725
        8739
        8754
        8756
        8763
        8767
        8786
        8793
        8798
        8803
        8806
        8815
        8840
        8845
        8848
        8863
        8873
        8881
        8887
        8911
        8914
        8930
        8939
        8942
        8964
        8966
        8977
        8980
        8985
        8993
