        312
        315
        316
        317
        321
        327
        333
        338
        339
        340
        342
        345
        349
        354
        372
        373
        375
        376
        379
        381
        386
        392
        396
        420
        424
        428
        432
        435
        441
        442
        444
        446
        449
        468
        473
        490
        503
        518
        542
        563
        580
        582
        585
        590
        592
        596
        600
        604
        606
        608
        612
        614
        617
        619
        626
        630
        633
        641
        643
        652
        654
        663
        665
        669
        671
        676
        680
        684
        688
        692
        701
        732
        742
        752
        765
        770
        771
        780
        785
        791
        795
        801
        819
        832
        838
        842
        850
        854
        866
        868
        881
        886
        887
        895
        904
        936
        938
        940
        945
        948
        956
        961
        964
        966
        969
        982
        991
        1001
        1011
        1021
        1026
        1030
        1033
        1044
        1061
        1078
        1083
        1092
        1100
        1104
        1110
        1111
        1115
        1124
        1130
        1143
        1170
        1176
        1179
        1183
        1194
        1200
        1203
        1216
        1240
        1263
        1272
        1281
        1284
        1290
        1300
        1303
        1305
        1310
        1312
        1313
        1314
        1318
        1322
        1330
        1337
        1340
        1342
        1345
        1354
        1359
        1363
        1367
        1368
        1372
        1377
        1383
        1387
        1389
        1391
        1396
        1404
        1408
        1412
        1417
        1419
        1434
        1435
        1439
        1444
        1452
        1455
        1462
        1467
        1471
        1474
        1478
        1494
        1509
        1515
        1525
        1529
        1533
        1548
        1552
        1557
        1558
        1564
        1572
        1584
        1589
        1593
        1594
        1617
        1624
        1627
        1632
        1658
        1669
        1677
        1684
        1697
        1700
        1705
        1709
        1710
        1725
        1728
        1749
        1753
        1758
        1777
        1781
        1801
        1803
        1811
        1814
        1834
        1837
        1844
        1861
        1871
        1876
        1892
        1893
        1897
        1899
        1902
        1904
        1910
        1916
        1919
        1927
        1935
        1944
        1956
        1960
        1967
        1969
        1984
        1993
        1995
        2006
        2010
        2023
        2025
        2029
        2033
        2045
        2052
        2062
        2084
        2101
        2103
        2127
        2133
        2147
        2151
        2197
        2202
        2210
        2228
        2236
        2243
        2249
        2251
        2259
        2273
        2279
        2287
        2294
        2305
        2318
        2321
        2329
        2337
        2344
        2361
        2371
        2376
        2388
        2408
        2432
        2436
        2462
        2475
        2488
        2492
        2511
        2515
        2523
        2524
        2536
        2542
        2558
        2570
        2578
        2580
        2588
        2592
        2603
        2608
        2627
        2641
        2643
        2646
        2656
        2694
        2703
        2711
        2719
        2727
        2740
        2743
        2745
        2750
        2753
        2762
        2767
        2811
        2816
        2826
        2831
        2840
        2850
        2865
        2870
        2875
        2881
        2901
        2903
        2905
        2907
        2915
        2925
        2941
        2944
        2957
        2962
        2992
        3000
        3009
        3020
        3034
        3047
        3072
        3077
        3111
        3134
        3135
        3142
        3161
        3181
        3185
        3187
        3189
        3215
        3216
        3230
        3247
        3257
        3268
        3271
        3278
        3298
        3319
        3335
        3344
        3367
        3376
        3380
        3389
        3406
        3431
        3432
        3437
        3444
        3468
        3487
        3521
        3527
        3534
        3538
        3552
        3555
        3562
        3566
        3583
        3597
        3601
        3606
        3612
        3622
        3628
        3646
        3661
        3669
        3687
        3698
        3704
        3707
        3713
        3729
        3731
        3737
        3745
        3749
        3751
        3755
        3761
        3763
        3767
        3773
        3782
        3792
        3799
        3802
        3808
        3814
        3818
        3822
        3827
        3829
        3832
        3835
        3838
        3846
        3851
        3862
        3868
        3871
        3873
        3875
        3878
        3892
        3898
        3901
        3907
        3916
        3922
        3927
        3933
        3939
        3941
        3947
        3952
        3954
        3963
        3964
        3967
        3973
        3989
        3994
        4018
        4026
        4032
        4037
        4041
        4046
        4054
        4059
        4063
        4066
        4070
        4077
        4084
        4096
        4103
        4122
        4123
        4135
        4138
        4150
        4152
        4172
        4174
        4185
        4189
        4198
        4208
        4214
        4221
        4229
        4279
        4291
        4293
        4300
        4303
        4312
        4331
        4334
        4349
        4356
        4360
        4363
        4366
        4380
        4394
        4402
        4421
        4427
        4431
        4435
        4437
        4443
        4450
        4469
        4477
        4483
        4486
        4495
        4498
        4505
        4510
        4515
        4523
        4527
        4545
        4549
        4557
        4560
        4576
        4596
        4610
        4619
        4633
        4634
        4642
        4644
        4652
        4657
        4663
        4670
        4671
        4672
        4700
        4703
        4706
        4708
        4712
        4713
        4717
        4741
        4746
        4749
        4754
        4757
        4761
        4766
        4777
        4780
        4813
        4824
        4833
        4835
        4848
        4862
        4870
        4883
        4887
        4904
        4909
        4914
        4918
        4923
        4927
        4929
        4941
        4944
        4949
        4951
        4960
        4964
        4972
        4977
        4979
        4986
        4990
        4995
        5006
        5010
        5018
        5030
        5043
        5050
        5056
        5059
        5068
        5087
        5092
        5096
        5099
        5101
        5109
        5119
        5122
        5167
        5169
        5171
        5193
        5197
        5201
        5203
        5212
        5221
        5224
        5236
        5251
        5260
        5264
        5268
        5271
        5278
        5286
        5287
        5289
        5290
        5291
        5293
        5317
        5319
        5324
        5328
        5336
        5338
        5342
        5345
        5366
        5385
        5397
        5407
        5418
        5419
        5420
        5427
        5429
        5432
        5435
        5442
        5451
        5453
        5476
        5488
        5494
        5496
        5506
        5530
        5541
        5543
        5551
        5561
        5564
        5565
        5569
        5572
        5574
        5584
        5604
        5612
        5614
        5621
        5626
        5635
        5640
        5646
        5651
        5657
        5663
        5677
        5686
        5690
        5698
        5700
        5707
        5711
        5724
        5727
        5731
        5744
        5762
        5764
        5775
        5778
        5789
        5794
        5796
        5799
        5806
        5814
        5817
        5824
        5838
        5844
        5852
        5859
        5870
        5884
        5887
        5891
        5908
        5914
        5918
        5931
        5934
        5941
        5946
        5949
        5954
        5963
        5983
        5987
        5997
        6002
        6006
        6011
        6014
        6017
        6023
        6024
        6033
        6040
        6071
        6072
        6078
        6088
        6090
        6112
        6120
        6122
        6145
        6150
        6152
        6176
        6185
        6189
        6192
        6195
        6208
        6211
        6223
        6237
        6243
        6256
        6258
        6262
        6265
        6271
        6275
        6283
        6287
        6301
        6306
        6312
        6317
        6319
        6324
        6336
        6353
        6359
        6366
        6369
        6383
        6397
        6404
        6407
        6413
        6427
        6435
        6446
        6450
        6453
        6470
        6473
        6480
        6488
        6497
        6503
        6508
        6515
        6530
        6534
        6541
        6546
        6557
        6561
        6565
        6572
        6590
        6594
        6603
        6613
        6617
        6623
        6627
        6647
        6648
        6651
        6655
        6670
        6678
        6686
        6692
        6695
        6706
        6708
        6715
        6718
        6730
        6736
        6749
        6755
        6767
        6773
        6777
        6780
        6784
        6790
        6795
        6798
        6803
        6814
        6819
        6824
        6829
        6838
        6851
        6861
        6862
        6870
        6876
        6891
        6893
        6919
        6922
        6927
        6929
        6934
        6941
        6948
        6967
        6971
        6974
        6989
        6992
        6996
        7028
        7036
        7055
        7057
        7060
        7067
        7084
        7098
        7101
        7121
        7129
        7134
        7150
        7153
        7168
        7173
        7176
        7189
        7194
        7196
        7206
        7216
        7222
        7227
        7229
        7245
        7256
        7276
        7279
        7290
        7299
        7312
        7317
        7320
        7342
        7351
        7355
        7358
        7373
        7381
        7384
        7411
        7416
        7435
        7442
        7461
        7468
        7472
        7485
        7490
        7503
        7511
        7514
        7528
        7535
        7548
        7555
        7562
        7569
        7576
        7584
        7588
        7590
        7594
        7598
        7602
        7608
        7631
        7643
        7659
        7661
        7686
        7694
        7698
        7708
        7726
        7730
        7734
        7748
        7766
        7771
        7773
        7779
        7788
        7794
        7797
        7798
        7806
        7819
        7829
        7833
        7834
        7838
        7848
        7865
        7900
        7904
        7910
        7913
        7921
        7928
        7946
        7955
        7967
        7972
        7977
        7987
        8008
        8013
        8015
        8045
        8058
        8062
        8067
        8070
        8079
        8082
        8087
        8093
        8123
        8126
        8133
        8142
        8147
        8155
        8159
        8163
        8166
        8170
        8173
        8182
        8186
        8189
        8191
        8198
        8208
        8209
        8236
        8246
        8248
        8258
        8260
        8264
        8280
        8298
        8300
        8311
        8312
        8328
        8342
        8347
        8355
        8364
        8365
        8380
        8383
        8385
        8390
        8398
        8419
        8424
        8448
        8453
        8457
        8464
        8478
        8480
        8488
        8496
        8510
        8515
        8518
        8533
        8547
        8550
        8584
        8597
        8599
        8606
        8610
        8613
        8615
        8616
        8619
        8627
        8629
        8641
        8648
        8659
        8668
        8676
        8691
        8693
        8696
        8700
        8703
        8717
        8729
        8731
        8743
        8763
        8766
        8769
        8783
        8785
        8797
        8805
        8810
        8847
        8857
        8863
        8871
        8882
        8888
        8908
        8912
        8920
        8939
        8944
        8958
        8964
        8977
        8989
        8994
