        17
        19
        30
        34
        40
        44
        48
        64
        67
        72
        73
        75
        84
        89
        98
        106
        113
        117
        123
        127
        133
        139
        143
        153
        158
        159
        161
        177
        188
        193
        205
        211
        216
        217
        230
        234
        240
        250
        256
        291
        292
        294
        298
        301
        302
        312
        328
        333
        340
        367
        376
        392
        397
        399
        423
        426
        430
        436
        448
        450
        454
        460
        468
        475
        492
        509
        520
        523
        531
        533
        540
        542
        547
        557
        591
        612
        617
        631
        647
        653
        655
        692
        723
        737
        747
        752
        758
        761
        775
        778
        786
        794
        805
        834
        857
        860
        867
        896
        922
        929
        931
        944
        951
        955
        969
        980
        1005
        1012
        1032
        1035
        1058
        1079
        1086
        1099
        1111
        1112
        1115
        1118
        1132
        1149
        1151
        1153
        1161
        1167
        1172
        1176
        1192
        1193
        1215
        1222
        1225
        1233
        1253
        1256
        1270
        1280
        1291
        1298
        1300
        1312
        1323
        1331
        1335
        1338
        1342
        1347
        1348
        1369
        1375
        1378
        1416
        1420
        1423
        1431
        1438
        1442
        1452
        1456
        1458
        1460
        1465
        1470
        1475
        1479
        1483
        1484
        1492
        1496
        1512
        1513
        1516
        1529
        1533
        1535
        1552
        1554
        1568
        1570
        1579
        1581
        1587
        1592
        1595
        1607
        1611
        1637
        1656
        1671
        1676
        1679
        1683
        1715
        1718
        1753
        1757
        1774
        1784
        1797
        1825
        1828
        1836
        1840
        1843
        1861
        1864
        1873
        1874
        1876
        1877
        1889
        1899
        1905
        1908
        1921
        1927
        1930
        1933
        1940
        1941
        1942
        1947
        1951
        1956
        1959
        1963
        1978
        1990
        1993
        1995
        2006
        2008
        2017
        2018
        2022
        2028
        2037
        2039
        2058
        2069
        2079
        2082
        2085
        2099
        2110
        2112
        2114
        2153
        2157
        2169
        2171
        2181
        2183
        2190
        2200
        2214
        2223
        2228
        2231
        2243
        2248
        2253
        2257
        2269
        2285
        2291
        2296
        2306
        2307
        2317
        2319
        2336
        2341
        2347
        2353
        2362
        2364
        2374
        2396
        2412
        2414
        2420
        2424
        2427
        2434
        2439
        2462
        2468
        2476
        2495
        2507
        2514
        2523
        2541
        2551
        2557
        2575
        2607
        2611
        2616
        2620
        2636
        2642
        2649
        2655
        2661
        2689
        2701
        2702
        2704
        2725
        2729
        2732
        2735
        2740
        2749
        2759
        2770
        2776
        2786
        2788
        2801
        2813
        2819
        2833
        2834
        2835
        2839
        2869
        2900
        2901
        2905
        2906
        2912
        2924
        2926
        2929
        2940
        2949
        2952
        2964
        2984
        2992
        2998
        3001
        3002
        3005
        3012
        3014
        3016
        3036
        3043
        3045
        3053
        3083
        3087
        3101
        3105
        3109
        3113
        3123
        3127
        3135
        3138
        3147
        3152
        3162
        3164
        3173
        3180
        3183
        3193
        3194
        3204
        3218
        3220
        3231
        3238
        3243
        3274
        3282
        3288
        3290
        3294
        3297
        3311
        3321
        3325
        3332
        3337
        3347
        3353
        3356
        3372
        3395
        3402
        3408
        3409
        3427
        3435
        3446
        3448
        3457
        3460
        3465
        3472
        3489
        3507
        3511
        3535
        3550
        3552
        3566
        3573
        3600
        3609
        3616
        3619
        3622
        3624
        3629
        3631
        3639
        3644
        3660
        3663
        3665
        3676
        3680
        3685
        3698
        3709
        3710
        3719
        3726
        3729
        3760
        3765
        3775
        3778
        3782
        3799
        3801
        3806
        3809
        3814
        3818
        3831
        3837
        3847
        3860
        3867
        3874
        3879
        3883
        3888
        3896
        3905
        3906
        3912
        3932
        3939
        3949
        3952
        3989
        3991
        3998
        3999
        4010
        4012
        4023
        4027
        4032
        4039
        4042
        4045
        4058
        4063
        4066
        4069
        4071
        4101
        4106
        4112
        4120
        4123
        4125
        4129
        4141
        4146
        4148
        4150
        4154
        4172
        4177
        4189
        4191
        4196
        4202
        4210
        4215
        4233
        4251
        4255
        4268
        4307
        4317
        4333
        4341
        4351
        4357
        4365
        4367
        4376
        4383
        4384
        4386
        4394
        4397
        4403
        4406
        4411
        4417
        4422
        4430
        4433
        4440
        4441
        4442
        4465
        4466
        4474
        4479
        4487
        4511
        4513
        4527
        4544
        4546
        4567
        4572
        4581
        4585
        4593
        4600
        4611
        4614
        4616
        4617
        4629
        4647
        4656
        4693
        4695
        4700
        4705
        4709
        4714
        4719
        4728
        4739
        4747
        4748
        4760
        4772
        4779
        4789
        4792
        4793
        4808
        4815
        4834
        4843
        4852
        4854
        4858
        4868
        4875
        4880
        4882
        4893
        4895
        4905
        4909
        4913
        4919
        4927
        4930
        4935
        4940
        4946
        4948
        4950
        4953
        4956
        4961
        4963
        4982
        4987
        4996
        5008
        5012
        5027
        5070
        5073
        5087
        5097
        5105
        5123
        5126
        5127
        5128
        5131
        5145
        5148
        5152
        5171
        5187
        5191
        5198
        5201
        5215
        5221
        5233
        5252
        5257
        5262
        5263
        5269
        5277
        5278
        5296
        5299
        5302
        5315
        5318
        5323
        5330
        5343
        5347
        5353
        5354
        5356
        5360
        5363
        5367
        5370
        5373
        5377
        5378
        5382
        5387
        5388
        5392
        5400
        5406
        5411
        5415
        5427
        5430
        5434
        5437
        5447
        5452
        5454
        5460
        5465
        5468
        5473
        5483
        5486
        5494
        5498
        5508
        5514
        5518
        5526
        5532
        5538
        5551
        5557
        5563
        5566
        5572
        5598
        5608
        5609
        5613
        5628
        5630
        5632
        5634
        5635
        5657
        5660
        5661
        5683
        5690
        5693
        5710
        5718
        5722
        5727
        5736
        5740
        5748
        5752
        5756
        5759
        5767
        5772
        5775
        5778
        5786
        5789
        5791
        5794
        5804
        5806
        5822
        5826
        5835
        5838
        5841
        5848
        5860
        5890
        5893
        5903
        5911
        5916
        5919
        5925
        5939
        5948
        5951
        5963
        5966
        5979
        5988
        5996
        6001
        6010
        6035
        6040
        6050
        6051
        6060
        6062
        6066
        6071
        6074
        6078
        6099
        6106
        6108
        6116
        6122
        6144
        6158
        6170
        6173
        6190
        6197
        6210
        6212
        6213
        6217
        6232
        6243
        6245
        6250
        6284
        6300
        6320
        6323
        6334
        6350
        6354
        6357
        6363
        6369
        6374
        6396
        6397
        6417
        6443
        6451
        6459
        6466
        6469
        6479
        6484
        6488
        6491
        6502
        6504
        6511
        6519
        6535
        6538
        6541
        6548
        6551
        6553
        6555
        6556
        6561
        6564
        6568
        6571
        6574
        6580
        6581
        6584
        6588
        6594
        6596
        6603
        6613
        6627
        6637
        6638
        6642
        6648
        6653
        6657
        6672
        6673
        6683
        6684
        6733
        6754
        6765
        6771
        6772
        6780
        6790
        6793
        6795
        6805
        6816
        6819
        6839
        6847
        6869
        6874
        6879
        6882
        6887
        6891
        6893
        6907
        6910
        6914
        6923
        6924
        6925
        6941
        6946
        6953
        6954
        6960
        6974
        6980
        6985
        6993
        6999
        7003
        7016
        7020
        7028
        7032
        7033
        7042
        7047
        7050
        7067
        7068
        7070
        7078
        7081
        7092
        7096
        7101
        7106
        7109
        7115
        7122
        7123
        7126
        7128
        7138
        7151
        7154
        7161
        7168
        7169
        7176
        7186
        7190
        7205
        7208
        7222
        7231
        7232
        7235
        7249
        7252
        7259
        7280
        7283
        7288
        7292
        7299
        7303
        7309
        7314
        7321
        7330
        7334
        7339
        7346
        7349
        7356
        7365
        7376
        7378
        7403
        7407
        7409
        7440
        7441
        7444
        7461
        7465
        7477
        7481
        7484
        7494
        7521
        7526
        7553
        7563
        7566
        7570
        7575
        7578
        7588
        7592
        7599
        7602
        7609
        7615
        7621
        7624
        7654
        7655
        7656
        7660
        7662
        7667
        7671
        7677
        7683
        7687
        7688
        7692
        7709
        7713
        7716
        7731
        7743
        7745
        7749
        7756
        7759
        7764
        7768
        7770
        7775
        7786
        7793
        7799
        7814
        7845
        7848
        7852
        7860
        7869
        7870
        7875
        7882
        7884
        7898
        7907
        7911
        7919
        7920
        7930
        7937
        7940
        7944
        7953
        7955
        7964
        7967
        7974
        7982
        7989
        8005
        8030
        8035
        8037
        8041
        8045
        8057
        8060
        8069
        8076
        8081
        8083
        8089
        8098
        8106
        8112
        8129
        8131
        8133
        8135
        8136
        8144
        8148
        8165
        8170
        8174
        8177
        8190
        8202
        8208
        8213
        8227
        8239
        8252
        8254
        8256
        8267
        8277
        8285
        8291
        8300
        8308
        8320
        8321
        8327
        8328
        8329
        8351
        8363
        8367
        8382
        8387
        8396
        8397
        8403
        8411
        8415
        8419
        8431
        8436
        8441
        8456
        8479
        8486
        8496
        8502
        8513
        8516
        8529
        8534
        8541
        8551
        8569
        8574
        8596
        8601
        8619
        8627
        8633
        8644
        8655
        8666
        8669
        8673
        8676
        8683
        8687
        8688
        8695
        8705
        8714
        8716
        8726
        8728
        8733
        8735
        8736
        8740
        8744
        8746
        8754
        8764
        8781
        8792
        8799
        8814
        8817
        8820
        8824
        8827
        8831
        8862
        8864
        8866
        8867
        8869
        8885
        8894
        8898
        8909
        8916
        8929
        8937
        8945
        8948
        8950
        8953
        8958
        8969
        8971
        8973
        8977
        8979
        8983
        8986
        8989
        8992
        8993
