        2
        17
        21
        38
        43
        45
        46
        52
        56
        74
        76
        79
        84
        92
        101
        107
        109
        111
        114
        121
        127
        142
        143
        160
        162
        166
        184
        194
        203
        212
        218
        222
        229
        233
        239
        246
        251
        253
        260
        263
        265
        270
        278
        280
        287
        289
        312
        332
        338
        350
        353
        358
        361
        363
        369
        375
        379
        395
        435
        447
        448
        451
        464
        475
        484
        488
        495
        498
        505
        509
        534
        559
        563
        574
        584
        602
        606
        611
        616
        626
        631
        639
        656
        670
        671
        672
        694
        700
        703
        718
        722
        724
        730
        734
        737
        739
        740
        748
        754
        757
        760
        765
        769
        772
        777
        782
        784
        787
        793
        810
        819
        825
        856
        875
        888
        893
        894
        896
        906
        916
        920
        923
        949
        951
        965
        966
        978
        996
        1000
        1007
        1022
        1027
        1030
        1032
        1035
        1038
        1041
        1044
        1052
        1067
        1071
        1082
        1090
        1101
        1109
        1118
        1129
        1133
        1139
        1140
        1146
        1152
        1159
        1168
        1171
        1176
        1179
        1184
        1194
        1203
        1210
        1221
        1232
        1256
        1259
        1263
        1274
        1279
        1291
        1294
        1313
        1322
        1328
        1333
        1340
        1347
        1357
        1358
        1362
        1370
        1375
        1386
        1394
        1403
        1428
        1439
        1448
        1453
        1459
        1462
        1465
        1468
        1470
        1504
        1507
        1549
        1561
        1572
        1582
        1587
        1600
        1608
        1614
        1616
        1631
        1636
        1642
        1657
        1669
        1682
        1690
        1696
        1700
        1709
        1715
        1726
        1729
        1734
        1746
        1762
        1766
        1782
        1784
        1786
        1801
        1808
        1811
        1823
        1825
        1833
        1837
        1843
        1869
        1880
        1889
        1902
        1906
        1912
        1924
        1929
        1934
        1941
        1946
        1947
        1952
        1955
        1961
        1970
        1976
        1989
        2007
        2034
        2037
        2074
        2080
        2085
        2097
        2099
        2110
        2115
        2122
        2125
        2127
        2144
        2146
        2152
        2157
        2162
        2165
        2171
        2177
        2185
        2194
        2198
        2207
        2217
        2219
        2222
        2225
        2234
        2239
        2240
        2245
        2249
        2255
        2261
        2267
        2277
        2281
        2296
        2313
        2321
        2342
        2349
        2350
        2360
        2376
        2377
        2379
        2381
        2392
        2394
        2397
        2400
        2442
        2454
        2467
        2471
        2493
        2509
        2521
        2527
        2528
        2539
        2555
        2568
        2574
        2584
        2595
        2605
        2608
        2621
        2627
        2636
        2643
        2652
        2657
        2666
        2672
        2674
        2698
        2708
        2711
        2723
        2754
        2761
        2768
        2786
        2801
        2805
        2812
        2815
        2818
        2828
        2841
        2848
        2850
        2852
        2858
        2865
        2885
        2887
        2896
        2899
        2915
        2916
        2924
        2925
        2952
        2955
        2959
        2960
        2966
        2973
        2979
        2982
        2984
        2989
        2999
        3027
        3043
        3051
        3054
        3063
        3068
        3077
        3079
        3099
        3110
        3118
        3123
        3137
        3151
        3165
        3171
        3175
        3184
        3193
        3212
        3215
        3222
        3225
        3229
        3243
        3247
        3269
        3277
        3281
        3288
        3290
        3308
        3310
        3316
        3335
        3338
        3340
        3342
        3346
        3371
        3374
        3377
        3382
        3384
        3385
        3392
        3396
        3405
        3409
        3425
        3431
        3443
        3447
        3451
        3456
        3499
        3501
        3517
        3521
        3523
        3535
        3553
        3555
        3568
        3570
        3576
        3594
        3614
        3619
        3626
        3633
        3649
        3654
        3658
        3662
        3698
        3700
        3707
        3712
        3715
        3718
        3722
        3732
        3735
        3739
        3745
        3747
        3749
        3757
        3771
        3776
        3778
        3781
        3787
        3791
        3795
        3798
        3801
        3804
        3808
        3847
        3867
        3875
        3881
        3893
        3912
        3919
        3924
        3931
        3932
        3948
        3953
        3982
        4001
        4007
        4010
        4015
        4017
        4025
        4051
        4069
        4086
        4088
        4095
        4112
        4122
        4130
        4131
        4136
        4138
        4141
        4157
        4160
        4176
        4192
        4213
        4218
        4223
        4225
        4228
        4260
        4276
        4293
        4298
        4310
        4315
        4365
        4374
        4376
        4379
        4381
        4383
        4396
        4400
        4404
        4409
        4412
        4416
        4433
        4436
        4464
        4472
        4501
        4513
        4519
        4521
        4522
        4524
        4527
        4535
        4555
        4558
        4588
        4591
        4593
        4598
        4605
        4611
        4614
        4615
        4616
        4618
        4623
        4632
        4636
        4645
        4654
        4678
        4690
        4692
        4709
        4713
        4719
        4738
        4747
        4777
        4780
        4794
        4800
        4811
        4813
        4824
        4840
        4855
        4863
        4874
        4885
        4886
        4898
        4920
        4954
        4957
        4959
        4968
        4972
        4975
        4976
        4991
        4995
        5009
        5010
        5025
        5028
        5034
        5059
        5081
        5082
        5085
        5094
        5102
        5104
        5111
        5128
        5133
        5141
        5145
        5148
        5160
        5166
        5169
        5178
        5188
        5193
        5205
        5210
        5212
        5230
        5262
        5271
        5280
        5284
        5287
        5293
        5320
        5328
        5334
        5353
        5385
        5399
        5402
        5404
        5410
        5422
        5426
        5433
        5434
        5441
        5449
        5467
        5476
        5493
        5497
        5502
        5507
        5511
        5518
        5520
        5527
        5528
        5543
        5546
        5557
        5583
        5587
        5597
        5603
        5611
        5622
        5627
        5637
        5650
        5661
        5667
        5683
        5697
        5701
        5713
        5717
        5720
        5732
        5739
        5747
        5764
        5769
        5779
        5783
        5787
        5797
        5800
        5805
        5815
        5826
        5834
        5843
        5848
        5855
        5857
        5858
        5866
        5870
        5890
        5895
        5898
        5911
        5914
        5921
        5923
        5935
        5938
        5942
        5947
        5958
        5963
        5965
        5975
        5979
        5982
        5996
        5998
        6007
        6076
        6085
        6091
        6102
        6108
        6122
        6125
        6128
        6135
        6137
        6151
        6167
        6168
        6173
        6175
        6213
        6217
        6221
        6223
        6229
        6236
        6237
        6244
        6261
        6265
        6267
        6280
        6285
        6288
        6299
        6306
        6311
        6321
        6334
        6341
        6354
        6358
        6363
        6380
        6390
        6394
        6403
        6415
        6418
        6430
        6436
        6443
        6447
        6479
        6488
        6491
        6499
        6502
        6511
        6519
        6525
        6539
        6545
        6556
        6568
        6571
        6584
        6588
        6593
        6602
        6605
        6607
        6620
        6638
        6639
        6660
        6661
        6678
        6684
        6698
        6717
        6732
        6735
        6756
        6768
        6770
        6783
        6794
        6800
        6806
        6810
        6812
        6816
        6821
        6824
        6832
        6843
        6846
        6850
        6858
        6861
        6864
        6873
        6874
        6875
        6892
        6902
        6905
        6923
        6927
        6931
        6933
        6943
        6953
        6955
        6971
        6975
        6976
        7010
        7025
        7027
        7042
        7047
        7065
        7069
        7086
        7122
        7128
        7140
        7142
        7151
        7154
        7156
        7159
        7164
        7173
        7175
        7182
        7185
        7192
        7198
        7209
        7212
        7220
        7226
        7237
        7244
        7248
        7252
        7253
        7254
        7256
        7259
        7263
        7266
        7269
        7270
        7272
        7276
        7284
        7292
        7295
        7302
        7311
        7319
        7327
        7332
        7349
        7352
        7356
        7361
        7362
        7365
        7368
        7379
        7380
        7382
        7387
        7389
        7391
        7396
        7434
        7444
        7446
        7448
        7467
        7474
        7478
        7482
        7484
        7494
        7509
        7517
        7532
        7533
        7542
        7546
        7548
        7550
        7559
        7561
        7566
        7576
        7588
        7603
        7606
        7619
        7622
        7626
        7633
        7637
        7645
        7648
        7665
        7673
        7678
        7682
        7684
        7691
        7692
        7696
        7698
        7701
        7707
        7712
        7714
        7719
        7724
        7725
        7728
        7731
        7734
        7739
        7740
        7743
        7745
        7762
        7768
        7776
        7777
        7786
        7793
        7803
        7829
        7840
        7849
        7865
        7869
        7885
        7902
        7905
        7924
        7939
        7963
        7966
        7971
        7974
        7981
        8024
        8041
        8058
        8097
        8098
        8103
        8106
        8112
        8113
        8116
        8118
        8121
        8135
        8144
        8146
        8148
        8157
        8161
        8163
        8168
        8172
        8173
        8177
        8182
        8186
        8197
        8204
        8209
        8215
        8232
        8237
        8247
        8260
        8264
        8313
        8319
        8324
        8328
        8348
        8356
        8360
        8373
        8387
        8408
        8419
        8421
        8433
        8436
        8437
        8438
        8441
        8453
        8455
        8466
        8469
        8473
        8476
        8481
        8488
        8492
        8496
        8514
        8522
        8536
        8561
        8569
        8571
        8591
        8594
        8599
        8604
        8607
        8611
        8615
        8617
        8620
        8635
        8637
        8638
        8658
        8665
        8674
        8678
        8691
        8699
        8705
        8718
        8723
        8732
        8748
        8752
        8756
        8757
        8764
        8789
        8801
        8808
        8812
        8822
        8828
        8833
        8836
        8851
        8853
        8868
        8887
        8894
        8904
        8907
        8908
        8910
        8912
        8917
        8921
        8941
        8944
        8945
        8952
        8965
        8968
        8980
        8984
        8988
        8990
