        9
        10
        14
        16
        22
        27
        30
        34
        38
        40
        51
        72
        85
        92
        103
        116
        135
        143
        171
        182
        194
        197
        206
        209
        217
        245
        253
        257
        268
        277
        281
        290
        302
        314
        317
        345
        351
        357
        361
        371
        383
        395
        400
        403
        408
        414
        426
        430
        431
        433
        437
        444
        448
        461
        465
        472
        480
        493
        496
        500
        503
        509
        512
        535
        547
        550
        557
        571
        574
        576
        582
        585
        591
        597
        613
        623
        626
        633
        650
        656
        658
        668
        670
        673
        692
        702
        707
        720
        735
        743
        746
        754
        764
        776
        780
        790
        795
        816
        819
        822
        824
        828
        830
        834
        839
        858
        863
        880
        895
        899
        912
        917
        930
        959
        964
        977
        988
        995
        1013
        1018
        1023
        1029
        1047
        1055
        1061
        1072
        1093
        1114
        1125
        1135
        1139
        1163
        1165
        1175
        1190
        1201
        1215
        1220
        1227
        1230
        1234
        1254
        1261
        1267
        1270
        1273
        1285
        1295
        1307
        1314
        1326
        1342
        1353
        1358
        1379
        1381
        1384
        1398
        1403
        1409
        1421
        1430
        1450
        1460
        1473
        1477
        1490
        1499
        1503
        1518
        1529
        1552
        1558
        1565
        1571
        1584
        1599
        1608
        1613
        1626
        1629
        1645
        1672
        1680
        1691
        1702
        1706
        1711
        1720
        1741
        1758
        1765
        1779
        1795
        1799
        1803
        1814
        1823
        1834
        1844
        1856
        1861
        1864
        1868
        1872
        1875
        1884
        1886
        1887
        1895
        1900
        1909
        1911
        1935
        1937
        1943
        1973
        1979
        1983
        1985
        1989
        1990
        1993
        1997
        2000
        2009
        2015
        2029
        2038
        2043
        2045
        2067
        2084
        2094
        2095
        2108
        2110
        2113
        2116
        2133
        2159
        2164
        2166
        2170
        2175
        2179
        2186
        2190
        2213
        2227
        2243
        2250
        2256
        2270
        2273
        2286
        2289
        2296
        2299
        2327
        2332
        2338
        2346
        2349
        2357
        2405
        2408
        2410
        2413
        2417
        2420
        2426
        2444
        2450
        2454
        2460
        2466
        2480
        2487
        2491
        2498
        2499
        2508
        2526
        2531
        2535
        2543
        2545
        2562
        2570
        2590
        2596
        2599
        2604
        2611
        2614
        2619
        2624
        2630
        2634
        2641
        2650
        2675
        2688
        2692
        2700
        2714
        2715
        2736
        2739
        2742
        2747
        2753
        2760
        2765
        2774
        2777
        2790
        2804
        2809
        2815
        2818
        2821
        2824
        2834
        2838
        2844
        2853
        2857
        2870
        2877
        2885
        2897
        2906
        2911
        2916
        2920
        2940
        2951
        2959
        2960
        2965
        2974
        2977
        2998
        3012
        3013
        3015
        3023
        3048
        3053
        3078
        3101
        3105
        3107
        3108
        3110
        3114
        3116
        3118
        3127
        3141
        3152
        3159
        3172
        3176
        3183
        3194
        3207
        3209
        3213
        3224
        3233
        3238
        3241
        3254
        3266
        3274
        3290
        3294
        3295
        3313
        3325
        3333
        3337
        3341
        3352
        3356
        3361
        3365
        3376
        3380
        3382
        3409
        3425
        3440
        3441
        3442
        3446
        3448
        3461
        3465
        3478
        3482
        3487
        3491
        3492
        3504
        3508
        3511
        3533
        3537
        3558
        3565
        3575
        3579
        3600
        3601
        3608
        3621
        3641
        3643
        3651
        3654
        3655
        3659
        3660
        3680
        3710
        3713
        3719
        3723
        3730
        3734
        3742
        3761
        3789
        3798
        3805
        3810
        3816
        3819
        3825
        3826
        3828
        3838
        3848
        3852
        3862
        3878
        3880
        3884
        3897
        3901
        3906
        3911
        3914
        3919
        3924
        3933
        3936
        3953
        3957
        3968
        3990
        4004
        4012
        4015
        4021
        4041
        4061
        4071
        4088
        4090
        4093
        4097
        4100
        4104
        4113
        4133
        4151
        4164
        4171
        4175
        4178
        4185
        4195
        4201
        4210
        4219
        4236
        4240
        4248
        4256
        4260
        4265
        4272
        4292
        4294
        4298
        4302
        4311
        4318
        4330
        4337
        4349
        4355
        4377
        4382
        4388
        4394
        4402
        4414
        4417
        4428
        4435
        4451
        4466
        4481
        4484
        4486
        4491
        4494
        4508
        4522
        4526
        4541
        4544
        4556
        4566
        4571
        4574
        4597
        4609
        4621
        4630
        4636
        4640
        4642
        4667
        4673
        4677
        4681
        4713
        4723
        4734
        4738
        4744
        4748
        4751
        4753
        4755
        4766
        4776
        4782
        4786
        4796
        4803
        4811
        4824
        4827
        4841
        4844
        4846
        4849
        4865
        4869
        4882
        4886
        4914
        4916
        4929
        4947
        4968
        4999
        5007
        5026
        5028
        5036
        5040
        5042
        5077
        5079
        5082
        5093
        5096
        5106
        5115
        5137
        5140
        5149
        5154
        5162
        5170
        5171
        5174
        5196
        5202
        5204
        5211
        5222
        5224
        5245
        5262
        5266
        5273
        5288
        5289
        5300
        5312
        5315
        5324
        5327
        5330
        5337
        5341
        5344
        5350
        5354
        5362
        5367
        5373
        5380
        5383
        5390
        5410
        5416
        5425
        5430
        5435
        5438
        5441
        5454
        5458
        5467
        5472
        5479
        5483
        5486
        5493
        5497
        5503
        5505
        5510
        5515
        5518
        5523
        5524
        5526
        5533
        5540
        5549
        5566
        5575
        5586
        5587
        5621
        5627
        5629
        5649
        5658
        5662
        5674
        5678
        5687
        5690
        5700
        5718
        5724
        5728
        5731
        5739
        5744
        5756
        5764
        5770
        5784
        5789
        5792
        5800
        5828
        5840
        5847
        5850
        5858
        5863
        5867
        5876
        5908
        5913
        5920
        5926
        5928
        5934
        5941
        5961
        5971
        5976
        5980
        5993
        6002
        6008
        6012
        6015
        6017
        6020
        6022
        6032
        6035
        6040
        6065
        6074
        6077
        6090
        6104
        6106
        6116
        6123
        6136
        6158
        6165
        6173
        6177
        6185
        6188
        6198
        6200
        6226
        6234
        6239
        6253
        6261
        6271
        6274
        6278
        6280
        6283
        6292
        6309
        6313
        6315
        6317
        6324
        6327
        6336
        6348
        6353
        6359
        6361
        6371
        6387
        6392
        6421
        6442
        6446
        6452
        6473
        6480
        6483
        6494
        6515
        6518
        6527
        6537
        6561
        6568
        6581
        6608
        6619
        6635
        6640
        6643
        6652
        6661
        6666
        6674
        6685
        6705
        6709
        6711
        6719
        6722
        6725
        6753
        6762
        6767
        6796
        6832
        6864
        6870
        6872
        6875
        6881
        6885
        6891
        6896
        6904
        6912
        6914
        6915
        6925
        6933
        6942
        6948
        6967
        6968
        6974
        6979
        6982
        6997
        7010
        7014
        7015
        7019
        7020
        7023
        7027
        7031
        7035
        7053
        7063
        7069
        7084
        7091
        7102
        7104
        7114
        7124
        7127
        7136
        7147
        7151
        7162
        7166
        7175
        7177
        7179
        7181
        7185
        7197
        7200
        7211
        7218
        7226
        7233
        7256
        7269
        7271
        7281
        7286
        7302
        7309
        7310
        7312
        7314
        7319
        7324
        7333
        7340
        7357
        7361
        7371
        7372
        7384
        7390
        7396
        7400
        7410
        7413
        7437
        7438
        7439
        7441
        7446
        7452
        7457
        7467
        7477
        7485
        7495
        7506
        7509
        7523
        7551
        7566
        7571
        7577
        7579
        7582
        7586
        7602
        7607
        7610
        7615
        7624
        7637
        7644
        7658
        7663
        7668
        7681
        7686
        7689
        7693
        7696
        7721
        7727
        7736
        7739
        7743
        7753
        7775
        7789
        7798
        7801
        7803
        7810
        7825
        7827
        7828
        7832
        7841
        7846
        7852
        7860
        7866
        7871
        7876
        7886
        7888
        7901
        7906
        7908
        7919
        7921
        7938
        7950
        7952
        7955
        7957
        7971
        7986
        7987
        7989
        7992
        7997
        8010
        8033
        8040
        8045
        8058
        8062
        8081
        8093
        8118
        8128
        8142
        8152
        8169
        8189
        8193
        8213
        8237
        8248
        8251
        8273
        8283
        8294
        8297
        8302
        8308
        8313
        8318
        8320
        8325
        8336
        8338
        8345
        8350
        8359
        8363
        8370
        8380
        8383
        8389
        8397
        8402
        8407
        8412
        8425
        8432
        8440
        8444
        8460
        8464
        8476
        8486
        8491
        8518
        8525
        8533
        8536
        8546
        8554
        8567
        8573
        8574
        8575
        8582
        8586
        8593
        8595
        8597
        8601
        8608
        8610
        8621
        8639
        8647
        8650
        8661
        8688
        8696
        8701
        8717
        8729
        8755
        8760
        8762
        8763
        8765
        8775
        8778
        8783
        8789
        8795
        8803
        8808
        8813
        8833
        8837
        8838
        8856
        8862
        8878
        8884
        8887
        8889
        8899
        8902
        8909
        8918
        8921
        8923
        8926
        8930
        8936
        8939
        8949
        8953
        8959
        8965
        8971
        8986
