        5
        11
        15
        18
        25
        36
        53
        61
        65
        66
        67
        71
        82
        89
        97
        99
        118
        126
        140
        142
        156
        163
        166
        179
        183
        194
        197
        202
        208
        213
        220
        224
        232
        235
        237
        241
        251
        273
        281
        294
        307
        311
        317
        331
        341
        349
        354
        359
        362
        370
        372
        375
        379
        383
        388
        408
        440
        446
        448
        455
        460
        464
        470
        472
        494
        498
        500
        501
        503
        523
        550
        567
        590
        607
        608
        613
        618
        622
        627
        646
        671
        675
        685
        697
        698
        712
        715
        730
        742
        754
        755
        762
        770
        772
        777
        782
        799
        819
        849
        859
        863
        866
        881
        897
        915
        929
        934
        940
        950
        958
        969
        971
        982
        990
        1004
        1005
        1007
        1016
        1027
        1032
        1042
        1053
        1059
        1065
        1069
        1078
        1093
        1097
        1100
        1102
        1105
        1109
        1113
        1130
        1137
        1144
        1153
        1163
        1176
        1180
        1210
        1214
        1244
        1246
        1252
        1254
        1262
        1266
        1278
        1289
        1291
        1333
        1334
        1342
        1344
        1349
        1357
        1383
        1388
        1396
        1402
        1420
        1424
        1429
        1445
        1449
        1452
        1458
        1491
        1500
        1508
        1510
        1515
        1518
        1520
        1527
        1534
        1537
        1550
        1564
        1566
        1582
        1597
        1603
        1606
        1611
        1614
        1624
        1626
        1632
        1639
        1641
        1659
        1674
        1682
        1691
        1693
        1694
        1698
        1699
        1700
        1720
        1722
        1726
        1729
        1732
        1735
        1738
        1739
        1751
        1762
        1765
        1766
        1770
        1792
        1798
        1801
        1824
        1827
        1833
        1842
        1846
        1847
        1853
        1858
        1872
        1879
        1887
        1888
        1895
        1903
        1906
        1912
        1928
        1937
        1940
        1947
        1950
        1953
        1956
        1958
        1967
        1972
        1974
        1976
        1987
        1995
        1998
        2003
        2027
        2033
        2037
        2077
        2080
        2083
        2086
        2088
        2092
        2100
        2106
        2110
        2113
        2116
        2119
        2120
        2121
        2131
        2139
        2140
        2144
        2162
        2182
        2185
        2189
        2195
        2201
        2207
        2241
        2247
        2256
        2257
        2261
        2262
        2265
        2268
        2275
        2296
        2305
        2318
        2323
        2349
        2351
        2358
        2370
        2377
        2381
        2384
        2388
        2406
        2408
        2412
        2427
        2436
        2439
        2442
        2456
        2460
        2464
        2491
        2497
        2500
        2503
        2512
        2528
        2540
        2560
        2567
        2570
        2593
        2594
        2598
        2607
        2609
        2613
        2617
        2621
        2628
        2632
        2636
        2645
        2651
        2655
        2664
        2670
        2672
        2676
        2677
        2679
        2691
        2708
        2712
        2716
        2734
        2739
        2747
        2759
        2761
        2765
        2774
        2775
        2777
        2781
        2786
        2791
        2796
        2799
        2808
        2820
        2828
        2832
        2834
        2835
        2837
        2853
        2860
        2866
        2873
        2879
        2898
        2906
        2910
        2915
        2930
        2937
        2963
        2976
        2979
        2993
        2999
        3012
        3025
        3032
        3037
        3051
        3073
        3089
        3112
        3119
        3133
        3135
        3141
        3146
        3150
        3152
        3164
        3167
        3171
        3181
        3184
        3188
        3199
        3218
        3227
        3232
        3236
        3241
        3251
        3258
        3264
        3267
        3281
        3284
        3291
        3306
        3308
        3330
        3337
        3341
        3344
        3353
        3356
        3360
        3367
        3370
        3373
        3377
        3388
        3396
        3405
        3408
        3414
        3419
        3422
        3435
        3437
        3452
        3455
        3476
        3488
        3495
        3505
        3512
        3523
        3541
        3545
        3563
        3569
        3575
        3580
        3584
        3603
        3615
        3616
        3619
        3637
        3646
        3654
        3663
        3668
        3670
        3691
        3700
        3711
        3715
        3725
        3731
        3738
        3739
        3747
        3755
        3763
        3768
        3771
        3773
        3777
        3784
        3791
        3798
        3805
        3808
        3823
        3829
        3851
        3855
        3860
        3865
        3869
        3870
        3873
        3879
        3885
        3887
        3901
        3903
        3905
        3912
        3916
        3927
        3936
        3940
        3944
        3958
        3959
        3996
        4002
        4004
        4005
        4013
        4018
        4028
        4050
        4072
        4080
        4086
        4092
        4097
        4103
        4108
        4111
        4122
        4145
        4167
        4168
        4174
        4182
        4188
        4193
        4196
        4221
        4229
        4239
        4242
        4251
        4255
        4262
        4286
        4289
        4294
        4299
        4303
        4318
        4322
        4326
        4327
        4335
        4349
        4353
        4369
        4375
        4381
        4395
        4406
        4409
        4413
        4420
        4422
        4427
        4433
        4457
        4460
        4469
        4482
        4487
        4500
        4527
        4532
        4538
        4550
        4559
        4564
        4566
        4568
        4586
        4588
        4604
        4609
        4628
        4631
        4638
        4647
        4652
        4659
        4663
        4670
        4675
        4678
        4694
        4698
        4701
        4710
        4730
        4737
        4740
        4761
        4765
        4777
        4780
        4794
        4802
        4809
        4812
        4829
        4835
        4841
        4861
        4866
        4874
        4879
        4891
        4898
        4900
        4904
        4925
        4926
        4937
        4941
        4947
        4953
        4956
        4961
        4963
        4967
        4979
        4980
        4984
        4996
        5000
        5006
        5017
        5026
        5036
        5042
        5045
        5049
        5068
        5073
        5091
        5118
        5123
        5131
        5139
        5153
        5162
        5176
        5179
        5187
        5190
        5192
        5195
        5214
        5220
        5226
        5228
        5254
        5260
        5273
        5296
        5301
        5314
        5332
        5337
        5346
        5351
        5356
        5358
        5363
        5368
        5370
        5377
        5383
        5388
        5393
        5400
        5406
        5411
        5413
        5416
        5421
        5429
        5434
        5449
        5450
        5452
        5459
        5473
        5475
        5478
        5491
        5499
        5523
        5531
        5539
        5542
        5555
        5556
        5560
        5569
        5583
        5589
        5592
        5606
        5610
        5614
        5622
        5632
        5635
        5642
        5647
        5661
        5668
        5672
        5675
        5702
        5703
        5705
        5709
        5716
        5740
        5752
        5761
        5773
        5795
        5796
        5800
        5806
        5812
        5847
        5856
        5860
        5861
        5863
        5864
        5868
        5882
        5893
        5910
        5914
        5917
        5926
        5934
        5944
        5952
        5955
        5962
        5967
        5974
        5985
        6017
        6025
        6029
        6044
        6049
        6051
        6055
        6060
        6063
        6081
        6093
        6098
        6115
        6118
        6125
        6130
        6146
        6151
        6156
        6163
        6176
        6211
        6227
        6232
        6245
        6270
        6271
        6282
        6291
        6294
        6298
        6304
        6324
        6328
        6341
        6350
        6360
        6365
        6375
        6384
        6402
        6404
        6437
        6445
        6447
        6459
        6470
        6475
        6485
        6492
        6496
        6498
        6509
        6516
        6519
        6522
        6533
        6540
        6546
        6571
        6591
        6601
        6619
        6620
        6627
        6639
        6641
        6657
        6667
        6683
        6692
        6697
        6704
        6718
        6733
        6737
        6746
        6749
        6755
        6758
        6764
        6772
        6778
        6781
        6791
        6795
        6810
        6854
        6860
        6867
        6870
        6871
        6890
        6895
        6908
        6917
        6919
        6924
        6934
        6949
        6958
        6960
        6983
        6992
        6993
        7002
        7021
        7027
        7030
        7034
        7036
        7038
        7039
        7041
        7043
        7047
        7051
        7059
        7064
        7068
        7070
        7074
        7077
        7084
        7087
        7091
        7092
        7095
        7098
        7099
        7101
        7103
        7106
        7116
        7121
        7124
        7131
        7135
        7145
        7147
        7151
        7153
        7160
        7162
        7184
        7187
        7192
        7205
        7209
        7213
        7215
        7216
        7222
        7233
        7242
        7248
        7254
        7269
        7275
        7283
        7286
        7290
        7293
        7296
        7299
        7314
        7317
        7323
        7326
        7330
        7335
        7338
        7343
        7348
        7368
        7371
        7374
        7380
        7384
        7406
        7411
        7417
        7422
        7425
        7434
        7440
        7450
        7461
        7464
        7475
        7480
        7482
        7494
        7523
        7528
        7532
        7537
        7541
        7559
        7562
        7584
        7590
        7606
        7618
        7622
        7627
        7632
        7637
        7638
        7646
        7653
        7663
        7668
        7693
        7696
        7701
        7702
        7704
        7710
        7718
        7729
        7738
        7741
        7746
        7753
        7766
        7768
        7771
        7776
        7790
        7793
        7802
        7811
        7816
        7818
        7819
        7829
        7851
        7856
        7859
        7866
        7875
        7886
        7902
        7910
        7914
        7929
        7944
        7962
        7963
        7965
        7969
        7977
        7981
        7991
        7996
        8002
        8010
        8030
        8035
        8045
        8049
        8052
        8061
        8072
        8078
        8084
        8090
        8097
        8098
        8100
        8104
        8117
        8123
        8128
        8137
        8139
        8143
        8159
        8163
        8166
        8172
        8188
        8193
        8203
        8213
        8218
        8229
        8256
        8269
        8290
        8296
        8311
        8329
        8355
        8366
        8383
        8414
        8423
        8434
        8436
        8438
        8441
        8456
        8464
        8469
        8475
        8478
        8479
        8484
        8490
        8492
        8506
        8515
        8520
        8524
        8538
        8549
        8557
        8567
        8570
        8572
        8576
        8590
        8604
        8606
        8631
        8633
        8637
        8642
        8643
        8647
        8650
        8652
        8659
        8665
        8672
        8682
        8690
        8704
        8709
        8721
        8732
        8740
        8745
        8786
        8789
        8794
        8799
        8813
        8818
        8828
        8834
        8855
        8875
        8877
        8885
        8901
        8932
        8943
        8947
        8972
        8977
        8980
        8986
        8993
        8994
