        14
        17
        36
        40
        45
        47
        49
        60
        69
        78
        91
        96
        103
        119
        129
        138
        140
        145
        158
        161
        171
        183
        186
        199
        206
        208
        215
        223
        232
        235
        244
        252
        261
        269
        273
        278
        280
        310
        320
        327
        333
        346
        356
        360
        375
        385
        388
        392
        396
        407
        412
        417
        419
        426
        431
        442
        459
        464
        472
        488
        498
        511
        516
        518
        540
        581
        596
        599
        609
        614
        623
        625
        628
        632
        639
        644
        654
        660
        665
        668
        671
        674
        684
        687
        702
        705
        721
        728
        747
        750
        755
        763
        766
        775
        781
        791
        802
        818
        821
        830
        832
        835
        852
        856
        868
        874
        887
        890
        908
        912
        923
        928
        932
        942
        959
        969
        978
        981
        995
        1001
        1003
        1006
        1013
        1021
        1022
        1024
        1026
        1034
        1046
        1063
        1082
        1084
        1088
        1089
        1090
        1092
        1093
        1095
        1096
        1097
        1099
        1103
        1105
        1113
        1116
        1127
        1131
        1135
        1146
        1155
        1163
        1172
        1176
        1178
        1179
        1183
        1206
        1210
        1211
        1214
        1218
        1219
        1220
        1223
        1235
        1240
        1243
        1244
        1247
        1248
        1251
        1263
        1268
        1278
        1281
        1284
        1299
        1304
        1307
        1308
        1312
        1324
        1327
        1334
        1344
        1357
        1376
        1377
        1384
        1393
        1406
        1409
        1418
        1453
        1458
        1468
        1483
        1498
        1501
        1508
        1516
        1521
        1532
        1537
        1546
        1560
        1577
        1590
        1614
        1616
        1620
        1624
        1636
        1702
        1712
        1719
        1739
        1742
        1745
        1747
        1754
        1758
        1764
        1766
        1768
        1771
        1777
        1781
        1785
        1788
        1792
        1796
        1806
        1810
        1813
        1819
        1831
        1836
        1840
        1843
        1849
        1855
        1859
        1864
        1870
        1883
        1888
        1894
        1923
        1925
        1932
        1934
        1938
        1947
        1959
        1964
        1977
        1989
        1993
        2000
        2006
        2011
        2019
        2024
        2028
        2031
        2039
        2040
        2046
        2047
        2049
        2053
        2063
        2065
        2070
        2071
        2075
        2079
        2082
        2083
        2098
        2104
        2110
        2114
        2120
        2123
        2126
        2131
        2146
        2151
        2168
        2175
        2190
        2192
        2195
        2199
        2201
        2202
        2206
        2211
        2217
        2223
        2235
        2236
        2241
        2243
        2251
        2284
        2286
        2299
        2301
        2303
        2313
        2328
        2331
        2340
        2348
        2360
        2363
        2371
        2398
        2415
        2418
        2427
        2429
        2436
        2438
        2441
        2449
        2457
        2475
        2485
        2501
        2512
        2517
        2527
        2530
        2539
        2550
        2553
        2568
        2586
        2639
        2642
        2647
        2654
        2662
        2666
        2671
        2675
        2678
        2681
        2684
        2699
        2701
        2703
        2724
        2727
        2732
        2735
        2751
        2755
        2760
        2776
        2779
        2789
        2796
        2799
        2802
        2827
        2845
        2850
        2855
        2859
        2868
        2877
        2881
        2884
        2894
        2897
        2901
        2909
        2930
        2934
        2937
        2938
        2940
        2946
        2961
        2964
        2985
        2995
        3004
        3006
        3027
        3029
        3034
        3044
        3059
        3070
        3072
        3079
        3098
        3099
        3106
        3120
        3122
        3128
        3134
        3137
        3141
        3147
        3162
        3165
        3168
        3180
        3183
        3192
        3198
        3203
        3206
        3217
        3224
        3230
        3242
        3271
        3291
        3300
        3304
        3315
        3316
        3321
        3324
        3332
        3335
        3337
        3350
        3358
        3363
        3365
        3368
        3379
        3390
        3414
        3418
        3421
        3427
        3432
        3438
        3449
        3479
        3484
        3501
        3507
        3517
        3523
        3527
        3533
        3563
        3574
        3576
        3580
        3596
        3610
        3613
        3625
        3637
        3652
        3667
        3674
        3678
        3702
        3706
        3709
        3715
        3720
        3731
        3735
        3751
        3754
        3781
        3785
        3790
        3794
        3797
        3799
        3801
        3804
        3815
        3817
        3842
        3868
        3881
        3890
        3894
        3911
        3919
        3938
        3944
        3947
        3951
        3963
        3965
        3972
        3977
        3986
        4005
        4009
        4014
        4023
        4031
        4041
        4064
        4081
        4085
        4091
        4102
        4113
        4118
        4121
        4132
        4145
        4152
        4156
        4161
        4173
        4176
        4178
        4182
        4203
        4207
        4220
        4232
        4266
        4272
        4284
        4318
        4325
        4339
        4345
        4353
        4377
        4381
        4390
        4398
        4411
        4415
        4419
        4429
        4434
        4436
        4440
        4450
        4464
        4476
        4479
        4483
        4505
        4507
        4510
        4517
        4522
        4536
        4541
        4544
        4556
        4562
        4563
        4569
        4570
        4584
        4594
        4599
        4605
        4610
        4612
        4617
        4623
        4631
        4633
        4639
        4645
        4654
        4678
        4695
        4696
        4700
        4709
        4713
        4725
        4729
        4733
        4736
        4755
        4762
        4767
        4775
        4778
        4781
        4789
        4798
        4810
        4824
        4827
        4830
        4835
        4844
        4852
        4858
        4861
        4871
        4874
        4879
        4883
        4889
        4895
        4898
        4901
        4915
        4959
        4960
        4968
        4995
        5001
        5010
        5019
        5024
        5029
        5036
        5043
        5055
        5062
        5066
        5070
        5077
        5081
        5095
        5099
        5103
        5108
        5112
        5120
        5135
        5145
        5150
        5151
        5154
        5160
        5169
        5172
        5176
        5180
        5186
        5208
        5210
        5214
        5222
        5226
        5232
        5240
        5259
        5268
        5272
        5284
        5291
        5293
        5298
        5304
        5324
        5327
        5331
        5336
        5342
        5353
        5362
        5367
        5372
        5376
        5385
        5389
        5392
        5393
        5395
        5399
        5415
        5426
        5448
        5451
        5468
        5469
        5472
        5473
        5475
        5503
        5520
        5525
        5528
        5535
        5541
        5543
        5546
        5548
        5553
        5565
        5570
        5572
        5597
        5598
        5600
        5609
        5639
        5640
        5646
        5653
        5656
        5664
        5675
        5677
        5697
        5709
        5711
        5725
        5731
        5736
        5746
        5749
        5757
        5761
        5769
        5787
        5813
        5817
        5824
        5825
        5834
        5846
        5870
        5873
        5882
        5896
        5900
        5928
        5943
        5948
        5952
        5962
        5965
        5968
        5982
        5985
        5989
        5992
        5996
        6001
        6005
        6043
        6050
        6056
        6059
        6068
        6095
        6108
        6112
        6125
        6126
        6127
        6130
        6131
        6134
        6139
        6149
        6154
        6163
        6165
        6181
        6185
        6195
        6200
        6218
        6227
        6233
        6236
        6246
        6251
        6255
        6264
        6269
        6277
        6278
        6283
        6285
        6287
        6292
        6300
        6307
        6334
        6336
        6341
        6343
        6361
        6363
        6367
        6370
        6379
        6384
        6387
        6389
        6393
        6397
        6416
        6418
        6432
        6441
        6448
        6455
        6462
        6465
        6469
        6473
        6482
        6489
        6498
        6509
        6514
        6518
        6525
        6531
        6534
        6537
        6542
        6549
        6575
        6584
        6587
        6609
        6612
        6631
        6638
        6639
        6644
        6652
        6660
        6669
        6685
        6690
        6711
        6715
        6718
        6725
        6737
        6749
        6762
        6769
        6774
        6779
        6793
        6795
        6803
        6811
        6814
        6815
        6818
        6825
        6830
        6836
        6852
        6856
        6862
        6866
        6882
        6892
        6901
        6909
        6919
        6924
        6932
        6940
        6950
        6954
        6956
        6970
        6973
        6980
        6991
        6995
        7000
        7004
        7010
        7025
        7032
        7039
        7048
        7053
        7057
        7061
        7073
        7078
        7084
        7085
        7090
        7098
        7106
        7108
        7117
        7123
        7159
        7164
        7173
        7175
        7182
        7189
        7197
        7198
        7202
        7211
        7213
        7216
        7220
        7224
        7239
        7240
        7242
        7252
        7256
        7260
        7261
        7275
        7278
        7283
        7286
        7290
        7299
        7310
        7314
        7316
        7317
        7319
        7324
        7330
        7349
        7352
        7355
        7365
        7373
        7380
        7385
        7388
        7396
        7399
        7415
        7417
        7422
        7434
        7449
        7450
        7452
        7463
        7471
        7475
        7481
        7486
        7488
        7493
        7498
        7502
        7506
        7515
        7531
        7535
        7558
        7563
        7568
        7573
        7588
        7589
        7594
        7605
        7614
        7627
        7632
        7638
        7644
        7645
        7650
        7659
        7662
        7665
        7673
        7678
        7685
        7699
        7704
        7719
        7727
        7747
        7754
        7758
        7770
        7778
        7787
        7800
        7803
        7816
        7820
        7830
        7855
        7857
        7864
        7878
        7883
        7889
        7896
        7914
        7921
        7925
        7931
        7938
        7948
        7954
        7955
        7956
        7960
        7964
        7975
        7985
        7988
        7993
        7997
        8010
        8028
        8038
        8040
        8043
        8047
        8060
        8067
        8070
        8073
        8077
        8089
        8093
        8096
        8116
        8117
        8123
        8127
        8128
        8135
        8139
        8146
        8147
        8161
        8185
        8212
        8217
        8228
        8231
        8235
        8239
        8255
        8256
        8262
        8264
        8278
        8280
        8285
        8293
        8318
        8321
        8324
        8328
        8337
        8344
        8351
        8353
        8356
        8360
        8371
        8374
        8380
        8390
        8407
        8411
        8416
        8432
        8436
        8447
        8455
        8473
        8479
        8491
        8495
        8504
        8530
        8549
        8562
        8583
        8592
        8594
        8603
        8606
        8615
        8633
        8659
        8662
        8672
        8680
        8688
        8695
        8707
        8708
        8716
        8720
        8723
        8725
        8734
        8744
        8760
        8774
        8786
        8794
        8797
        8804
        8808
        8813
        8815
        8825
        8830
        8834
        8840
        8858
        8862
        8874
        8880
        8883
        8885
        8889
        8893
        8903
        8909
        8910
        8920
        8924
        8928
        8937
        8940
        8944
        8954
        8955
        8957
        8960
        8962
        8966
        8974
        8980
        8984
