        8
        12
        23
        48
        57
        62
        64
        88
        102
        108
        111
        116
        120
        140
        148
        153
        159
        164
        182
        190
        192
        195
        197
        199
        200
        217
        221
        225
        228
        235
        244
        245
        250
        251
        256
        258
        264
        271
        272
        280
        301
        304
        306
        317
        332
        334
        343
        347
        355
        365
        373
        397
        414
        434
        460
        465
        469
        476
        480
        494
        502
        507
        513
        540
        543
        544
        545
        552
        567
        572
        581
        583
        585
        586
        588
        590
        593
        606
        621
        623
        645
        656
        663
        667
        678
        694
        695
        698
        711
        722
        725
        732
        738
        745
        747
        749
        754
        760
        774
        777
        779
        785
        805
        809
        816
        820
        826
        833
        839
        841
        845
        860
        868
        877
        878
        882
        887
        891
        897
        901
        908
        933
        947
        950
        952
        955
        965
        980
        985
        989
        990
        991
        993
        994
        1003
        1019
        1023
        1025
        1029
        1031
        1040
        1047
        1050
        1061
        1073
        1097
        1101
        1104
        1113
        1116
        1117
        1121
        1124
        1125
        1132
        1135
        1143
        1155
        1163
        1167
        1171
        1179
        1187
        1198
        1211
        1215
        1221
        1250
        1251
        1270
        1283
        1286
        1288
        1298
        1304
        1307
        1309
        1324
        1338
        1347
        1377
        1384
        1413
        1416
        1418
        1435
        1438
        1451
        1461
        1468
        1488
        1495
        1501
        1504
        1506
        1510
        1513
        1524
        1528
        1533
        1537
        1539
        1543
        1553
        1558
        1578
        1589
        1600
        1602
        1604
        1614
        1621
        1630
        1639
        1641
        1648
        1656
        1665
        1675
        1678
        1694
        1707
        1722
        1725
        1726
        1729
        1733
        1735
        1744
        1747
        1757
        1766
        1780
        1783
        1792
        1804
        1809
        1811
        1816
        1828
        1829
        1835
        1848
        1854
        1858
        1869
        1873
        1876
        1880
        1885
        1903
        1921
        1929
        1939
        1944
        1945
        1962
        1974
        1980
        1983
        1986
        1989
        1993
        1999
        2005
        2012
        2014
        2034
        2038
        2041
        2044
        2045
        2050
        2054
        2071
        2086
        2119
        2127
        2132
        2148
        2153
        2156
        2163
        2185
        2186
        2196
        2209
        2215
        2217
        2220
        2223
        2236
        2251
        2254
        2258
        2267
        2271
        2281
        2291
        2316
        2324
        2335
        2338
        2344
        2347
        2372
        2374
        2378
        2383
        2386
        2403
        2417
        2437
        2456
        2467
        2476
        2478
        2480
        2482
        2488
        2493
        2514
        2527
        2529
        2537
        2544
        2552
        2561
        2569
        2573
        2578
        2580
        2597
        2601
        2610
        2614
        2617
        2618
        2621
        2635
        2657
        2679
        2697
        2701
        2705
        2720
        2725
        2726
        2730
        2745
        2748
        2757
        2765
        2775
        2779
        2792
        2793
        2800
        2803
        2805
        2806
        2810
        2813
        2817
        2830
        2836
        2847
        2850
        2859
        2865
        2889
        2899
        2909
        2941
        2947
        2956
        2962
        2972
        2974
        2982
        2985
        2988
        2998
        3000
        3004
        3011
        3016
        3021
        3028
        3033
        3039
        3042
        3056
        3069
        3075
        3078
        3086
        3089
        3091
        3094
        3109
        3110
        3112
        3114
        3118
        3123
        3131
        3133
        3136
        3158
        3170
        3178
        3187
        3188
        3193
        3198
        3201
        3203
        3209
        3217
        3219
        3227
        3232
        3235
        3248
        3275
        3282
        3298
        3305
        3310
        3316
        3320
        3328
        3330
        3365
        3373
        3388
        3394
        3398
        3401
        3402
        3405
        3408
        3412
        3416
        3420
        3429
        3440
        3442
        3443
        3459
        3462
        3475
        3493
        3496
        3516
        3522
        3533
        3561
        3567
        3574
        3577
        3589
        3594
        3598
        3603
        3626
        3630
        3658
        3677
        3684
        3710
        3724
        3731
        3736
        3742
        3756
        3757
        3763
        3767
        3770
        3775
        3776
        3792
        3795
        3797
        3812
        3831
        3841
        3853
        3870
        3880
        3899
        3908
        3923
        3926
        3936
        3940
        3952
        3955
        3967
        3969
        3979
        3995
        3998
        4005
        4020
        4027
        4030
        4040
        4047
        4061
        4068
        4080
        4093
        4095
        4117
        4119
        4120
        4128
        4130
        4138
        4147
        4148
        4157
        4158
        4159
        4160
        4162
        4164
        4165
        4166
        4171
        4172
        4176
        4182
        4185
        4189
        4201
        4206
        4209
        4215
        4217
        4218
        4221
        4222
        4223
        4225
        4228
        4231
        4232
        4234
        4247
        4250
        4260
        4269
        4282
        4286
        4291
        4295
        4298
        4303
        4305
        4306
        4308
        4314
        4320
        4326
        4328
        4330
        4331
        4339
        4347
        4351
        4359
        4366
        4373
        4375
        4376
        4381
        4390
        4416
        4424
        4436
        4440
        4449
        4521
        4538
        4554
        4558
        4561
        4571
        4576
        4583
        4597
        4598
        4620
        4621
        4632
        4637
        4639
        4642
        4646
        4649
        4676
        4683
        4700
        4710
        4722
        4733
        4738
        4741
        4743
        4746
        4754
        4759
        4776
        4783
        4787
        4799
        4803
        4806
        4809
        4815
        4818
        4826
        4828
        4831
        4872
        4878
        4883
        4898
        4905
        4913
        4917
        4923
        4937
        4957
        4964
        4973
        4978
        4986
        4993
        5013
        5016
        5018
        5021
        5023
        5027
        5047
        5055
        5058
        5061
        5070
        5071
        5072
        5075
        5084
        5085
        5086
        5090
        5098
        5121
        5124
        5130
        5137
        5153
        5161
        5165
        5168
        5180
        5187
        5221
        5227
        5232
        5236
        5245
        5255
        5263
        5269
        5279
        5282
        5287
        5294
        5298
        5304
        5316
        5321
        5328
        5332
        5343
        5365
        5383
        5405
        5407
        5415
        5420
        5442
        5447
        5452
        5463
        5466
        5475
        5477
        5481
        5495
        5506
        5509
        5523
        5528
        5534
        5542
        5545
        5549
        5556
        5561
        5570
        5579
        5581
        5588
        5591
        5593
        5602
        5612
        5617
        5629
        5631
        5634
        5642
        5645
        5651
        5654
        5658
        5665
        5670
        5671
        5675
        5682
        5684
        5685
        5688
        5704
        5713
        5732
        5735
        5746
        5751
        5753
        5755
        5769
        5786
        5801
        5802
        5820
        5823
        5828
        5841
        5847
        5849
        5852
        5856
        5865
        5873
        5876
        5883
        5887
        5890
        5897
        5903
        5914
        5924
        5925
        5933
        5942
        5952
        5972
        5992
        6015
        6022
        6030
        6038
        6055
        6058
        6062
        6068
        6072
        6084
        6094
        6107
        6108
        6118
        6121
        6136
        6141
        6155
        6159
        6170
        6173
        6176
        6177
        6183
        6194
        6196
        6198
        6227
        6229
        6243
        6249
        6253
        6260
        6263
        6266
        6270
        6288
        6293
        6301
        6309
        6316
        6322
        6329
        6333
        6340
        6353
        6361
        6372
        6378
        6381
        6389
        6395
        6400
        6403
        6407
        6417
        6421
        6437
        6438
        6442
        6449
        6456
        6461
        6466
        6471
        6480
        6488
        6491
        6508
        6524
        6537
        6538
        6545
        6570
        6573
        6579
        6583
        6602
        6610
        6623
        6628
        6638
        6658
        6661
        6662
        6667
        6685
        6692
        6694
        6705
        6710
        6713
        6734
        6756
        6765
        6771
        6779
        6787
        6799
        6801
        6807
        6810
        6814
        6825
        6828
        6831
        6839
        6841
        6843
        6847
        6850
        6852
        6860
        6864
        6869
        6876
        6888
        6901
        6905
        6911
        6913
        6918
        6940
        6958
        6966
        6968
        6976
        6987
        7017
        7019
        7035
        7043
        7045
        7052
        7064
        7071
        7090
        7096
        7099
        7104
        7105
        7107
        7122
        7127
        7138
        7150
        7158
        7164
        7173
        7176
        7196
        7199
        7203
        7206
        7211
        7218
        7221
        7224
        7235
        7257
        7267
        7270
        7275
        7278
        7285
        7296
        7300
        7306
        7311
        7321
        7324
        7332
        7337
        7338
        7341
        7347
        7353
        7357
        7365
        7371
        7374
        7383
        7400
        7401
        7403
        7415
        7445
        7449
        7451
        7454
        7461
        7464
        7488
        7492
        7498
        7501
        7503
        7507
        7508
        7510
        7513
        7520
        7530
        7535
        7539
        7550
        7555
        7572
        7580
        7587
        7595
        7596
        7608
        7610
        7621
        7639
        7646
        7653
        7663
        7683
        7684
        7691
        7694
        7706
        7713
        7724
        7740
        7744
        7749
        7751
        7756
        7773
        7784
        7803
        7807
        7817
        7828
        7840
        7850
        7855
        7875
        7879
        7889
        7890
        7901
        7907
        7920
        7924
        7931
        7937
        7957
        7961
        7982
        7987
        7991
        7994
        8000
        8020
        8050
        8054
        8057
        8060
        8086
        8089
        8105
        8109
        8126
        8139
        8143
        8152
        8171
        8176
        8186
        8193
        8205
        8218
        8228
        8238
        8241
        8248
        8252
        8259
        8260
        8274
        8276
        8284
        8287
        8292
        8309
        8326
        8328
        8342
        8345
        8352
        8356
        8360
        8367
        8368
        8376
        8378
        8386
        8388
        8394
        8401
        8413
        8421
        8439
        8441
        8475
        8492
        8495
        8502
        8506
        8508
        8522
        8528
        8540
        8545
        8547
        8559
        8574
        8580
        8585
        8594
        8604
        8622
        8631
        8644
        8646
        8647
        8648
        8654
        8662
        8671
        8676
        8693
        8703
        8707
        8715
        8724
        8745
        8746
        8747
        8748
        8752
        8755
        8758
        8780
        8785
        8796
        8807
        8808
        8811
        8817
        8822
        8824
        8837
        8839
        8847
        8877
        8900
        8905
        8912
        8913
        8922
        8933
        8940
        8947
        8966
        8970
        8973
        8977
        8990
