        15
        20
        29
        36
        41
        47
        61
        67
        74
        81
        89
        91
        98
        102
        123
        137
        141
        159
        161
        162
        168
        169
        171
        174
        193
        200
        207
        230
        233
        239
        254
        258
        273
        277
        281
        296
        310
        343
        345
        348
        351
        355
        357
        383
        389
        402
        411
        412
        418
        420
        427
        447
        457
        477
        483
        490
        500
        510
        512
        527
        536
        540
        546
        553
        560
        569
        583
        590
        592
        601
        609
        613
        616
        623
        636
        640
        643
        648
        660
        667
        677
        686
        689
        691
        695
        709
        713
        747
        760
        767
        773
        787
        813
        843
        845
        847
        850
        853
        889
        897
        901
        904
        909
        919
        926
        927
        950
        955
        963
        975
        976
        993
        1002
        1012
        1017
        1021
        1046
        1055
        1059
        1063
        1077
        1079
        1081
        1102
        1113
        1116
        1118
        1120
        1123
        1128
        1132
        1136
        1142
        1145
        1148
        1151
        1160
        1163
        1175
        1179
        1186
        1187
        1192
        1193
        1195
        1200
        1209
        1213
        1215
        1222
        1228
        1230
        1233
        1239
        1249
        1257
        1265
        1268
        1284
        1286
        1295
        1298
        1306
        1328
        1335
        1337
        1355
        1356
        1373
        1388
        1391
        1394
        1400
        1405
        1416
        1421
        1458
        1460
        1463
        1481
        1524
        1527
        1529
        1533
        1534
        1539
        1540
        1542
        1546
        1550
        1555
        1579
        1583
        1593
        1596
        1603
        1607
        1618
        1626
        1634
        1638
        1645
        1668
        1673
        1687
        1692
        1695
        1712
        1714
        1717
        1727
        1732
        1800
        1817
        1818
        1832
        1837
        1848
        1863
        1868
        1872
        1884
        1900
        1905
        1910
        1952
        1955
        1968
        1979
        1985
        2003
        2004
        2022
        2038
        2048
        2056
        2066
        2106
        2109
        2112
        2122
        2123
        2131
        2140
        2146
        2167
        2173
        2178
        2183
        2195
        2207
        2210
        2213
        2220
        2222
        2232
        2246
        2247
        2254
        2266
        2273
        2274
        2279
        2280
        2307
        2317
        2332
        2340
        2351
        2356
        2393
        2402
        2412
        2418
        2421
        2426
        2438
        2449
        2452
        2456
        2463
        2493
        2496
        2503
        2519
        2550
        2570
        2575
        2577
        2578
        2587
        2592
        2627
        2642
        2646
        2649
        2665
        2679
        2703
        2704
        2707
        2708
        2709
        2721
        2727
        2766
        2777
        2780
        2783
        2812
        2839
        2847
        2872
        2876
        2878
        2883
        2887
        2891
        2916
        2921
        2925
        2929
        2955
        2976
        2984
        2987
        2989
        3005
        3007
        3013
        3025
        3030
        3032
        3050
        3067
        3110
        3114
        3141
        3147
        3171
        3174
        3177
        3184
        3191
        3201
        3205
        3211
        3227
        3245
        3250
        3263
        3273
        3284
        3286
        3293
        3308
        3311
        3322
        3329
        3349
        3351
        3375
        3384
        3391
        3411
        3419
        3428
        3456
        3465
        3473
        3478
        3484
        3492
        3505
        3511
        3528
        3533
        3541
        3543
        3544
        3555
        3568
        3571
        3574
        3580
        3585
        3596
        3618
        3622
        3639
        3641
        3652
        3664
        3666
        3676
        3681
        3684
        3686
        3709
        3718
        3723
        3731
        3735
        3738
        3741
        3743
        3754
        3766
        3778
        3781
        3786
        3796
        3800
        3802
        3811
        3812
        3831
        3850
        3853
        3859
        3863
        3867
        3899
        3913
        3916
        3934
        3936
        3946
        3949
        3954
        3969
        3972
        3975
        3977
        3991
        3994
        4005
        4010
        4012
        4022
        4028
        4035
        4037
        4054
        4058
        4083
        4085
        4086
        4095
        4122
        4126
        4127
        4133
        4147
        4153
        4156
        4162
        4167
        4188
        4209
        4223
        4227
        4243
        4245
        4248
        4250
        4251
        4254
        4256
        4261
        4268
        4272
        4290
        4292
        4295
        4305
        4306
        4307
        4313
        4321
        4335
        4350
        4362
        4377
        4381
        4393
        4395
        4415
        4418
        4425
        4431
        4435
        4437
        4442
        4444
        4448
        4466
        4475
        4477
        4480
        4495
        4498
        4500
        4502
        4505
        4509
        4539
        4540
        4553
        4558
        4561
        4582
        4583
        4595
        4609
        4615
        4643
        4653
        4689
        4693
        4697
        4701
        4709
        4712
        4721
        4724
        4737
        4747
        4754
        4764
        4766
        4771
        4776
        4780
        4782
        4783
        4791
        4798
        4820
        4825
        4826
        4841
        4851
        4853
        4863
        4864
        4865
        4875
        4877
        4879
        4882
        4892
        4903
        4912
        4918
        4927
        4932
        4935
        4944
        4961
        4965
        4985
        4997
        4998
        5006
        5026
        5032
        5033
        5042
        5052
        5081
        5085
        5105
        5111
        5138
        5140
        5141
        5142
        5152
        5162
        5170
        5172
        5173
        5177
        5184
        5188
        5198
        5204
        5205
        5213
        5221
        5229
        5233
        5248
        5249
        5257
        5263
        5270
        5278
        5298
        5323
        5338
        5350
        5357
        5384
        5385
        5391
        5397
        5412
        5413
        5414
        5415
        5422
        5446
        5452
        5461
        5482
        5514
        5518
        5522
        5530
        5545
        5554
        5567
        5583
        5598
        5607
        5609
        5620
        5632
        5634
        5636
        5638
        5641
        5644
        5646
        5658
        5662
        5671
        5680
        5683
        5688
        5704
        5711
        5722
        5759
        5763
        5767
        5773
        5785
        5791
        5802
        5806
        5812
        5832
        5834
        5844
        5872
        5875
        5889
        5895
        5903
        5919
        5930
        5947
        5957
        5976
        5988
        5997
        6010
        6013
        6028
        6035
        6041
        6049
        6052
        6084
        6089
        6091
        6094
        6098
        6115
        6123
        6133
        6137
        6152
        6162
        6165
        6171
        6174
        6200
        6210
        6216
        6228
        6232
        6236
        6240
        6258
        6259
        6263
        6282
        6296
        6306
        6315
        6324
        6334
        6390
        6404
        6415
        6431
        6434
        6462
        6467
        6469
        6475
        6478
        6486
        6501
        6505
        6515
        6518
        6528
        6536
        6544
        6551
        6552
        6567
        6571
        6574
        6575
        6578
        6589
        6594
        6621
        6632
        6652
        6663
        6668
        6692
        6704
        6708
        6719
        6726
        6734
        6742
        6749
        6775
        6781
        6787
        6791
        6798
        6802
        6813
        6824
        6841
        6860
        6876
        6884
        6901
        6911
        6946
        6955
        6964
        6967
        6992
        7000
        7004
        7011
        7013
        7017
        7019
        7026
        7040
        7046
        7072
        7075
        7080
        7084
        7107
        7116
        7126
        7128
        7138
        7142
        7159
        7161
        7181
        7186
        7191
        7200
        7206
        7210
        7221
        7229
        7234
        7256
        7266
        7274
        7291
        7321
        7327
        7330
        7340
        7347
        7349
        7354
        7361
        7364
        7366
        7369
        7383
        7411
        7422
        7431
        7442
        7451
        7460
        7473
        7505
        7515
        7518
        7535
        7539
        7546
        7564
        7568
        7580
        7584
        7599
        7603
        7608
        7609
        7615
        7621
        7631
        7634
        7643
        7652
        7689
        7698
        7701
        7708
        7714
        7732
        7739
        7752
        7756
        7778
        7809
        7827
        7839
        7840
        7859
        7861
        7867
        7871
        7877
        7894
        7895
        7897
        7898
        7918
        7929
        7934
        7940
        7945
        7965
        7968
        7975
        7998
        8008
        8017
        8023
        8025
        8027
        8034
        8049
        8052
        8058
        8064
        8070
        8076
        8089
        8092
        8100
        8103
        8147
        8152
        8153
        8154
        8164
        8196
        8199
        8203
        8208
        8230
        8231
        8233
        8238
        8248
        8259
        8264
        8265
        8273
        8277
        8284
        8295
        8296
        8302
        8311
        8317
        8320
        8327
        8336
        8341
        8361
        8369
        8374
        8376
        8383
        8396
        8397
        8401
        8405
        8409
        8414
        8439
        8450
        8453
        8465
        8470
        8478
        8480
        8486
        8502
        8503
        8505
        8506
        8511
        8542
        8548
        8555
        8558
        8563
        8566
        8567
        8574
        8577
        8585
        8588
        8597
        8602
        8605
        8613
        8630
        8632
        8651
        8657
        8682
        8688
        8705
        8710
        8712
        8717
        8746
        8758
        8771
        8814
        8817
        8839
        8843
        8851
        8859
        8878
        8892
        8893
        8894
        8899
        8917
        8920
        8927
        8942
        8943
        8988
        8991
        8996
