        16
        19
        51
        61
        67
        82
        119
        125
        128
        145
        149
        166
        169
        182
        195
        207
        210
        214
        225
        233
        238
        245
        247
        249
        256
        260
        268
        275
        279
        288
        293
        315
        319
        325
        364
        378
        381
        384
        389
        403
        407
        414
        417
        432
        437
        444
        469
        480
        484
        499
        501
        509
        519
        532
        537
        545
        548
        552
        558
        579
        585
        606
        616
        664
        675
        683
        684
        705
        709
        720
        727
        738
        752
        762
        773
        798
        804
        808
        833
        839
        847
        870
        888
        892
        916
        921
        934
        936
        939
        941
        973
        978
        986
        992
        1005
        1010
        1020
        1029
        1033
        1052
        1057
        1064
        1072
        1092
        1100
        1128
        1130
        1133
        1137
        1144
        1147
        1160
        1161
        1162
        1175
        1181
        1185
        1192
        1195
        1200
        1206
        1210
        1213
        1227
        1235
        1236
        1248
        1263
        1267
        1273
        1276
        1288
        1301
        1306
        1311
        1324
        1339
        1342
        1362
        1365
        1379
        1418
        1422
        1434
        1444
        1454
        1480
        1504
        1507
        1515
        1516
        1519
        1522
        1530
        1538
        1542
        1572
        1583
        1608
        1626
        1633
        1660
        1665
        1674
        1678
        1682
        1686
        1687
        1688
        1692
        1696
        1699
        1704
        1713
        1715
        1723
        1729
        1737
        1747
        1754
        1763
        1772
        1780
        1782
        1793
        1797
        1799
        1810
        1833
        1836
        1845
        1852
        1868
        1869
        1872
        1903
        1913
        1926
        1930
        1936
        1939
        1946
        1952
        1954
        1964
        1970
        1981
        1989
        1993
        2009
        2015
        2024
        2029
        2058
        2063
        2091
        2096
        2098
        2111
        2120
        2125
        2129
        2135
        2142
        2146
        2151
        2162
        2168
        2174
        2182
        2191
        2197
        2198
        2200
        2207
        2211
        2221
        2243
        2253
        2267
        2279
        2283
        2301
        2307
        2313
        2320
        2324
        2338
        2356
        2374
        2380
        2394
        2398
        2420
        2429
        2434
        2439
        2447
        2450
        2457
        2485
        2525
        2528
        2531
        2532
        2538
        2546
        2548
        2555
        2560
        2568
        2573
        2579
        2591
        2596
        2601
        2621
        2631
        2659
        2668
        2710
        2714
        2738
        2766
        2767
        2771
        2783
        2791
        2808
        2820
        2830
        2836
        2840
        2844
        2845
        2850
        2857
        2864
        2874
        2877
        2889
        2901
        2917
        2933
        2948
        2953
        2963
        2973
        2994
        3007
        3015
        3019
        3028
        3032
        3034
        3041
        3045
        3057
        3086
        3106
        3117
        3132
        3141
        3146
        3150
        3154
        3160
        3177
        3186
        3192
        3197
        3199
        3209
        3226
        3253
        3268
        3276
        3293
        3295
        3297
        3303
        3309
        3319
        3337
        3345
        3348
        3351
        3357
        3367
        3371
        3377
        3381
        3388
        3401
        3418
        3425
        3426
        3428
        3438
        3442
        3449
        3454
        3456
        3458
        3462
        3467
        3468
        3472
        3476
        3486
        3491
        3496
        3501
        3503
        3513
        3520
        3532
        3536
        3537
        3539
        3544
        3548
        3553
        3568
        3571
        3575
        3582
        3595
        3603
        3605
        4044
        4047
        4051
        4052
        4053
        4054
        4057
        4061
        4062
        4063
        4066
        4070
        4071
        4073
        4075
        4076
        4078
        4080
        4081
        4088
        4090
        4091
        4092
        4093
        4098
        4099
        4100
        4110
        4113
        4114
        4115
        4120
        4123
        4124
        4132
        4133
        4138
        4144
        4150
        4152
        4154
        4158
        4170
        4176
        4177
        4189
        4198
        4200
        4205
        4215
        4218
        4224
        4228
        4230
        4251
        4261
        4275
        4277
        4279
        4285
        4288
        4293
        4305
        4308
        4322
        4327
        4338
        4341
        4347
        4362
        4379
        4383
        4394
        4410
        4411
        4414
        4421
        4432
        4433
        4463
        4469
        4486
        4487
        4488
        4497
        4500
        4506
        4519
        4525
        4529
        4536
        4538
        4544
        4552
        4559
        4562
        4570
        4583
        4589
        4593
        4597
        4601
        4610
        4615
        4618
        4630
        4653
        4671
        4675
        4682
        4699
        4701
        4714
        4722
        4730
        4735
        4745
        4751
        4758
        4766
        4790
        4798
        4803
        4811
        4819
        4824
        4827
        4836
        4840
        4845
        4860
        4866
        4882
        4893
        4908
        4915
        4919
        4930
        4935
        4954
        4960
        4966
        4981
        4985
        4990
        4998
        5008
        5014
        5019
        5020
        5026
        5029
        5031
        5038
        5045
        5050
        5054
        5058
        5064
        5073
        5084
        5087
        5099
        5102
        5105
        5124
        5128
        5131
        5137
        5142
        5145
        5148
        5153
        5158
        5163
        5169
        5181
        5184
        5189
        5195
        5198
        5206
        5210
        5213
        5226
        5240
        5258
        5262
        5265
        5268
        5272
        5279
        5283
        5289
        5294
        5311
        5317
        5320
        5323
        5334
        5346
        5358
        5370
        5394
        5397
        5405
        5418
        5423
        5433
        5437
        5443
        5451
        5467
        5477
        5493
        5502
        5508
        5513
        5521
        5524
        5529
        5543
        5560
        5566
        5571
        5588
        5595
        5599
        5626
        5631
        5641
        5650
        5660
        5684
        5704
        5716
        5718
        5721
        5731
        5740
        5746
        5760
        5762
        5763
        5765
        5774
        5782
        5797
        5798
        5801
        5803
        5812
        5820
        5840
        5847
        5857
        5861
        5867
        5868
        5870
        5874
        5879
        5891
        5897
        5903
        5917
        5919
        5925
        5930
        5934
        5950
        5956
        5966
        5975
        5980
        6007
        6016
        6021
        6029
        6035
        6048
        6053
        6068
        6077
        6092
        6098
        6102
        6130
        6147
        6149
        6151
        6165
        6170
        6176
        6188
        6194
        6197
        6200
        6211
        6227
        6248
        6259
        6260
        6264
        6268
        6274
        6279
        6290
        6304
        6305
        6313
        6325
        6332
        6342
        6350
        6358
        6373
        6392
        6397
        6402
        6408
        6414
        6430
        6437
        6453
        6456
        6465
        6467
        6475
        6479
        6484
        6499
        6502
        6505
        6508
        6512
        6513
        6515
        6528
        6532
        6543
        6547
        6551
        6554
        6556
        6565
        6580
        6593
        6596
        6603
        6610
        6615
        6618
        6625
        6638
        6643
        6647
        6651
        6654
        6675
        6678
        6690
        6696
        6699
        6704
        6717
        6732
        6746
        6752
        6761
        6775
        6804
        6825
        6847
        6861
        6867
        6878
        6886
        6894
        6901
        6903
        6904
        6917
        6919
        6922
        6924
        6929
        6933
        6939
        6946
        6950
        6958
        6962
        6965
        6967
        6983
        6985
        6996
        7018
        7023
        7064
        7073
        7083
        7087
        7092
        7097
        7102
        7118
        7124
        7127
        7179
        7189
        7201
        7204
        7218
        7222
        7226
        7238
        7239
        7242
        7252
        7269
        7272
        7281
        7284
        7289
        7291
        7294
        7299
        7302
        7305
        7309
        7310
        7318
        7332
        7334
        7369
        7374
        7377
        7388
        7393
        7398
        7405
        7413
        7423
        7429
        7434
        7449
        7455
        7461
        7465
        7470
        7475
        7486
        7493
        7497
        7506
        7508
        7511
        7525
        7542
        7550
        7555
        7559
        7572
        7575
        7580
        7586
        7593
        7597
        7601
        7607
        7611
        7619
        7633
        7642
        7655
        7666
        7675
        7681
        7684
        7689
        7693
        7697
        7700
        7704
        7708
        7720
        7724
        7733
        7744
        7746
        7748
        7763
        7769
        7776
        7779
        7782
        7802
        7819
        7822
        7828
        7839
        7845
        7851
        7864
        7867
        7870
        7871
        7885
        7909
        7920
        7926
        7934
        7989
        8005
        8006
        8016
        8022
        8025
        8050
        8058
        8064
        8067
        8069
        8079
        8082
        8096
        8103
        8116
        8122
        8123
        8136
        8149
        8157
        8162
        8168
        8179
        8181
        8183
        8186
        8192
        8194
        8200
        8211
        8217
        8229
        8234
        8237
        8246
        8253
        8256
        8267
        8289
        8300
        8309
        8316
        8343
        8350
        8352
        8361
        8363
        8370
        8377
        8381
        8396
        8407
        8412
        8417
        8431
        8445
        8464
        8467
        8474
        8478
        8491
        8499
        8502
        8505
        8511
        8546
        8548
        8560
        8566
        8577
        8580
        8598
        8604
        8610
        8612
        8617
        8621
        8623
        8625
        8630
        8637
        8643
        8668
        8672
        8676
        8678
        8688
        8698
        8701
        8754
        8758
        8765
        8771
        8782
        8785
        8790
        8795
        8798
        8803
        8829
        8838
        8849
        8852
        8861
        8868
        8871
        8889
        8892
        8896
        8907
        8914
        8923
        8936
        8950
        8961
        8964
        8980
        8985
        8997
