        3
        13
        20
        25
        30
        36
        44
        58
        63
        66
        72
        83
        91
        102
        105
        109
        117
        120
        122
        131
        140
        154
        185
        198
        201
        217
        219
        237
        250
        256
        257
        265
        279
        285
        292
        302
        307
        312
        313
        316
        320
        326
        331
        354
        358
        364
        382
        391
        395
        404
        407
        409
        417
        420
        433
        436
        445
        459
        462
        475
        480
        484
        497
        502
        507
        513
        514
        528
        529
        535
        537
        544
        558
        567
        569
        573
        592
        593
        601
        604
        613
        620
        632
        639
        641
        643
        647
        652
        657
        660
        666
        670
        679
        681
        689
        699
        716
        725
        727
        735
        741
        749
        757
        759
        781
        802
        804
        812
        817
        820
        829
        836
        840
        844
        846
        854
        872
        875
        878
        885
        887
        891
        894
        899
        903
        923
        936
        942
        947
        953
        957
        975
        982
        989
        995
        1000
        1008
        1015
        1020
        1023
        1030
        1033
        1038
        1041
        1048
        1056
        1061
        1063
        1072
        1076
        1081
        1085
        1090
        1094
        1099
        1102
        1120
        1133
        1151
        1166
        1167
        1179
        1202
        1210
        1212
        1222
        1230
        1233
        1237
        1239
        1254
        1262
        1272
        1286
        1291
        1300
        1307
        1312
        1315
        1322
        1327
        1341
        1348
        1371
        1374
        1375
        1380
        1382
        1384
        1385
        1394
        1411
        1415
        1427
        1432
        1441
        1446
        1452
        1461
        1465
        1466
        1475
        1484
        1494
        1512
        1516
        1519
        1522
        1532
        1543
        1546
        1549
        1554
        1563
        1572
        1578
        1580
        1583
        1586
        1591
        1597
        1601
        1604
        1648
        1652
        1654
        1674
        1685
        1700
        1703
        1735
        1739
        1743
        1745
        1750
        1766
        1768
        1774
        1776
        1783
        1795
        1797
        1803
        1808
        1816
        1818
        1825
        1827
        1829
        1834
        1836
        1842
        1846
        1848
        1855
        1874
        1884
        1889
        1893
        1898
        1904
        1906
        1913
        1917
        1921
        1930
        1939
        1945
        1948
        1980
        1988
        1993
        1999
        2007
        2011
        2014
        2030
        2032
        2034
        2036
        2039
        2043
        2045
        2048
        2059
        2063
        2066
        2083
        2086
        2090
        2115
        2118
        2125
        2126
        2133
        2136
        2141
        2146
        2160
        2179
        2182
        2187
        2190
        2199
        2212
        2219
        2234
        2241
        2249
        2250
        2253
        2257
        2265
        2273
        2275
        2277
        2286
        2290
        2298
        2307
        2310
        2335
        2345
        2348
        2351
        2355
        2359
        2368
        2380
        2390
        2394
        2407
        2416
        2421
        2423
        2427
        2438
        2443
        2447
        2457
        2460
        2473
        2485
        2508
        2512
        2524
        2529
        2533
        2540
        2543
        2564
        2567
        2577
        2590
        2595
        2618
        2619
        2637
        2643
        2646
        2676
        2683
        2694
        2712
        2718
        2731
        2735
        2745
        2750
        2762
        2765
        2771
        2773
        2785
        2789
        2792
        2796
        2803
        2817
        2823
        2826
        2859
        2865
        2876
        2883
        2885
        2889
        2896
        2924
        2930
        2932
        2937
        2947
        2961
        2993
        3023
        3025
        3028
        3046
        3050
        3057
        3068
        3071
        3074
        3085
        3086
        3093
        3097
        3111
        3123
        3128
        3138
        3145
        3154
        3164
        3167
        3170
        3174
        3209
        3214
        3221
        3228
        3232
        3242
        3255
        3259
        3267
        3270
        3281
        3285
        3296
        3313
        3320
        3344
        3345
        3359
        3363
        3371
        3377
        3384
        3398
        3406
        3416
        3448
        3450
        3453
        3466
        3470
        3474
        3483
        3492
        3501
        3507
        3512
        3515
        3518
        3527
        3531
        3537
        3551
        3556
        3558
        3560
        3590
        3607
        3633
        3635
        3636
        3653
        3673
        3684
        3696
        3699
        3711
        3713
        3718
        3747
        3751
        3754
        3766
        3772
        3776
        3777
        3785
        3786
        3796
        3809
        3815
        3825
        3831
        3833
        3843
        3845
        3850
        3856
        3866
        3872
        3875
        3878
        3886
        3895
        3898
        3906
        3919
        3922
        3926
        3942
        3946
        3949
        3957
        3971
        3982
        4014
        4015
        4017
        4019
        4021
        4043
        4059
        4062
        4077
        4085
        4087
        4089
        4095
        4097
        4104
        4107
        4121
        4124
        4130
        4134
        4151
        4157
        4161
        4164
        4169
        4182
        4186
        4191
        4198
        4202
        4210
        4219
        4228
        4233
        4236
        4240
        4250
        4251
        4254
        4260
        4264
        4275
        4282
        4285
        4287
        4292
        4305
        4306
        4316
        4321
        4327
        4343
        4347
        4352
        4355
        4358
        4361
        4367
        4368
        4374
        4389
        4390
        4392
        4398
        4407
        4422
        4440
        4459
        4461
        4470
        4477
        4495
        4504
        4509
        4525
        4533
        4538
        4548
        4555
        4569
        4578
        4579
        4594
        4600
        4601
        4603
        4611
        4616
        4619
        4623
        4630
        4643
        4649
        4668
        4683
        4697
        4699
        4708
        4712
        4717
        4730
        4736
        4739
        4741
        4742
        4754
        4763
        4772
        4774
        4794
        4800
        4803
        4807
        4811
        4826
        4828
        4829
        4840
        4847
        4860
        4874
        4878
        4884
        4887
        4890
        4894
        4902
        4910
        4918
        4919
        4923
        4925
        4930
        4933
        4948
        4954
        4969
        4973
        4984
        4990
        4999
        5002
        5010
        5012
        5015
        5023
        5030
        5035
        5036
        5045
        5053
        5088
        5108
        5117
        5130
        5132
        5141
        5186
        5190
        5210
        5218
        5221
        5225
        5235
        5243
        5255
        5259
        5274
        5278
        5283
        5288
        5292
        5296
        5298
        5307
        5311
        5316
        5319
        5321
        5324
        5335
        5352
        5365
        5374
        5384
        5387
        5397
        5415
        5425
        5443
        5457
        5473
        5477
        5486
        5498
        5502
        5513
        5518
        5521
        5522
        5526
        5568
        5570
        5580
        5588
        5601
        5606
        5615
        5641
        5647
        5657
        5658
        5673
        5692
        5695
        5707
        5712
        5725
        5741
        5746
        5752
        5762
        5766
        5772
        5778
        5804
        5815
        5816
        5829
        5831
        5835
        5854
        5857
        5864
        5883
        5886
        5888
        5899
        5903
        5912
        5925
        5934
        5946
        5948
        5951
        5957
        5960
        5961
        5968
        5970
        5982
        5993
        6000
        6011
        6018
        6027
        6047
        6051
        6057
        6066
        6068
        6071
        6081
        6089
        6097
        6101
        6105
        6107
        6119
        6120
        6136
        6140
        6143
        6163
        6165
        6175
        6183
        6184
        6187
        6211
        6215
        6219
        6226
        6234
        6244
        6249
        6253
        6260
        6271
        6275
        6294
        6298
        6300
        6301
        6322
        6330
        6333
        6338
        6340
        6347
        6352
        6361
        6369
        6377
        6381
        6407
        6415
        6427
        6437
        6446
        6464
        6473
        6487
        6490
        6492
        6494
        6495
        6498
        6500
        6504
        6511
        6515
        6523
        6539
        6555
        6558
        6559
        6561
        6571
        6585
        6595
        6601
        6605
        6609
        6615
        6627
        6635
        6642
        6646
        6657
        6672
        6686
        6687
        6688
        6694
        6698
        6702
        6704
        6705
        6730
        6738
        6742
        6752
        6755
        6768
        6798
        6801
        6807
        6814
        6818
        6826
        6837
        6856
        6872
        6882
        6888
        6896
        6899
        6923
        6930
        6940
        6949
        6958
        6962
        6969
        7000
        7002
        7014
        7021
        7040
        7041
        7045
        7059
        7070
        7071
        7074
        7079
        7081
        7082
        7092
        7095
        7100
        7103
        7107
        7125
        7128
        7133
        7137
        7147
        7152
        7162
        7175
        7177
        7187
        7194
        7211
        7231
        7236
        7237
        7239
        7242
        7266
        7270
        7272
        7276
        7285
        7290
        7292
        7296
        7317
        7322
        7325
        7338
        7345
        7348
        7353
        7356
        7362
        7365
        7367
        7369
        7389
        7392
        7401
        7402
        7414
        7418
        7426
        7434
        7436
        7446
        7463
        7464
        7477
        7483
        7489
        7500
        7512
        7520
        7527
        7531
        7545
        7547
        7551
        7555
        7559
        7563
        7568
        7577
        7582
        7591
        7597
        7603
        7607
        7618
        7645
        7674
        7675
        7680
        7697
        7702
        7709
        7717
        7726
        7732
        7740
        7743
        7759
        7762
        7772
        7777
        7780
        7785
        7803
        7807
        7810
        7812
        7823
        7830
        7836
        7841
        7848
        7856
        7862
        7868
        7882
        7904
        7907
        7912
        7917
        7924
        7938
        7941
        7948
        7949
        7952
        7955
        7961
        7966
        7978
        7982
        7989
        7995
        8002
        8034
        8041
        8057
        8058
        8064
        8067
        8069
        8071
        8075
        8091
        8094
        8102
        8110
        8112
        8156
        8162
        8165
        8168
        8177
        8187
        8194
        8204
        8205
        8207
        8208
        8211
        8225
        8227
        8239
        8249
        8251
        8265
        8277
        8284
        8292
        8293
        8303
        8320
        8335
        8336
        8338
        8341
        8356
        8366
        8369
        8381
        8385
        8394
        8396
        8403
        8411
        8417
        8434
        8450
        8457
        8466
        8470
        8490
        8499
        8515
        8517
        8524
        8554
        8557
        8570
        8578
        8579
        8585
        8591
        8598
        8605
        8608
        8615
        8618
        8627
        8647
        8652
        8656
        8659
        8669
        8673
        8681
        8690
        8706
        8709
        8712
        8726
        8728
        8740
        8745
        8749
        8757
        8780
        8803
        8806
        8810
        8819
        8821
        8826
        8832
        8834
        8845
        8863
        8867
        8880
        8885
        8887
        8892
        8895
        8898
        8902
        8909
        8916
        8933
        8937
        8957
        8961
        8974
        8982
        8987
