        2
        9
        15
        36
        50
        89
        91
        97
        101
        109
        113
        135
        136
        140
        143
        147
        152
        164
        171
        175
        187
        196
        204
        209
        231
        238
        240
        242
        244
        253
        255
        256
        258
        268
        278
        280
        287
        296
        301
        304
        308
        317
        335
        341
        355
        358
        363
        385
        386
        390
        397
        409
        419
        423
        424
        451
        453
        455
        461
        463
        466
        482
        490
        506
        520
        526
        532
        534
        537
        559
        586
        588
        591
        597
        608
        617
        627
        628
        643
        647
        651
        654
        659
        670
        678
        685
        687
        689
        692
        700
        703
        713
        716
        729
        752
        754
        765
        769
        776
        785
        796
        798
        807
        816
        823
        829
        832
        842
        844
        847
        849
        851
        856
        886
        904
        906
        917
        926
        927
        932
        936
        946
        954
        972
        975
        981
        993
        997
        1013
        1051
        1060
        1070
        1076
        1094
        1095
        1101
        1109
        1111
        1113
        1130
        1133
        1141
        1166
        1175
        1178
        1186
        1191
        1195
        1196
        1203
        1209
        1221
        1236
        1237
        1238
        1242
        1248
        1258
        1263
        1268
        1272
        1273
        1279
        1283
        1292
        1296
        1300
        1312
        1340
        1342
        1348
        1355
        1369
        1378
        1399
        1403
        1407
        1413
        1417
        1427
        1441
        1443
        1447
        1454
        1455
        1457
        1460
        1480
        1485
        1493
        1497
        1509
        1520
        1525
        1531
        1534
        1536
        1541
        1557
        1562
        1573
        1576
        1580
        1582
        1592
        1606
        1621
        1626
        1630
        1634
        1643
        1650
        1656
        1658
        1667
        1669
        1674
        1677
        1690
        1691
        1704
        1711
        1718
        1719
        1721
        1729
        1750
        1758
        1764
        1769
        1773
        1781
        1793
        1795
        1802
        1806
        1808
        1814
        1822
        1827
        1829
        1836
        1847
        1859
        1866
        1876
        1878
        1880
        1896
        1910
        1911
        1917
        1921
        1929
        1933
        1939
        1940
        1943
        1957
        1966
        1972
        1978
        1984
        1993
        1998
        2027
        2036
        2045
        2054
        2069
        2072
        2081
        2083
        2091
        2093
        2096
        2098
        2103
        2107
        2113
        2120
        2136
        2145
        2154
        2204
        2214
        2234
        2237
        2248
        2253
        2263
        2277
        2293
        2304
        2308
        2311
        2344
        2353
        2365
        2368
        2374
        2380
        2386
        2393
        2396
        2402
        2407
        2419
        2458
        2460
        2464
        2472
        2474
        2481
        2486
        2490
        2500
        2529
        2531
        2544
        2547
        2577
        2588
        2592
        2603
        2620
        2641
        2653
        2668
        2671
        2681
        2692
        2703
        2711
        2725
        2726
        2734
        2740
        2746
        2753
        2777
        2787
        2795
        2798
        2801
        2807
        2810
        2811
        2821
        2831
        2846
        2850
        2855
        2868
        2874
        2880
        2883
        2903
        2905
        2909
        2911
        2915
        2922
        2924
        2931
        2933
        2953
        2962
        2971
        2986
        2991
        3000
        3009
        3011
        3015
        3020
        3032
        3036
        3055
        3058
        3063
        3065
        3078
        3083
        3095
        3098
        3102
        3111
        3117
        3124
        3134
        3140
        3144
        3149
        3157
        3167
        3172
        3175
        3179
        3185
        3190
        3193
        3194
        3197
        3219
        3228
        3231
        3237
        3240
        3264
        3268
        3275
        3280
        3283
        3288
        3293
        3299
        3302
        3304
        3307
        3313
        3316
        3322
        3326
        3329
        3337
        3341
        3376
        3392
        3396
        3401
        3431
        3437
        3441
        3446
        3471
        3483
        3486
        3503
        3508
        3518
        3534
        3545
        3548
        3557
        3566
        3578
        3594
        3596
        3599
        3603
        3630
        3633
        3637
        3642
        3650
        3659
        3668
        3671
        3673
        3687
        3719
        3720
        3727
        3736
        3755
        3758
        3769
        3771
        3774
        3807
        3812
        3823
        3829
        3843
        3851
        3856
        3860
        3864
        3866
        3885
        3890
        3896
        3897
        3905
        3913
        3917
        3930
        3936
        3947
        3954
        3976
        3992
        3995
        4015
        4034
        4040
        4042
        4052
        4053
        4057
        4063
        4067
        4075
        4076
        4078
        4082
        4089
        4104
        4126
        4132
        4140
        4144
        4160
        4164
        4170
        4179
        4184
        4189
        4193
        4205
        4224
        4226
        4233
        4244
        4246
        4250
        4279
        4284
        4287
        4289
        4292
        4309
        4319
        4327
        4335
        4339
        4353
        4356
        4358
        4363
        4368
        4369
        4379
        4387
        4389
        4393
        4400
        4405
        4410
        4413
        4423
        4434
        4440
        4445
        4450
        4464
        4478
        4492
        4501
        4504
        4509
        4512
        4517
        4523
        4535
        4544
        4581
        4586
        4592
        4605
        4612
        4620
        4624
        4631
        4636
        4638
        4640
        4652
        4655
        4663
        4676
        4682
        4684
        4685
        4691
        4697
        4699
        4705
        4724
        4727
        4728
        4746
        4759
        4764
        4773
        4784
        4786
        4791
        4794
        4800
        4835
        4841
        4846
        4854
        4857
        4864
        4877
        4883
        4888
        4894
        4899
        4904
        4913
        4918
        4926
        4934
        4947
        4955
        4963
        4965
        4970
        4975
        5009
        5015
        5018
        5024
        5040
        5060
        5074
        5080
        5083
        5091
        5106
        5108
        5115
        5119
        5140
        5145
        5150
        5161
        5165
        5172
        5187
        5204
        5205
        5211
        5214
        5231
        5243
        5246
        5255
        5270
        5277
        5282
        5287
        5299
        5302
        5305
        5312
        5334
        5341
        5354
        5362
        5374
        5383
        5388
        5393
        5402
        5409
        5412
        5416
        5424
        5427
        5430
        5443
        5447
        5460
        5472
        5477
        5492
        5498
        5505
        5516
        5536
        5548
        5551
        5554
        5558
        5574
        5586
        5587
        5600
        5603
        5612
        5614
        5620
        5625
        5629
        5644
        5646
        5648
        5653
        5657
        5670
        5674
        5678
        5682
        5686
        5690
        5711
        5715
        5725
        5728
        5734
        5772
        5775
        5786
        5807
        5812
        5825
        5827
        5836
        5839
        5840
        5845
        5848
        5864
        5868
        5873
        5887
        5896
        5897
        5901
        5908
        5909
        5919
        5932
        5944
        5971
        5974
        5979
        5983
        5991
        5996
        6000
        6003
        6006
        6016
        6025
        6052
        6060
        6065
        6069
        6079
        6104
        6121
        6131
        6159
        6178
        6187
        6191
        6205
        6210
        6214
        6223
        6228
        6234
        6240
        6243
        6247
        6253
        6261
        6266
        6272
        6280
        6299
        6300
        6301
        6308
        6316
        6340
        6350
        6363
        6372
        6387
        6408
        6415
        6427
        6431
        6449
        6450
        6459
        6485
        6487
        6491
        6503
        6514
        6525
        6529
        6531
        6535
        6545
        6556
        6568
        6571
        6573
        6597
        6600
        6602
        6621
        6629
        6639
        6653
        6658
        6667
        6671
        6696
        6720
        6742
        6761
        6764
        6776
        6782
        6785
        6794
        6800
        6812
        6823
        6830
        6836
        6846
        6849
        6852
        6855
        6859
        6867
        6873
        6884
        6886
        6890
        6894
        6914
        6919
        6932
        6943
        6955
        6966
        6970
        6985
        6990
        6991
        6995
        6999
        7003
        7014
        7020
        7024
        7031
        7045
        7053
        7065
        7073
        7077
        7078
        7103
        7115
        7126
        7131
        7142
        7147
        7148
        7157
        7164
        7166
        7170
        7175
        7178
        7183
        7186
        7216
        7219
        7223
        7237
        7241
        7246
        7283
        7321
        7324
        7329
        7333
        7339
        7347
        7351
        7392
        7409
        7416
        7427
        7433
        7434
        7436
        7443
        7446
        7449
        7464
        7468
        7489
        7495
        7498
        7509
        7512
        7523
        7535
        7540
        7547
        7550
        7559
        7560
        7561
        7562
        7566
        7577
        7581
        7583
        7585
        7589
        7600
        7610
        7612
        7620
        7627
        7636
        7639
        7644
        7647
        7660
        7667
        7672
        7689
        7709
        7712
        7719
        7726
        7730
        7770
        7772
        7778
        7827
        7840
        7842
        7858
        7861
        7890
        7893
        7897
        7912
        7916
        7928
        7956
        7973
        7979
        7984
        7986
        7989
        7995
        8001
        8004
        8027
        8041
        8048
        8056
        8071
        8074
        8085
        8088
        8093
        8094
        8105
        8119
        8122
        8140
        8169
        8174
        8176
        8183
        8185
        8186
        8207
        8208
        8210
        8217
        8226
        8229
        8236
        8246
        8263
        8286
        8290
        8296
        8331
        8361
        8384
        8390
        8392
        8398
        8399
        8401
        8418
        8424
        8440
        8444
        8458
        8472
        8475
        8484
        8487
        8498
        8500
        8523
        8540
        8542
        8545
        8556
        8560
        8565
        8568
        8580
        8600
        8606
        8623
        8626
        8628
        8647
        8651
        8660
        8672
        8674
        8676
        8685
        8689
        8692
        8698
        8700
        8709
        8727
        8735
        8750
        8763
        8776
        8785
        8803
        8809
        8811
        8831
        8838
        8848
        8855
        8857
        8876
        8890
        8893
        8906
        8908
        8915
        8918
        8920
        8928
        8939
        8943
        8948
        8952
        8964
        8972
        8982
        8984
        8991
