        1
        7
        13
        18
        20
        22
        33
        37
        64
        73
        83
        84
        92
        94
        100
        108
        110
        117
        120
        126
        128
        133
        137
        138
        140
        143
        145
        152
        158
        161
        166
        176
        179
        182
        186
        205
        217
        224
        227
        230
        239
        242
        243
        246
        248
        253
        254
        258
        267
        270
        275
        279
        293
        299
        309
        311
        312
        319
        327
        356
        360
        364
        375
        380
        385
        390
        400
        411
        414
        418
        420
        422
        424
        432
        433
        438
        442
        443
        453
        458
        462
        464
        466
        469
        479
        481
        482
        490
        491
        493
        496
        501
        505
        514
        518
        524
        531
        538
        550
        551
        553
        556
        565
        579
        586
        591
        595
        605
        611
        642
        651
        660
        669
        672
        690
        694
        702
        717
        722
        727
        736
        738
        743
        748
        750
        755
        758
        763
        770
        776
        779
        780
        782
        793
        803
        806
        810
        811
        840
        843
        845
        868
        881
        892
        898
        911
        913
        918
        928
        932
        941
        943
        944
        991
        995
        998
        1008
        1036
        1037
        1045
        1048
        1051
        1057
        1060
        1063
        1070
        1074
        1087
        1088
        1091
        1100
        1109
        1112
        1121
        1124
        1129
        1132
        1134
        1138
        1164
        1170
        1175
        1190
        1195
        1205
        1208
        1211
        1217
        1222
        1232
        1245
        1264
        1278
        1286
        1288
        1292
        1299
        1301
        1303
        1321
        1330
        1344
        1375
        1380
        1384
        1404
        1408
        1411
        1419
        1428
        1430
        1437
        1444
        1450
        1454
        1458
        1460
        1474
        1477
        1480
        1483
        1500
        1501
        1518
        1522
        1527
        1579
        1581
        1584
        1605
        1611
        1613
        1628
        1632
        1635
        1666
        1672
        1683
        1688
        1706
        1717
        1723
        1740
        1750
        1762
        1766
        1771
        1772
        1775
        1793
        1796
        1814
        1825
        1830
        1832
        1836
        1848
        1870
        1896
        1906
        1927
        1938
        1961
        1983
        1984
        1986
        1995
        2018
        2025
        2028
        2031
        2043
        2047
        2057
        2060
        2067
        2074
        2081
        2086
        2093
        2114
        2123
        2135
        2140
        2145
        2148
        2155
        2175
        2181
        2205
        2209
        2211
        2231
        2242
        2249
        2264
        2267
        2272
        2274
        2310
        2313
        2317
        2327
        2335
        2359
        2363
        2367
        2371
        2375
        2391
        2398
        2405
        2409
        2420
        2453
        2466
        2469
        2478
        2496
        2506
        2530
        2533
        2558
        2565
        2568
        2601
        2619
        2633
        2638
        2647
        2659
        2663
        2667
        2674
        2682
        2701
        2704
        2705
        2710
        2716
        2729
        2741
        2743
        2745
        2747
        2749
        2764
        2779
        2788
        2795
        2798
        2814
        2816
        2827
        2841
        2844
        2856
        2858
        2871
        2877
        2884
        2905
        2915
        2931
        2932
        2937
        2946
        2962
        2964
        2976
        2989
        3012
        3015
        3022
        3026
        3031
        3049
        3053
        3061
        3075
        3091
        3092
        3103
        3114
        3124
        3128
        3148
        3150
        3155
        3158
        3170
        3182
        3185
        3186
        3190
        3191
        3199
        3201
        3210
        3226
        3227
        3230
        3243
        3253
        3257
        3266
        3272
        3283
        3291
        3294
        3298
        3309
        3313
        3331
        3335
        3345
        3362
        3376
        3394
        3403
        3427
        3436
        3437
        3454
        3458
        3462
        3474
        3480
        3484
        3516
        3525
        3541
        3546
        3548
        3552
        3561
        3564
        3567
        3569
        3572
        3580
        3585
        3619
        3622
        3646
        3655
        3662
        3665
        3673
        3680
        3688
        3691
        3699
        3711
        3733
        3741
        3744
        3750
        3757
        3762
        3771
        3786
        3789
        3800
        3806
        3810
        3825
        3828
        3831
        3841
        3846
        3874
        3878
        3881
        3885
        3891
        3894
        3905
        3929
        3934
        3935
        3941
        3944
        3947
        3950
        3959
        3962
        3965
        3970
        3986
        3990
        3992
        3995
        4006
        4010
        4016
        4024
        4051
        4054
        4073
        4079
        4084
        4087
        4102
        4109
        4112
        4121
        4133
        4142
        4145
        4183
        4199
        4202
        4220
        4223
        4230
        4252
        4265
        4282
        4296
        4301
        4309
        4331
        4338
        4349
        4374
        4384
        4392
        4411
        4418
        4423
        4424
        4427
        4437
        4444
        4453
        4456
        4463
        4468
        4486
        4490
        4503
        4506
        4510
        4520
        4531
        4536
        4541
        4548
        4553
        4559
        4579
        4593
        4598
        4600
        4606
        4608
        4610
        4621
        4623
        4630
        4631
        4639
        4645
        4649
        4653
        4657
        4664
        4695
        4702
        4708
        4715
        4719
        4735
        4744
        4748
        4756
        4761
        4790
        4795
        4815
        4820
        4838
        4842
        4863
        4866
        4876
        4881
        4895
        4899
        4908
        4917
        4939
        4941
        4945
        4951
        4956
        4962
        4968
        4981
        4989
        4994
        5006
        5010
        5021
        5034
        5044
        5048
        5059
        5066
        5068
        5071
        5075
        5078
        5079
        5083
        5086
        5093
        5104
        5115
        5118
        5121
        5139
        5141
        5164
        5165
        5171
        5189
        5200
        5201
        5209
        5212
        5214
        5216
        5226
        5235
        5248
        5249
        5254
        5268
        5278
        5307
        5315
        5333
        5336
        5340
        5344
        5347
        5350
        5352
        5353
        5355
        5382
        5406
        5414
        5422
        5436
        5437
        5455
        5461
        5462
        5472
        5475
        5497
        5510
        5524
        5535
        5552
        5727
        5731
        5762
        5778
        5787
        5816
        5857
        5995
        6027
        6028
        6029
        6030
        6031
        6032
        6033
        6035
        6036
        6038
        6043
        6045
        6046
        6047
        6048
        6050
        6062
        6063
        6067
        6068
        6071
        6073
        6075
        6077
        6078
        6079
        6081
        6082
        6087
        6090
        6094
        6097
        6104
        6109
        6114
        6122
        6127
        6135
        6142
        6149
        6155
        6157
        6170
        6173
        6178
        6192
        6195
        6213
        6217
        6225
        6235
        6236
        6250
        6262
        6264
        6277
        6295
        6300
        6307
        6310
        6313
        6314
        6322
        6324
        6338
        6341
        6351
        6365
        6368
        6373
        6378
        6397
        6402
        6413
        6424
        6427
        6474
        6492
        6509
        6513
        6516
        6530
        6535
        6538
        6539
        6547
        6563
        6579
        6595
        6601
        6619
        6640
        6651
        6652
        6659
        6665
        6685
        6691
        6695
        6699
        6705
        6714
        6721
        6728
        6730
        6734
        6746
        6758
        6778
        6779
        6780
        6782
        6783
        6789
        6802
        6808
        6818
        6830
        6834
        6835
        6845
        6862
        6867
        6894
        6899
        6913
        6915
        6920
        6923
        6931
        6934
        6953
        6956
        6959
        6972
        6974
        6982
        7016
        7017
        7021
        7024
        7034
        7053
        7057
        7063
        7070
        7078
        7083
        7093
        7094
        7099
        7122
        7156
        7179
        7193
        7196
        7201
        7214
        7219
        7220
        7242
        7251
        7267
        7282
        7295
        7305
        7307
        7333
        7335
        7350
        7358
        7368
        7375
        7378
        7384
        7400
        7403
        7424
        7438
        7440
        7457
        7460
        7463
        7508
        7513
        7521
        7523
        7534
        7540
        7559
        7560
        7575
        7588
        7590
        7657
        7667
        7669
        7676
        7684
        7689
        7700
        7703
        7722
        7746
        7748
        7761
        7770
        7787
        7802
        7816
        7822
        7824
        7827
        7832
        7835
        7838
        7850
        7870
        7877
        7880
        7882
        7887
        7898
        7930
        7942
        7946
        7949
        7952
        7958
        7962
        7973
        7998
        8002
        8018
        8035
        8044
        8047
        8050
        8055
        8060
        8082
        8101
        8108
        8121
        8130
        8135
        8171
        8173
        8186
        8194
        8209
        8244
        8245
        8246
        8253
        8268
        8283
        8286
        8300
        8311
        8324
        8331
        8344
        8346
        8381
        8390
        8399
        8400
        8418
        8419
        8423
        8425
        8436
        8447
        8456
        8463
        8486
        8490
        8497
        8507
        8527
        8530
        8532
        8535
        8537
        8542
        8548
        8550
        8553
        8559
        8565
        8568
        8575
        8581
        8599
        8625
        8636
        8639
        8646
        8664
        8665
        8671
        8674
        8678
        8682
        8685
        8687
        8693
        8700
        8703
        8716
        8722
        8726
        8764
        8782
        8793
        8800
        8851
        8859
        8877
        8881
        8888
        8895
        8903
        8913
        8916
        8918
        8948
        8960
        8968
        8976
        8982
