        4
        15
        20
        23
        46
        47
        71
        78
        95
        97
        99
        108
        117
        119
        134
        139
        151
        156
        168
        170
        174
        177
        183
        189
        196
        199
        206
        212
        218
        238
        242
        256
        260
        263
        268
        285
        293
        313
        314
        322
        337
        342
        357
        362
        366
        374
        378
        381
        404
        410
        417
        420
        426
        434
        435
        438
        462
        471
        480
        495
        522
        528
        532
        540
        561
        567
        572
        579
        596
        606
        609
        618
        639
        659
        663
        673
        679
        731
        738
        752
        756
        760
        782
        786
        789
        812
        823
        836
        857
        880
        885
        887
        899
        925
        934
        957
        963
        967
        978
        993
        1003
        1009
        1013
        1022
        1049
        1061
        1078
        1086
        1089
        1099
        1117
        1122
        1134
        1138
        1148
        1152
        1158
        1163
        1170
        1188
        1190
        1194
        1206
        1222
        1225
        1229
        1242
        1244
        1250
        1254
        1302
        1314
        1317
        1337
        1340
        1344
        1349
        1363
        1368
        1379
        1383
        1386
        1390
        1396
        1403
        1413
        1429
        1435
        1443
        1453
        1455
        1460
        1465
        1466
        1468
        1469
        1478
        1481
        1483
        1501
        1505
        1513
        1516
        1520
        1525
        1535
        1548
        1562
        1570
        1574
        1579
        1583
        1599
        1604
        1622
        1634
        1637
        1645
        1650
        1654
        1696
        1699
        1706
        1713
        1719
        1724
        1732
        1738
        1744
        1762
        1769
        1786
        1790
        1795
        1819
        1824
        1848
        1851
        1859
        1861
        1871
        1872
        1878
        1885
        1893
        1904
        1906
        1911
        1914
        1921
        1928
        1940
        1946
        1947
        1955
        1957
        1964
        1968
        1974
        1980
        1999
        2010
        2022
        2024
        2029
        2030
        2031
        2041
        2046
        2055
        2064
        2070
        2099
        2105
        2107
        2122
        2127
        2136
        2155
        2164
        2169
        2174
        2177
        2196
        2212
        2216
        2230
        2242
        2248
        2270
        2272
        2291
        2303
        2308
        2314
        2316
        2320
        2338
        2371
        2374
        2377
        2382
        2393
        2397
        2407
        2410
        2414
        2468
        2472
        2750
        2751
        2760
        2761
        2762
        2764
        2766
        2768
        2770
        2776
        2786
        2791
        2799
        2802
        2806
        2819
        2823
        2829
        2836
        2838
        2840
        2845
        2848
        2854
        2857
        2880
        2882
        2885
        2898
        2903
        2910
        2914
        2917
        2920
        2929
        2933
        2938
        2942
        2945
        2952
        2974
        2995
        3012
        3027
        3037
        3043
        3062
        3078
        3081
        3090
        3094
        3098
        3104
        3116
        3132
        3140
        3143
        3145
        3152
        3161
        3163
        3174
        3200
        3203
        3216
        3224
        3228
        3237
        3240
        3243
        3246
        3256
        3264
        3268
        3271
        3298
        3302
        3307
        3310
        3319
        3327
        3330
        3338
        3351
        3356
        3360
        3371
        3380
        3392
        3396
        3411
        3418
        3422
        3438
        3440
        3455
        3457
        3461
        3463
        3466
        3476
        3477
        3482
        3488
        3493
        3507
        3530
        3531
        3548
        3558
        3570
        3573
        3577
        3580
        3587
        3594
        3597
        3603
        3606
        3610
        3632
        3637
        3651
        3663
        3679
        3685
        3688
        3695
        3705
        3709
        3711
        3712
        3718
        3720
        3727
        3737
        3743
        3767
        3779
        3780
        3785
        3790
        3807
        3813
        3820
        3822
        3844
        3854
        3870
        3894
        3899
        3913
        3920
        3924
        3941
        3943
        3946
        3964
        3967
        3985
        4002
        4010
        4013
        4025
        4029
        4038
        4041
        4044
        4067
        4079
        4082
        4084
        4086
        4108
        4110
        4116
        4141
        4152
        4157
        4164
        4167
        4182
        4188
        4194
        4206
        4210
        4224
        4243
        4246
        4250
        4260
        4276
        4280
        4283
        4293
        4295
        4304
        4311
        4313
        4318
        4348
        4353
        4358
        4363
        4367
        4375
        4382
        4403
        4408
        4411
        4418
        4426
        4439
        4444
        4447
        4452
        4456
        4460
        4463
        4484
        4490
        4514
        4517
        4521
        4530
        4535
        4548
        4551
        4554
        4563
        4572
        4574
        4595
        4604
        4608
        4618
        4631
        4660
        4665
        4679
        4684
        4714
        4716
        4717
        4721
        4731
        4738
        4743
        4752
        4762
        4764
        4767
        4773
        4774
        4777
        4790
        4792
        4796
        4802
        4808
        4809
        4819
        4829
        4832
        4835
        4840
        4851
        4855
        4861
        4864
        4868
        4888
        4898
        4909
        4913
        4918
        4926
        4928
        4936
        4946
        4958
        4970
        4973
        4985
        4992
        4995
        5008
        5015
        5036
        5050
        5066
        5069
        5071
        5082
        5090
        5094
        5098
        5101
        5108
        5120
        5127
        5134
        5139
        5142
        5146
        5151
        5159
        5164
        5171
        5197
        5201
        5223
        5228
        5232
        5255
        5270
        5271
        5280
        5292
        5298
        5304
        5312
        5314
        5333
        5359
        5364
        5377
        5382
        5405
        5415
        5427
        5436
        5449
        5451
        5454
        5461
        5463
        5486
        5495
        5505
        5520
        5525
        5528
        5541
        5555
        5561
        5578
        5591
        5614
        5617
        5618
        5664
        5670
        5675
        5679
        5689
        5691
        5707
        5708
        5733
        5741
        5749
        5761
        5767
        5775
        5778
        5787
        5790
        5797
        5799
        5801
        5815
        5826
        5880
        5886
        5902
        5904
        5920
        5926
        5945
        5966
        5993
        6018
        6031
        6033
        6053
        6058
        6066
        6067
        6091
        6102
        6123
        6130
        6150
        6153
        6165
        6171
        6175
        6196
        6219
        6231
        6235
        6240
        6245
        6246
        6248
        6255
        6259
        6265
        6270
        6274
        6283
        6288
        6293
        6301
        6316
        6333
        6336
        6347
        6353
        6356
        6370
        6373
        6377
        6388
        6398
        6409
        6426
        6433
        6437
        6445
        6454
        6458
        6474
        6504
        6510
        6529
        6541
        6548
        6579
        6616
        6621
        6632
        6644
        6648
        6658
        6663
        6668
        6674
        6680
        6691
        6698
        6717
        6755
        6759
        6772
        6780
        6788
        6791
        6811
        6820
        6822
        6830
        6843
        6862
        6876
        6883
        6888
        6891
        6894
        6911
        6913
        6919
        6925
        6944
        6965
        6977
        6983
        7000
        7002
        7014
        7029
        7039
        7044
        7052
        7054
        7059
        7063
        7069
        7072
        7074
        7081
        7086
        7099
        7106
        7114
        7115
        7119
        7134
        7135
        7160
        7197
        7201
        7208
        7211
        7240
        7243
        7251
        7261
        7285
        7310
        7320
        7326
        7346
        7388
        7400
        7401
        7409
        7443
        7449
        7460
        7478
        7480
        7484
        7491
        7500
        7508
        7513
        7521
        7525
        7551
        7559
        7571
        7582
        7587
        7591
        7596
        7604
        7608
        7612
        7618
        7620
        7637
        7642
        7656
        7666
        7686
        7710
        7722
        7735
        7739
        7746
        7754
        7794
        7799
        7804
        7808
        7813
        7839
        7844
        7859
        7877
        7881
        7888
        7901
        7907
        7929
        7946
        8000
        8024
        8025
        8030
        8032
        8041
        8049
        8072
        8076
        8081
        8085
        8135
        8153
        8167
        8171
        8173
        8209
        8212
        8214
        8234
        8244
        8259
        8271
        8281
        8284
        8289
        8292
        8299
        8302
        8305
        8324
        8334
        8341
        8342
        8347
        8350
        8356
        8360
        8371
        8382
        8398
        8410
        8439
        8457
        8463
        8476
        8483
        8495
        8523
        8572
        8576
        8588
        8606
        8614
        8628
        8635
        8654
        8709
        8738
        8744
        8749
        8754
        8765
        8785
        8796
        8815
        8828
        8856
        8859
        8890
        8894
        8896
        8900
        8905
        8908
        8913
        8928
        8933
        8939
        8966
        8968
        8971
        8974
        8980
        8991
        8996
