        9
        12
        22
        32
        42
        52
        56
        60
        72
        76
        98
        109
        114
        119
        138
        143
        155
        166
        191
        194
        201
        209
        217
        220
        223
        226
        245
        251
        258
        264
        274
        279
        280
        288
        293
        301
        306
        311
        320
        324
        339
        343
        352
        360
        361
        369
        374
        378
        384
        387
        390
        397
        404
        411
        417
        420
        424
        432
        438
        441
        444
        446
        449
        459
        462
        474
        478
        479
        482
        485
        496
        506
        515
        531
        543
        545
        548
        560
        569
        576
        589
        590
        595
        600
        603
        627
        639
        650
        652
        666
        668
        681
        697
        703
        711
        714
        717
        721
        753
        760
        766
        771
        786
        787
        788
        795
        797
        808
        825
        826
        842
        852
        856
        861
        902
        920
        923
        938
        940
        943
        964
        1004
        1037
        1048
        1054
        1056
        1059
        1062
        1082
        1090
        1099
        1111
        1118
        1123
        1146
        1159
        1165
        1172
        1174
        1181
        1188
        1190
        1193
        1195
        1197
        1211
        1226
        1229
        1233
        1274
        1291
        1298
        1300
        1305
        1313
        1318
        1323
        1328
        1332
        1337
        1352
        1357
        1360
        1366
        1387
        1393
        1400
        1424
        1427
        1439
        1467
        1489
        1497
        1502
        1539
        1562
        1592
        1595
        1603
        1609
        1613
        1628
        1675
        1688
        1693
        1710
        1714
        1726
        1785
        1789
        1795
        1820
        1825
        1835
        1836
        1853
        1858
        1862
        1882
        1883
        1886
        1891
        1900
        1905
        1925
        1929
        1954
        1960
        1962
        1965
        1999
        2000
        2050
        2052
        2083
        2095
        2107
        2122
        2128
        2144
        2146
        2149
        2153
        2160
        2167
        2174
        2184
        2188
        2194
        2200
        2207
        2240
        2242
        2271
        2293
        2303
        2325
        2327
        2350
        2353
        2358
        2364
        2368
        2374
        2379
        2386
        2389
        2391
        2408
        2412
        2418
        2429
        2447
        2460
        2475
        2502
        2509
        2513
        2520
        2527
        2530
        2539
        2560
        2563
        2578
        2579
        2588
        2592
        2603
        2625
        2635
        2640
        2647
        2650
        2661
        2680
        2688
        2703
        2710
        2714
        2726
        2766
        2773
        2778
        2785
        2791
        2793
        2808
        2824
        2829
        2860
        2870
        2887
        2904
        2912
        2916
        2923
        2945
        2947
        2960
        2980
        2984
        3003
        3006
        3010
        3012
        3033
        3050
        3072
        3086
        3095
        3100
        3109
        3117
        3129
        3135
        3143
        3148
        3159
        3167
        3172
        3175
        3185
        3192
        3213
        3220
        3223
        3234
        3254
        3272
        3274
        3279
        3284
        3292
        3298
        3305
        3322
        3344
        3364
        3372
        3401
        3406
        3412
        3413
        3414
        3426
        3436
        3439
        3451
        3456
        3461
        3465
        3496
        3510
        3538
        3543
        3564
        3566
        3571
        3573
        3577
        3581
        3594
        3602
        3608
        3623
        3636
        3639
        3647
        3650
        3668
        3671
        3690
        3705
        3725
        3733
        3737
        3740
        3743
        3747
        3750
        3757
        3765
        3770
        3776
        3785
        3794
        3803
        3807
        3810
        3816
        3830
        3833
        3835
        3847
        3850
        3861
        3869
        3871
        3876
        3878
        3891
        3894
        3901
        3904
        3907
        3912
        3927
        3942
        3949
        3974
        3981
        3983
        3988
        3989
        4011
        4016
        4040
        4073
        4079
        4100
        4114
        4134
        4146
        4159
        4169
        4171
        4180
        4191
        4204
        4227
        4241
        4250
        4255
        4270
        4272
        4275
        4290
        4296
        4302
        4304
        4351
        4357
        4359
        4363
        4367
        4371
        4405
        4411
        4424
        4432
        4448
        4462
        4466
        4485
        4521
        4525
        4527
        4546
        4549
        4551
        4563
        4569
        4573
        4582
        4589
        4608
        4650
        4668
        4674
        4681
        4694
        4699
        4719
        4722
        4726
        4752
        4762
        4778
        4782
        4799
        4833
        4839
        4851
        4855
        4878
        4880
        4903
        4911
        4916
        4922
        4926
        4939
        4944
        4949
        4965
        4970
        4975
        4983
        4997
        5003
        5008
        5009
        5021
        5027
        5035
        5039
        5045
        5054
        5062
        5066
        5080
        5086
        5104
        5109
        5127
        5144
        5148
        5161
        5163
        5169
        5174
        5180
        5185
        5209
        5211
        5216
        5229
        5257
        5260
        5264
        5269
        5271
        5274
        5289
        5293
        5307
        5323
        5328
        5334
        5337
        5339
        5359
        5369
        5376
        5382
        5388
        5421
        5438
        5447
        5452
        5457
        5461
        5483
        5490
        5499
        5521
        5550
        5580
        5590
        5603
        5621
        5624
        5628
        5633
        5638
        5640
        5660
        5675
        5680
        5695
        5709
        5712
        5736
        5738
        5748
        5754
        5762
        5765
        5770
        5780
        5794
        5819
        5826
        5831
        5834
        5855
        5859
        5862
        5872
        5883
        5887
        5892
        5893
        5896
        5899
        5901
        5912
        5916
        5944
        5947
        5952
        5957
        5958
        5965
        5973
        5981
        5985
        5992
        5998
        6002
        6013
        6016
        6028
        6043
        6051
        6056
        6057
        6059
        6069
        6073
        6074
        6091
        6094
        6109
        6112
        6117
        6122
        6126
        6151
        6166
        6169
        6171
        6172
        6177
        6182
        6209
        6211
        6242
        6245
        6250
        6256
        6276
        6285
        6297
        6308
        6311
        6330
        6347
        6352
        6363
        6364
        6376
        6382
        6385
        6402
        6404
        6407
        6413
        6417
        6421
        6427
        6431
        6436
        6440
        6448
        6455
        6457
        6461
        6469
        6477
        6482
        6487
        6519
        6531
        6540
        6548
        6567
        6568
        6573
        6583
        6587
        6597
        6614
        6616
        6618
        6621
        6626
        6628
        6652
        6671
        6674
        6682
        6683
        6685
        6688
        6704
        6753
        6757
        6781
        6782
        6793
        6816
        6818
        6822
        6828
        6834
        6853
        6863
        6866
        6872
        6878
        6883
        6886
        6905
        6920
        6926
        6928
        6930
        6941
        6951
        6959
        6969
        6974
        6992
        7000
        7004
        7018
        7052
        7071
        7076
        7077
        7104
        7127
        7130
        7162
        7164
        7166
        7185
        7194
        7198
        7202
        7205
        7210
        7214
        7237
        7238
        7245
        7264
        7290
        7296
        7304
        7309
        7328
        7329
        7335
        7347
        7350
        7354
        7368
        7381
        7403
        7417
        7425
        7431
        7433
        7452
        7476
        7480
        7519
        7520
        7525
        7531
        7560
        7561
        7568
        7571
        7575
        7593
        7594
        7602
        7613
        7618
        7623
        7630
        7645
        7653
        7679
        7696
        7717
        7747
        7762
        7767
        7771
        7774
        7779
        7784
        7787
        7811
        7819
        7831
        7835
        7842
        7846
        7855
        7861
        7870
        7874
        7885
        7894
        7899
        7906
        7912
        7931
        7936
        7955
        7966
        7967
        7972
        7974
        7991
        7994
        8003
        8007
        8022
        8035
        8038
        8043
        8047
        8076
        8081
        8084
        8090
        8106
        8131
        8141
        8144
        8168
        8174
        8181
        8201
        8216
        8228
        8242
        8254
        8257
        8272
        8277
        8282
        8304
        8307
        8325
        8344
        8357
        8401
        8412
        8414
        8418
        8431
        8443
        8455
        8471
        8474
        8480
        8505
        8517
        8533
        8546
        8558
        8581
        8585
        8591
        8593
        8596
        8598
        8600
        8615
        8634
        8647
        8651
        8655
        8661
        8669
        8673
        8678
        8688
        8693
        8705
        8745
        8752
        8757
        8759
        8798
        8810
        8833
        8862
        8868
        8876
        8882
        8886
        8892
        8901
        8902
        8904
        8906
        8918
        8922
        8930
        8937
        8960
        8966
        8972
        8985
