        3
        20
        23
        28
        34
        38
        44
        51
        54
        63
        71
        77
        96
        98
        120
        123
        128
        132
        145
        153
        168
        184
        190
        198
        236
        240
        243
        251
        261
        264
        269
        279
        285
        292
        306
        321
        325
        333
        371
        375
        383
        392
        399
        407
        424
        432
        446
        449
        453
        467
        473
        497
        508
        514
        521
        525
        528
        534
        543
        562
        564
        577
        579
        580
        589
        622
        626
        631
        635
        645
        652
        659
        674
        683
        686
        703
        726
        732
        755
        768
        783
        791
        795
        797
        807
        809
        843
        853
        856
        858
        862
        875
        879
        884
        906
        908
        917
        922
        931
        944
        950
        953
        960
        967
        971
        983
        998
        1016
        1035
        1041
        1062
        1070
        1083
        1095
        1105
        1110
        1122
        1135
        1168
        1169
        1186
        1206
        1224
        1230
        1237
        1264
        1268
        1272
        1274
        1283
        1292
        1302
        1309
        1321
        1326
        1328
        1330
        1334
        1340
        1362
        1375
        1377
        1383
        1400
        1404
        1412
        1426
        1428
        1431
        1436
        1446
        1448
        1450
        1460
        1464
        1467
        1471
        1472
        1514
        1524
        1527
        1543
        1548
        1551
        1557
        1560
        1572
        1573
        1580
        1597
        1603
        1609
        1621
        1628
        1639
        1650
        1663
        1667
        1695
        1699
        1736
        1758
        1764
        1768
        1782
        1795
        1805
        1809
        1818
        1838
        1844
        1860
        1870
        1873
        1888
        1895
        1897
        1903
        1907
        1922
        1931
        1938
        1946
        1956
        1970
        1981
        1984
        1988
        1990
        1992
        2002
        2007
        2017
        2025
        2037
        2053
        2063
        2065
        2071
        2075
        2085
        2101
        2111
        2125
        2135
        2144
        2146
        2154
        2160
        2177
        2183
        2198
        2203
        2206
        2210
        2221
        2235
        2238
        2241
        2242
        2246
        2248
        2249
        2253
        2262
        2265
        2287
        2328
        2335
        2347
        2354
        2372
        2385
        2390
        2394
        2396
        2412
        2422
        2442
        2448
        2473
        2475
        2487
        2499
        2506
        2510
        2512
        2556
        2565
        2576
        2585
        2592
        2593
        2621
        2630
        2637
        2645
        2653
        2676
        2679
        2688
        2703
        2707
        2713
        2741
        2749
        2792
        2800
        2807
        2809
        2829
        2833
        2836
        2842
        2849
        2854
        2865
        2874
        2875
        2879
        2881
        2888
        2889
        2893
        2898
        2899
        2902
        2904
        2908
        2915
        2917
        2922
        2930
        2936
        2941
        2972
        2976
        2981
        2986
        2988
        2992
        3006
        3025
        3056
        3085
        3099
        3105
        3109
        3112
        3117
        3120
        3140
        3149
        3161
        3184
        3207
        3216
        3220
        3234
        3237
        3260
        3265
        3275
        3291
        3296
        3303
        3311
        3318
        3323
        3325
        3330
        3336
        3338
        3342
        3363
        3366
        3369
        3391
        3400
        3403
        3416
        3420
        3424
        3427
        3444
        3451
        3457
        3472
        3482
        3487
        3498
        3510
        3515
        3517
        3553
        3556
        3568
        3602
        3621
        3623
        3629
        3669
        3702
        3704
        3715
        3718
        3729
        3734
        3758
        3761
        3763
        3779
        3784
        3798
        3804
        3809
        3820
        3834
        3862
        3873
        3901
        3903
        3913
        3918
        3926
        3928
        3931
        3944
        3948
        3959
        3962
        3969
        3979
        3984
        3997
        4023
        4032
        4055
        4058
        4066
        4070
        4078
        4092
        4106
        4114
        4119
        4125
        4127
        4136
        4148
        4163
        4171
        4180
        4192
        4211
        4217
        4221
        4231
        4238
        4266
        4270
        4283
        4285
        4288
        4293
        4298
        4300
        4313
        4321
        4324
        4333
        4343
        4346
        4368
        4388
        4399
        4400
        4406
        4409
        4414
        4419
        4426
        4437
        4467
        4473
        4475
        4478
        4492
        4497
        4505
        4513
        4516
        4522
        4532
        4548
        4570
        4597
        4604
        4607
        4611
        4622
        4627
        4631
        4633
        4634
        4653
        4660
        4683
        4712
        4723
        4725
        4728
        4740
        4752
        4756
        4770
        4775
        4784
        4789
        4796
        4804
        4805
        4807
        4810
        4815
        4827
        4845
        4862
        4870
        4872
        4874
        4886
        4889
        4893
        4900
        4929
        4942
        4958
        4960
        4961
        4964
        4975
        4991
        5020
        5027
        5043
        5051
        5055
        5066
        5090
        5098
        5108
        5126
        5140
        5144
        5149
        5152
        5162
        5165
        5184
        5185
        5189
        5195
        5197
        5214
        5217
        5231
        5249
        5256
        5268
        5271
        5285
        5291
        5294
        5296
        5314
        5319
        5333
        5349
        5359
        5369
        5380
        5381
        5382
        5386
        5393
        5415
        5419
        5425
        5428
        5432
        5440
        5449
        5456
        5467
        5476
        5486
        5489
        5491
        5509
        5514
        5542
        5561
        5590
        5602
        5605
        5609
        5633
        5638
        5653
        5658
        5677
        5692
        5694
        5763
        5766
        5805
        5806
        5813
        5821
        5827
        5843
        5855
        5861
        5870
        5889
        5897
        5903
        5905
        5913
        5932
        5954
        5965
        5996
        6004
        6009
        6011
        6016
        6041
        6046
        6054
        6063
        6069
        6071
        6092
        6118
        6120
        6122
        6130
        6133
        6137
        6139
        6162
        6179
        6182
        6204
        6218
        6250
        6265
        6269
        6273
        6274
        6287
        6297
        6315
        6347
        6359
        6367
        6397
        6400
        6436
        6439
        6454
        6456
        6463
        6465
        6470
        6474
        6481
        6483
        6499
        6535
        6538
        6546
        6549
        6558
        6561
        6563
        6571
        6589
        6604
        6610
        6615
        6628
        6634
        6638
        6642
        6652
        6661
        6665
        6679
        6699
        6710
        6724
        6732
        6748
        6752
        6768
        6788
        6805
        6820
        6835
        6871
        6873
        6877
        6890
        6891
        6916
        6934
        6940
        6951
        6957
        6963
        6982
        6986
        6989
        6992
        6995
        6999
        7004
        7006
        7018
        7026
        7030
        7038
        7040
        7044
        7053
        7055
        7059
        7066
        7070
        7073
        7077
        7083
        7085
        7088
        7098
        7102
        7107
        7116
        7118
        7120
        7123
        7131
        7140
        7159
        7168
        7175
        7179
        7185
        7187
        7194
        7199
        7211
        7227
        7231
        7235
        7240
        7249
        7254
        7261
        7295
        7309
        7323
        7328
        7334
        7336
        7338
        7697
        7709
        7714
        7716
        7720
        7724
        7725
        7726
        7727
        7732
        7733
        7738
        7743
        7744
        7746
        7751
        7754
        7756
        7758
        7761
        7763
        7768
        7770
        7774
        7782
        7789
        7795
        7796
        7805
        7806
        7808
        7811
        7816
        7821
        7822
        7823
        7827
        7842
        7846
        7849
        7864
        7869
        7871
        7876
        7882
        7888
        7893
        7902
        7905
        7908
        7923
        7928
        7979
        7986
        7988
        7990
        7992
        7998
        8006
        8008
        8040
        8052
        8062
        8067
        8073
        8078
        8098
        8111
        8114
        8135
        8142
        8179
        8187
        8198
        8202
        8210
        8216
        8220
        8224
        8246
        8255
        8260
        8279
        8290
        8295
        8307
        8323
        8326
        8353
        8381
        8389
        8401
        8402
        8405
        8464
        8468
        8470
        8473
        8482
        8485
        8498
        8505
        8506
        8507
        8513
        8516
        8563
        8566
        8600
        8602
        8607
        8640
        8645
        8653
        8675
        8691
        8693
        8707
        8718
        8724
        8735
        8747
        8750
        8754
        8759
        8764
        8771
        8774
        8794
        8803
        8836
        8838
        8861
        8872
        8879
        8890
        8900
        8907
        8918
        8926
        8931
        8932
        8940
        8975
