        3
        5
        7
        10
        12
        16
        25
        43
        52
        84
        148
        149
        156
        160
        172
        192
        195
        206
        239
        243
        245
        259
        268
        274
        285
        296
        301
        314
        337
        345
        350
        351
        354
        365
        367
        374
        385
        394
        407
        408
        442
        464
        486
        492
        513
        524
        561
        568
        595
        603
        606
        616
        620
        621
        627
        649
        677
        685
        693
        723
        726
        746
        762
        773
        777
        804
        845
        869
        874
        878
        892
        925
        944
        952
        959
        963
        983
        998
        1005
        1008
        1016
        1035
        1038
        1045
        1050
        1055
        1066
        1073
        1096
        1106
        1113
        1133
        1135
        1138
        1141
        1148
        1157
        1160
        1163
        1169
        1176
        1187
        1190
        1197
        1204
        1234
        1244
        1261
        1263
        1269
        1273
        1289
        1307
        1310
        1319
        1333
        1337
        1350
        1363
        1372
        1382
        1393
        1395
        1406
        1419
        1424
        1438
        1458
        1467
        1470
        1474
        1478
        1499
        1503
        1506
        1515
        1532
        1542
        1552
        1568
        1574
        1577
        1580
        1592
        1595
        1653
        1655
        1668
        1678
        1699
        1704
        1727
        1742
        1754
        1758
        1800
        1812
        1837
        1848
        1857
        1865
        1869
        1883
        1894
        1908
        1920
        1946
        1951
        1957
        1973
        1981
        1996
        2037
        2046
        2055
        2070
        2079
        2093
        2107
        2110
        2116
        2117
        2120
        2122
        2126
        2131
        2145
        2154
        2156
        2173
        2183
        2185
        2217
        2219
        2223
        2228
        2234
        2236
        2251
        2253
        2259
        2283
        2293
        2300
        2311
        2317
        2330
        2337
        2353
        2372
        2376
        2385
        2388
        2400
        2410
        2418
        2422
        2430
        2433
        2447
        2457
        2466
        2471
        2476
        2480
        2482
        2491
        2504
        2520
        2537
        2543
        2550
        2573
        2579
        2597
        2602
        2603
        2609
        2623
        2626
        2632
        2634
        2645
        2662
        2676
        2682
        2695
        2709
        2723
        2726
        2734
        2739
        2757
        2768
        2772
        2790
        2804
        2818
        2823
        2828
        2831
        2833
        2836
        2838
        2849
        2854
        2857
        2862
        2866
        2876
        2880
        2886
        2891
        2905
        2907
        2919
        2933
        2948
        2951
        2957
        2961
        2963
        2970
        2972
        2975
        2981
        2984
        2994
        3007
        3016
        3025
        3033
        3038
        3043
        3046
        3056
        3072
        3101
        3105
        3114
        3123
        3125
        3134
        3141
        3149
        3152
        3167
        3180
        3181
        3197
        3206
        3209
        3213
        3216
        3232
        3241
        3254
        3266
        3270
        3278
        3282
        3304
        3330
        3350
        3359
        3368
        3387
        3393
        3403
        3412
        3416
        3426
        3437
        3457
        3464
        3492
        3519
        3547
        3557
        3567
        3587
        3591
        3596
        3601
        3615
        3626
        3630
        3633
        3634
        3644
        3671
        3682
        3691
        3709
        3710
        3735
        3738
        3741
        3744
        3752
        3758
        3762
        3777
        3780
        3787
        3800
        3804
        3830
        3841
        3846
        3852
        3855
        3866
        3868
        3884
        3887
        3898
        3908
        3911
        3913
        3917
        3926
        3928
        3932
        3941
        3971
        3994
        4010
        4019
        4024
        4027
        4033
        4038
        4039
        4045
        4051
        4080
        4098
        4102
        4106
        4111
        4120
        4129
        4144
        4166
        4168
        4180
        4203
        4205
        4211
        4212
        4214
        4218
        4219
        4221
        4222
        4237
        4251
        4253
        4260
        4264
        4277
        4287
        4307
        4308
        4310
        4322
        4350
        4355
        4363
        4366
        4375
        4378
        4383
        4387
        4389
        4391
        4409
        4419
        4428
        4443
        4451
        4475
        4480
        4482
        4506
        4509
        4518
        4527
        4530
        4545
        4557
        4562
        4569
        4574
        4595
        4622
        4627
        4629
        4653
        4656
        4662
        4664
        4666
        4684
        4697
        4699
        4703
        4705
        4738
        4743
        4752
        4764
        4768
        4783
        4797
        4802
        4827
        4831
        4837
        4856
        4858
        4859
        4868
        4876
        4898
        4901
        4904
        4950
        4951
        4954
        4956
        4961
        4963
        4978
        4981
        4984
        5002
        5031
        5037
        5062
        5064
        5079
        5082
        5089
        5090
        5094
        5097
        5104
        5110
        5131
        5132
        5138
        5142
        5146
        5182
        5194
        5200
        5216
        5220
        5228
        5247
        5267
        5279
        5288
        5312
        5335
        5363
        5366
        5372
        5380
        5389
        5395
        5403
        5414
        5421
        5435
        5448
        5471
        5477
        5510
        5540
        5561
        5566
        5571
        5578
        5602
        5607
        5614
        5626
        5630
        5652
        5656
        5661
        5664
        5671
        5676
        5679
        5686
        5693
        5700
        5703
        5716
        5719
        5731
        5749
        5761
        5773
        5783
        5787
        5794
        5813
        5828
        5832
        5842
        5847
        5852
        5854
        5873
        5878
        5891
        5905
        5906
        5914
        5919
        5922
        5934
        5941
        5955
        5977
        5979
        5981
        5984
        5990
        5994
        6009
        6017
        6023
        6037
        6043
        6056
        6059
        6064
        6065
        6067
        6073
        6084
        6088
        6093
        6099
        6102
        6124
        6128
        6131
        6133
        6143
        6147
        6150
        6152
        6181
        6182
        6187
        6190
        6196
        6200
        6205
        6206
        6207
        6210
        6218
        6220
        6227
        6232
        6234
        6236
        6240
        6273
        6289
        6296
        6306
        6313
        6344
        6350
        6359
        6365
        6379
        6387
        6395
        6400
        6408
        6418
        6435
        6437
        6441
        6446
        6454
        6455
        6482
        6487
        6496
        6503
        6508
        6514
        6518
        6527
        6530
        6534
        6535
        6540
        6553
        6555
        6563
        6565
        6574
        6578
        6591
        6614
        6656
        6670
        6672
        6686
        6697
        6716
        6724
        6765
        6767
        6774
        6785
        6788
        6790
        6798
        6829
        6847
        6852
        6868
        6874
        6903
        6909
        6910
        6917
        6925
        6946
        6965
        6989
        6990
        6997
        7058
        7067
        7069
        7074
        7085
        7109
        7123
        7136
        7155
        7184
        7203
        7213
        7238
        7266
        7268
        7272
        7278
        7279
        7320
        7333
        7360
        7383
        7397
        7409
        7416
        7417
        7422
        7429
        7440
        7481
        7486
        7497
        7500
        7511
        7518
        7544
        7546
        7558
        7563
        7587
        7593
        7596
        7626
        7632
        7634
        7663
        7668
        7684
        7686
        7690
        7695
        7707
        7722
        7725
        7728
        7742
        7757
        7763
        7790
        7804
        7805
        7814
        7832
        7842
        7845
        7847
        7865
        7880
        7881
        7887
        7899
        7904
        7943
        7950
        7954
        7956
        7968
        7973
        7985
        7986
        7987
        7990
        7995
        8001
        8017
        8026
        8035
        8038
        8051
        8071
        8080
        8116
        8131
        8133
        8139
        8178
        8186
        8196
        8223
        8267
        8275
        8292
        8295
        8315
        8323
        8332
        8338
        8376
        8385
        8391
        8411
        8417
        8422
        8453
        8468
        8480
        8487
        8525
        8535
        8543
        8545
        8546
        8549
        8559
        8570
        8609
        8662
        8674
        8676
        8686
        8699
        8707
        8714
        8717
        8746
        8747
        8752
        8755
        8761
        8762
        8767
        8770
        8774
        8792
        8805
        8823
        8841
        8850
        8853
        8885
        8896
        8898
        8903
        8908
        8933
        8942
        8984
