        7
        13
        17
        22
        30
        46
        48
        50
        56
        71
        81
        88
        92
        105
        109
        113
        122
        129
        133
        154
        167
        174
        193
        198
        203
        209
        222
        236
        257
        259
        273
        279
        280
        283
        301
        317
        318
        324
        330
        341
        408
        436
        442
        447
        473
        476
        486
        492
        516
        526
        533
        534
        536
        538
        544
        554
        562
        568
        575
        592
        598
        605
        609
        616
        622
        626
        629
        636
        644
        645
        654
        680
        691
        692
        715
        718
        722
        740
        751
        754
        756
        773
        788
        795
        812
        818
        822
        829
        837
        843
        855
        858
        859
        866
        869
        877
        890
        896
        903
        918
        921
        926
        930
        937
        939
        946
        947
        952
        955
        978
        993
        999
        1000
        1001
        1010
        1030
        1042
        1051
        1079
        1125
        1128
        1131
        1138
        1148
        1151
        1171
        1195
        1206
        1221
        1231
        1246
        1254
        1280
        1325
        1334
        1336
        1356
        1362
        1364
        1371
        1373
        1403
        1423
        1435
        1436
        1443
        1452
        1500
        1503
        1510
        1516
        1535
        1555
        1565
        1576
        1584
        1591
        1608
        1622
        1628
        1631
        1642
        1661
        1678
        1689
        1694
        1713
        1726
        1731
        1754
        1769
        1781
        1799
        1823
        1826
        1841
        1858
        1862
        1867
        1875
        1885
        1915
        1928
        1929
        1937
        1940
        1948
        1963
        1965
        1977
        1980
        1986
        2006
        2022
        2023
        2031
        2033
        2036
        2040
        2064
        2065
        2067
        2096
        2100
        2101
        2126
        2131
        2153
        2160
        2187
        2224
        2226
        2230
        2231
        2242
        2248
        2259
        2264
        2292
        2304
        2331
        2354
        2365
        2380
        2387
        2390
        2395
        2417
        2419
        2439
        2450
        2455
        2494
        2511
        2516
        2535
        2542
        2550
        2579
        2585
        2591
        2612
        2626
        2627
        2635
        2637
        2645
        2649
        2688
        2729
        2737
        2740
        2741
        2756
        2763
        2769
        2772
        2775
        2783
        2816
        2818
        2825
        2833
        2840
        2875
        2881
        2883
        2892
        2902
        2913
        2932
        2936
        2950
        2956
        2990
        3024
        3033
        3054
        3080
        3098
        3105
        3108
        3149
        3172
        3203
        3205
        3228
        3245
        3261
        3269
        3288
        3299
        3305
        3319
        3328
        3330
        3333
        3336
        3358
        3362
        3391
        3401
        3425
        3446
        3459
        3465
        3470
        3473
        3476
        3499
        3522
        3581
        3585
        3603
        3607
        3609
        3612
        3650
        3652
        3678
        3689
        3697
        3708
        3736
        3740
        3753
        3780
        3783
        3822
        3826
        3866
        3873
        3878
        3886
        3890
        3891
        3913
        3922
        3923
        3926
        3938
        3962
        3967
        3972
        3978
        3987
        4008
        4022
        4024
        4027
        4032
        4034
        4046
        4051
        4063
        4065
        4071
        4082
        4083
        4116
        4121
        4122
        4127
        4130
        4148
        4156
        4160
        4166
        4171
        4175
        4214
        4223
        4228
        4299
        4317
        4322
        4333
        4361
        4369
        4379
        4393
        4396
        4398
        4400
        4408
        4458
        4466
        4473
        4475
        4480
        4503
        4525
        4541
        4551
        4553
        4565
        4575
        4578
        4620
        4648
        4667
        4684
        4685
        4687
        4689
        4701
        4710
        4715
        4723
        4736
        4738
        4741
        4773
        4783
        4791
        4802
        4817
        4822
        4840
        4842
        4845
        4861
        4865
        4872
        4880
        4893
        4903
        4916
        4937
        4957
        4960
        4965
        4989
        4994
        4997
        5004
        5015
        5020
        5024
        5031
        5037
        5050
        5056
        5061
        5082
        5086
        5099
        5125
        5152
        5157
        5164
        5187
        5200
        5231
        5232
        5235
        5238
        5268
        5299
        5323
        5338
        5344
        5346
        5355
        5358
        5375
        5418
        5419
        5430
        5433
        5452
        5464
        5470
        5487
        5518
        5525
        5531
        5541
        5542
        5544
        5600
        5628
        5632
        5649
        5652
        5658
        5663
        5681
        5688
        5694
        5706
        5741
        5743
        5746
        5756
        5763
        5771
        5803
        5817
        5824
        5835
        5848
        5864
        5871
        5902
        5915
        5917
        5921
        5924
        5954
        5962
        5966
        5985
        6005
        6013
        6033
        6039
        6045
        6048
        6053
        6083
        6091
        6101
        6105
        6129
        6142
        6153
        6159
        6173
        6175
        6211
        6222
        6238
        6246
        6248
        6252
        6265
        6266
        6271
        6272
        6276
        6286
        6293
        6309
        6317
        6335
        6343
        6346
        6352
        6367
        6374
        6378
        6401
        6402
        6411
        6418
        6421
        6435
        6439
        6446
        6449
        6455
        6481
        6482
        6483
        6485
        6497
        6531
        6534
        6535
        6540
        6546
        6549
        6558
        6568
        6574
        6577
        6585
        6592
        6596
        6600
        6605
        6612
        6628
        6631
        6634
        6651
        6656
        6661
        6666
        6671
        6684
        6694
        6701
        6708
        6718
        6719
        6722
        6728
        6734
        6739
        6741
        6746
        6750
        6755
        6761
        6764
        6806
        6808
        6823
        6824
        6825
        6826
        6832
        6835
        6837
        6839
        6841
        6849
        6864
        6869
        6870
        6883
        6884
        6893
        6910
        6911
        6917
        6919
        6922
        6924
        6932
        6964
        6991
        7004
        7043
        7065
        7082
        7093
        7099
        7127
        7139
        7171
        7188
        7202
        7221
        7228
        7239
        7247
        7291
        7299
        7304
        7314
        7337
        7345
        7359
        7373
        7383
        7387
        7397
        7422
        7427
        7430
        7447
        7462
        7504
        7505
        7508
        7528
        7537
        7576
        7585
        7593
        7612
        7624
        7685
        7690
        7728
        7731
        7748
        7762
        7807
        7810
        7814
        7834
        7866
        7874
        7882
        7897
        7906
        7907
        7910
        7914
        7917
        7925
        7934
        7940
        7941
        7983
        8013
        8022
        8030
        8040
        8065
        8070
        8092
        8098
        8106
        8142
        8146
        8150
        8151
        8153
        8167
        8199
        8215
        8224
        8226
        8240
        8244
        8251
        8268
        8271
        8280
        8298
        8322
        8349
        8362
        8363
        8372
        8384
        8390
        8396
        8428
        8438
        8473
        8486
        8492
        8505
        8507
        8510
        8514
        8517
        8543
        8546
        8556
        8561
        8574
        8594
        8604
        8619
        8630
        8658
        8671
        8674
        8690
        8703
        8708
        8710
        8720
        8722
        8732
        8739
        8751
        8752
        8774
        8792
        8809
        8842
        8855
        8859
        8882
        8889
        8891
        8894
        8906
        8934
        8935
        8938
        8953
        8962
        8970
        8976
        8984
