        6
        12
        16
        19
        37
        49
        64
        85
        87
        96
        100
        122
        124
        130
        154
        169
        173
        176
        193
        195
        199
        224
        228
        230
        233
        263
        269
        289
        308
        321
        344
        360
        392
        399
        406
        425
        458
        489
        493
        550
        551
        552
        554
        557
        571
        603
        607
        616
        623
        638
        644
        648
        649
        651
        655
        656
        705
        716
        727
        754
        756
        760
        762
        771
        781
        782
        788
        804
        810
        822
        825
        842
        865
        871
        887
        889
        894
        904
        907
        912
        926
        940
        961
        968
        996
        999
        1004
        1031
        1034
        1048
        1053
        1058
        1068
        1090
        1093
        1108
        1118
        1129
        1156
        1161
        1164
        1168
        1182
        1203
        1213
        1219
        1232
        1265
        1273
        1278
        1291
        1314
        1316
        1326
        1331
        1344
        1352
        1376
        1397
        1412
        1438
        1440
        1450
        1455
        1468
        1475
        1491
        1494
        1497
        1501
        1518
        1528
        1551
        1566
        1579
        1598
        1617
        1618
        1624
        1645
        1664
        1668
        1678
        1687
        1704
        1711
        1712
        1722
        1728
        1731
        1738
        1739
        1740
        1765
        1781
        1787
        1792
        1813
        1816
        1826
        1831
        1836
        1841
        1849
        1859
        1894
        1901
        1916
        1928
        1945
        1954
        1961
        1982
        1992
        1996
        2001
        2015
        2027
        2028
        2044
        2050
        2079
        2084
        2086
        2098
        2121
        2130
        2131
        2135
        2144
        2164
        2188
        2202
        2212
        2231
        2256
        2263
        2270
        2288
        2296
        2319
        2337
        2345
        2348
        2363
        2410
        2414
        2428
        2451
        2502
        2510
        2518
        2525
        2532
        2547
        2555
        2586
        2608
        2610
        2613
        2617
        2634
        2646
        2659
        2660
        2663
        2669
        2677
        2712
        2725
        2735
        2740
        2751
        2752
        2774
        2781
        2794
        2800
        2814
        2822
        2844
        2874
        2892
        2894
        2898
        2910
        2922
        2930
        2935
        2942
        2975
        2989
        3003
        3007
        3024
        3027
        3037
        3041
        3064
        3068
        3080
        3095
        3125
        3130
        3138
        3154
        3164
        3174
        3176
        3192
        3218
        3247
        3259
        3269
        3274
        3280
        3282
        3298
        3304
        3308
        3327
        3331
        3351
        3353
        3355
        3360
        3395
        3418
        3435
        3439
        3458
        3462
        3465
        3469
        3478
        3488
        3491
        3506
        3521
        3525
        3529
        3543
        3544
        3565
        3574
        3577
        3579
        3589
        3596
        3605
        3632
        3637
        3644
        3648
        3656
        3684
        3719
        3723
        3729
        3745
        3762
        3782
        3821
        3831
        3834
        3841
        3845
        3857
        3858
        3883
        3893
        3909
        3915
        3920
        3924
        3927
        3932
        3970
        3981
        3989
        4015
        4046
        4047
        4053
        4056
        4064
        4069
        4072
        4077
        4083
        4087
        4132
        4145
        4152
        4158
        4163
        4194
        4203
        4208
        4218
        4225
        4240
        4246
        4252
        4272
        4283
        4287
        4299
        4306
        4309
        4331
        4334
        4338
        4339
        4341
        4342
        4345
        4346
        4356
        4374
        4395
        4412
        4416
        4420
        4421
        4423
        4424
        4434
        4444
        4447
        4460
        4469
        4475
        4484
        4495
        4502
        4511
        4526
        4528
        4534
        4537
        4542
        4545
        4564
        4567
        4598
        4603
        4623
        4633
        4637
        4653
        4677
        4680
        4688
        4691
        4707
        4716
        4718
        4721
        4723
        4730
        4741
        4774
        4784
        4836
        4840
        4846
        4849
        4875
        4877
        4884
        4888
        4892
        4903
        4905
        4947
        4957
        4975
        4989
        4999
        5002
        5009
        5011
        5015
        5046
        5071
        5073
        5080
        5083
        5091
        5092
        5102
        5121
        5135
        5141
        5143
        5158
        5173
        5188
        5190
        5201
        5208
        5211
        5231
        5237
        5239
        5247
        5256
        5262
        5292
        5294
        5307
        5314
        5329
        5330
        5337
        5341
        5351
        5358
        5367
        5369
        5381
        5414
        5423
        5442
        5450
        5453
        5473
        5489
        5496
        5499
        5503
        5515
        5519
        5537
        5543
        5546
        5551
        5563
        5567
        5573
        5585
        5588
        5594
        5611
        5638
        5675
        5694
        5702
        5736
        5745
        5749
        5754
        5768
        5811
        5816
        5839
        5855
        5863
        5878
        5890
        5901
        5921
        5925
        5930
        5938
        5957
        5977
        5980
        5987
        6009
        6017
        6020
        6034
        6039
        6057
        6064
        6081
        6093
        6095
        6102
        6106
        6129
        6137
        6138
        6146
        6192
        6210
        6216
        6227
        6231
        6262
        6271
        6293
        6299
        6302
        6329
        6336
        6337
        6338
        6356
        6363
        6374
        6383
        6385
        6392
        6418
        6420
        6442
        6447
        6451
        6454
        6457
        6474
        6478
        6488
        6496
        6501
        6502
        6511
        6516
        6523
        6527
        6530
        6545
        6550
        6570
        6577
        6594
        6597
        6603
        6629
        6636
        6644
        6646
        6649
        6655
        6663
        6671
        6674
        6688
        6699
        6705
        6714
        6763
        6767
        6768
        6770
        6780
        6794
        6796
        6800
        6811
        6814
        6835
        6840
        6843
        6854
        6864
        6878
        6880
        6901
        6902
        6908
        6925
        6940
        6949
        6961
        6963
        6967
        6979
        6988
        6997
        7005
        7007
        7008
        7012
        7028
        7034
        7057
        7064
        7075
        7087
        7093
        7118
        7125
        7143
        7153
        7154
        7170
        7173
        7178
        7185
        7197
        7206
        7212
        7214
        7222
        7231
        7237
        7240
        7242
        7248
        7259
        7276
        7280
        7295
        7304
        7311
        7314
        7315
        7317
        7321
        7326
        7333
        7337
        7338
        7344
        7348
        7355
        7358
        7364
        7366
        7390
        7397
        7399
        7400
        7403
        7409
        7410
        7415
        7428
        7436
        7448
        7463
        7478
        7496
        7505
        7507
        7508
        7514
        7519
        7532
        7553
        7561
        7583
        7589
        7602
        7605
        7616
        7629
        7633
        7637
        7657
        7672
        7685
        7693
        7703
        7721
        7752
        7754
        7777
        7803
        7818
        7879
        7893
        7896
        7901
        7927
        7930
        7944
        7951
        7956
        7967
        7972
        7982
        8000
        8002
        8029
        8043
        8045
        8070
        8072
        8074
        8078
        8087
        8151
        8161
        8162
        8168
        8196
        8208
        8225
        8236
        8247
        8258
        8273
        8300
        8318
        8347
        8357
        8377
        8395
        8437
        8450
        8465
        8470
        8474
        8479
        8495
        8497
        8503
        8509
        8514
        8532
        8536
        8541
        8555
        8561
        8567
        8571
        8575
        8581
        8584
        8597
        8603
        8611
        8612
        8613
        8614
        8618
        8623
        8628
        8653
        8691
        8706
        8714
        8741
        8768
        8779
        8852
        8855
        8860
        8901
        8923
        8930
        8934
        8952
        8967
        8969
        8988
        8998
