        1
        6
        21
        23
        26
        30
        39
        47
        50
        59
        84
        133
        136
        139
        154
        166
        183
        197
        235
        250
        260
        280
        281
        287
        292
        300
        303
        318
        351
        353
        359
        365
        370
        396
        399
        424
        426
        448
        458
        468
        469
        479
        490
        504
        513
        518
        522
        531
        546
        552
        577
        583
        594
        605
        611
        635
        638
        645
        669
        680
        697
        718
        742
        754
        796
        806
        819
        820
        825
        839
        844
        848
        872
        879
        884
        889
        899
        900
        901
        910
        928
        952
        961
        974
        977
        979
        990
        993
        1034
        1064
        1066
        1083
        1097
        1141
        1176
        1180
        1198
        1209
        1211
        1220
        1232
        1235
        1253
        1255
        1266
        1271
        1288
        1291
        1301
        1310
        1321
        1334
        1375
        1378
        1382
        1386
        1397
        1402
        1408
        1424
        1456
        1471
        1478
        1501
        1521
        1532
        1552
        1568
        1572
        1589
        1594
        1602
        1613
        1621
        1642
        1661
        1682
        1689
        1712
        1717
        1730
        1732
        1748
        1774
        1789
        1812
        1825
        1851
        1865
        1874
        1900
        1904
        1919
        1925
        1934
        1961
        1969
        1972
        1986
        2011
        2017
        2023
        2032
        2040
        2049
        2101
        2119
        2124
        2150
        2152
        2153
        2159
        2168
        2175
        2191
        2199
        2201
        2207
        2208
        2215
        2217
        2225
        2239
        2250
        2266
        2269
        2271
        2292
        2305
        2315
        2324
        2339
        2347
        2673
        2690
        2691
        2692
        2704
        2719
        2721
        2722
        2725
        2726
        2729
        2732
        2735
        2739
        2740
        2753
        2754
        2760
        2765
        2768
        2770
        2771
        2775
        2780
        2783
        2788
        2790
        2795
        2796
        2812
        2814
        2825
        2831
        2836
        2839
        2841
        2843
        2855
        2860
        2866
        2870
        2886
        2892
        2898
        2904
        2906
        2911
        2920
        2934
        2946
        2987
        3000
        3039
        3060
        3063
        3086
        3105
        3108
        3110
        3142
        3150
        3205
        3209
        3235
        3236
        3238
        3245
        3251
        3255
        3256
        3266
        3271
        3280
        3288
        3306
        3307
        3325
        3337
        3366
        3397
        3403
        3415
        3428
        3436
        3438
        3451
        3454
        3459
        3478
        3484
        3501
        3505
        3517
        3523
        3524
        3531
        3557
        3582
        3597
        3624
        3638
        3645
        3648
        3673
        3686
        3688
        3701
        3702
        3706
        3711
        3719
        3720
        3735
        3779
        3789
        3809
        3811
        3817
        3827
        3843
        3852
        3856
        3860
        3870
        3897
        3905
        3915
        3933
        3936
        3939
        3970
        3989
        3992
        3993
        3994
        3995
        3997
        4014
        4019
        4026
        4061
        4065
        4085
        4100
        4112
        4117
        4133
        4165
        4166
        4168
        4175
        4193
        4203
        4208
        4241
        4249
        4252
        4269
        4271
        4278
        4282
        4299
        4305
        4306
        4309
        4317
        4324
        4343
        4363
        4376
        4383
        4389
        4393
        4396
        4410
        4434
        4438
        4441
        4448
        4453
        4485
        4487
        4488
        4495
        4516
        4520
        4523
        4531
        4538
        4558
        4566
        4568
        4571
        4572
        4580
        4592
        4598
        4616
        4627
        4635
        4685
        4695
        4705
        4714
        4717
        4720
        4739
        4757
        4758
        4768
        4787
        4788
        4789
        4800
        4837
        4846
        4859
        4867
        4872
        4881
        4891
        4900
        4921
        4927
        4940
        4957
        4971
        4979
        4988
        4990
        5002
        5014
        5017
        5035
        5045
        5048
        5050
        5052
        5060
        5070
        5076
        5099
        5111
        5117
        5119
        5127
        5131
        5155
        5157
        5161
        5177
        5183
        5190
        5193
        5200
        5209
        5211
        5214
        5218
        5228
        5248
        5251
        5265
        5302
        5312
        5324
        5328
        5334
        5339
        5344
        5351
        5359
        5368
        5375
        5381
        5384
        5388
        5390
        5415
        5418
        5420
        5436
        5453
        5459
        5474
        5476
        5478
        5480
        5493
        5496
        5497
        5526
        5530
        5531
        5532
        5539
        5559
        5561
        5564
        5592
        5604
        5614
        5628
        5660
        5686
        5695
        5698
        5699
        5711
        5742
        5752
        5754
        5772
        5777
        5798
        6106
        6108
        6118
        6134
        6137
        6138
        6139
        6144
        6151
        6152
        6153
        6155
        6158
        6162
        6163
        6166
        6177
        6181
        6190
        6194
        6234
        6235
        6237
        6240
        6276
        6299
        6306
        6307
        6330
        6339
        6344
        6363
        6370
        6394
        6432
        6437
        6448
        6452
        6456
        6462
        6481
        6488
        6515
        6547
        6587
        6653
        6656
        6664
        6684
        6689
        6691
        6710
        6714
        6727
        6730
        6738
        6744
        6753
        6758
        6759
        6764
        6787
        6811
        6821
        6835
        6839
        6852
        6860
        6862
        6863
        6866
        6903
        6906
        6915
        6921
        6929
        6933
        6942
        6951
        6967
        6986
        7033
        7039
        7042
        7046
        7058
        7065
        7067
        7083
        7103
        7114
        7119
        7134
        7141
        7156
        7157
        7160
        7163
        7176
        7184
        7185
        7191
        7201
        7203
        7210
        7222
        7230
        7233
        7244
        7250
        7264
        7290
        7293
        7296
        7302
        7307
        7324
        7326
        7343
        7374
        7442
        7445
        7476
        7514
        7515
        7582
        7583
        7590
        7601
        7615
        7619
        7645
        7676
        7684
        7723
        7726
        7731
        7756
        7778
        7816
        7820
        7853
        7856
        7890
        7901
        7911
        7913
        7933
        7934
        7938
        7945
        7962
        7963
        7992
        8011
        8017
        8030
        8054
        8060
        8066
        8084
        8088
        8093
        8100
        8136
        8152
        8155
        8185
        8206
        8220
        8230
        8233
        8246
        8260
        8266
        8287
        8300
        8327
        8333
        8334
        8339
        8412
        8417
        8436
        8438
        8463
        8469
        8483
        8489
        8511
        8512
        8522
        8530
        8538
        8553
        8578
        8596
        8604
        8607
        8620
        8623
        8626
        8656
        8663
        8673
        8674
        8693
        8706
        8752
        8779
        8826
        8837
        8849
        8870
        8884
        8890
        8903
        8946
        8956
        8988
        8992
