        21
        25
        60
        68
        94
        150
        164
        187
        205
        220
        242
        245
        287
        298
        305
        314
        325
        349
        356
        377
        392
        411
        421
        425
        437
        447
        507
        512
        581
        592
        633
        634
        646
        664
        675
        685
        688
        708
        719
        720
        728
        736
        755
        777
        807
        836
        848
        857
        858
        911
        922
        924
        928
        929
        939
        942
        950
        959
        973
        992
        1013
        1030
        1039
        1042
        1051
        1054
        1075
        1082
        1096
        1118
        1123
        1132
        1141
        1180
        1192
        1196
        1242
        1281
        1282
        1287
        1300
        1342
        1360
        1373
        1393
        1418
        1429
        1434
        1469
        1481
        1488
        1507
        1518
        1519
        1527
        1529
        1532
        1555
        1577
        1582
        1598
        1605
        1606
        1610
        1620
        1631
        1632
        1677
        1692
        1695
        1699
        1706
        1721
        1763
        1767
        1828
        1829
        1839
        2196
        2198
        2204
        2205
        2207
        2212
        2213
        2216
        2222
        2224
        2226
        2227
        2230
        2231
        2234
        2238
        2245
        2246
        2248
        2251
        2252
        2253
        2262
        2274
        2279
        2281
        2288
        2292
        2299
        2310
        2324
        2327
        2346
        2355
        2362
        2367
        2368
        2380
        2398
        2414
        2419
        2420
        2436
        2447
        2449
        2452
        2453
        2461
        2467
        2480
        2485
        2502
        2507
        2514
        2518
        2525
        2545
        2549
        2563
        2584
        2594
        2611
        2616
        2626
        2637
        2659
        2668
        2717
        2730
        2735
        2739
        2751
        2767
        2782
        2800
        2806
        2822
        2855
        2867
        2876
        2883
        2906
        2943
        2947
        2955
        2971
        2975
        2986
        3028
        3029
        3038
        3040
        3044
        3046
        3051
        3054
        3061
        3074
        3118
        3120
        3127
        3128
        3141
        3151
        3157
        3161
        3193
        3200
        3209
        3227
        3249
        3262
        3272
        3301
        3306
        3308
        3318
        3320
        3322
        3327
        3332
        3337
        3398
        3404
        3410
        3418
        3424
        3425
        3428
        3432
        3436
        3448
        3450
        3453
        3461
        3466
        3467
        3490
        3498
        3502
        3511
        3522
        3524
        3548
        3560
        3561
        3563
        3573
        3578
        3580
        3603
        3612
        3614
        3615
        3622
        3635
        3643
        3666
        3674
        3687
        3706
        3713
        3725
        3732
        3746
        3759
        3763
        3773
        3792
        3809
        3815
        3821
        3856
        3893
        3897
        3927
        3937
        3961
        3968
        3975
        4016
        4037
        4054
        4058
        4069
        4078
        4087
        4089
        4116
        4126
        4129
        4157
        4181
        4192
        4202
        4238
        4248
        4300
        4304
        4322
        4323
        4328
        4342
        4347
        4378
        4422
        4424
        4457
        4463
        4468
        4474
        4478
        4528
        4533
        4553
        4554
        4565
        4570
        4603
        4617
        4626
        4649
        4650
        4656
        4684
        4724
        4743
        4764
        4773
        4785
        4789
        4805
        4818
        4827
        4879
        4896
        4899
        4904
        4922
        4951
        4955
        4962
        4969
        4973
        4978
        4986
        4992
        4998
        4999
        5010
        5012
        5028
        5046
        5047
        5066
        5112
        5158
        5168
        5193
        5196
        5198
        5204
        5212
        5224
        5226
        5252
        5256
        5278
        5295
        5321
        5326
        5327
        5356
        5391
        5399
        5409
        5440
        5445
        5481
        5496
        5503
        5508
        5526
        5534
        5548
        5576
        5586
        5593
        5607
        5624
        5652
        5685
        5695
        5708
        5710
        5726
        5734
        5803
        5816
        5823
        5836
        5839
        5878
        5905
        5934
        5946
        5953
        5966
        5983
        5990
        5999
        6001
        6035
        6050
        6061
        6067
        6075
        6081
        6085
        6094
        6100
        6116
        6126
        6146
        6159
        6163
        6198
        6201
        6226
        6228
        6232
        6239
        6287
        6295
        6296
        6381
        6397
        6403
        6438
        6466
        6480
        6482
        6500
        6512
        6537
        6560
        6563
        6600
        6634
        6643
        6663
        6669
        6672
        6689
        6726
        6751
        6765
        6771
        6801
        6819
        6835
        6842
        6847
        6854
        6856
        6862
        6869
        6879
        6884
        6909
        6937
        6946
        6989
        6995
        6997
        7011
        7042
        7050
        7065
        7068
        7073
        7080
        7086
        7095
        7101
        7113
        7128
        7155
        7158
        7168
        7201
        7211
        7243
        7245
        7250
        7263
        7273
        7294
        7325
        7327
        7360
        7365
        7401
        7405
        7411
        7426
        7430
        7435
        7447
        7470
        7472
        7487
        7491
        7500
        7512
        7537
        7539
        7542
        7551
        7556
        7566
        7572
        7597
        7616
        7621
        7639
        7655
        7661
        7666
        7671
        7681
        7685
        7689
        7696
        7705
        7728
        7734
        7738
        7772
        7784
        7792
        7795
        7810
        7815
        7845
        7847
        7866
        7870
        7880
        7892
        7904
        7906
        7911
        7921
        7926
        7938
        7940
        7952
        7962
        7977
        7982
        7991
        7999
        8003
        8007
        8015
        8022
        8026
        8031
        8041
        8045
        8066
        8087
        8090
        8109
        8127
        8132
        8142
        8149
        8163
        8174
        8181
        8184
        8187
        8191
        8194
        8198
        8205
        8211
        8216
        8222
        8224
        8225
        8232
        8236
        8253
        8255
        8263
        8265
        8275
        8289
        8292
        8303
        8317
        8331
        8340
        8344
        8366
        8369
        8422
        8431
        8438
        8468
        8482
        8524
        8542
        8552
        8566
        8574
        8583
        8591
        8606
        8612
        8689
        8690
        8701
        8720
        8745
        8778
        8799
        8826
        8839
        8849
        8901
        8905
        8932
        8937
        8952
        8983
        8984
