        19
        36
        42
        46
        59
        72
        108
        125
        133
        138
        149
        165
        196
        205
        211
        258
        266
        280
        291
        297
        343
        365
        366
        371
        372
        415
        444
        450
        464
        471
        499
        543
        553
        555
        557
        562
        573
        576
        596
        602
        622
        624
        636
        639
        663
        673
        674
        680
        684
        700
        704
        706
        745
        754
        765
        768
        781
        792
        798
        808
        826
        862
        879
        886
        888
        894
        905
        960
        964
        969
        979
        1003
        1012
        1024
        1055
        1113
        1122
        1127
        1138
        1167
        1171
        1194
        1207
        1231
        1250
        1257
        1300
        1309
        1317
        1348
        1350
        1354
        1378
        1390
        1393
        1432
        1436
        1449
        1483
        1503
        1509
        1530
        1540
        1545
        1556
        1567
        1575
        1577
        1588
        1592
        1598
        1611
        1629
        1649
        1692
        1693
        1710
        1715
        1736
        1758
        1763
        1778
        1789
        1800
        1820
        1824
        1838
        1879
        1903
        1908
        1921
        1949
        1959
        1985
        1990
        1999
        2005
        2027
        2034
        2048
        2051
        2068
        2088
        2091
        2097
        2098
        2107
        2121
        2133
        2141
        2153
        2158
        2167
        2176
        2185
        2199
        2216
        2246
        2252
        2259
        2316
        2317
        2335
        2337
        2347
        2352
        2363
        2375
        2391
        2404
        2406
        2415
        2434
        2438
        2449
        2466
        2474
        2518
        2541
        2552
        2557
        2564
        2570
        2606
        2614
        2662
        2683
        2699
        2701
        2707
        2709
        2713
        2723
        2729
        2730
        2759
        2761
        2784
        2789
        2823
        2851
        2883
        2910
        2913
        2921
        2923
        2927
        2940
        2944
        2947
        2956
        2959
        2970
        2976
        2990
        3006
        3037
        3055
        3082
        3106
        3126
        3140
        3146
        3161
        3167
        3168
        3170
        3180
        3199
        3213
        3236
        3250
        3267
        3281
        3290
        3292
        3295
        3312
        3314
        3335
        3409
        3428
        3441
        3448
        3454
        3489
        3498
        3508
        3523
        3526
        3575
        3581
        3584
        3597
        3623
        3635
        3688
        3695
        3717
        3719
        3727
        3736
        3750
        3772
        3777
        3804
        3811
        3848
        3853
        3857
        3906
        3925
        3928
        3941
        3973
        3985
        4025
        4035
        4053
        4063
        4072
        4095
        4117
        4130
        4143
        4184
        4188
        4198
        4202
        4281
        4292
        4294
        4297
        4300
        4320
        4323
        4325
        4345
        4370
        4377
        4383
        4390
        4397
        4404
        4408
        4427
        4439
        4487
        4495
        4501
        4552
        4559
        4563
        4588
        4598
        4610
        4626
        4649
        4658
        4673
        4678
        4695
        4734
        4736
        4747
        4763
        4774
        4779
        4803
        4810
        4817
        4839
        4841
        4846
        4888
        4899
        4902
        4912
        4916
        4924
        4926
        4929
        4936
        4952
        4956
        4957
        4965
        4973
        4985
        5012
        5036
        5053
        5069
        5074
        5079
        5105
        5110
        5118
        5130
        5158
        5165
        5179
        5187
        5204
        5251
        5262
        5277
        5290
        5294
        5299
        5305
        5332
        5369
        5377
        5384
        5398
        5409
        5429
        5449
        5462
        5482
        5491
        5511
        5514
        5539
        5549
        5552
        5559
        5587
        5594
        5614
        5636
        5641
        5648
        5686
        5694
        5711
        5747
        5762
        5767
        5780
        5783
        5800
        5810
        5812
        5839
        5852
        5853
        5869
        5874
        5876
        5881
        5885
        5886
        5889
        5892
        5907
        5910
        5926
        5934
        5941
        5947
        5956
        5967
        5982
        5990
        5999
        6000
        6035
        6044
        6072
        6081
        6084
        6096
        6097
        6106
        6109
        6124
        6140
        6148
        6159
        6167
        6170
        6184
        6187
        6197
        6200
        6205
        6216
        6221
        6230
        6235
        6255
        6258
        6268
        6281
        6290
        6294
        6307
        6310
        6316
        6321
        6324
        6330
        6344
        6352
        6388
        6425
        6434
        6451
        6470
        6476
        6520
        6545
        6552
        6558
        6559
        6572
        6622
        6628
        6643
        6673
        6695
        6738
        6748
        6755
        6782
        6805
        6808
        6818
        6822
        6830
        6849
        6857
        6876
        6882
        6893
        6895
        6912
        6926
        6932
        6940
        6976
        6994
        7005
        7019
        7021
        7060
        7082
        7089
        7137
        7152
        7177
        7185
        7192
        7219
        7239
        7245
        7257
        7286
        7338
        7339
        7383
        7385
        7423
        7427
        7430
        7434
        7439
        7469
        7494
        7497
        7514
        7524
        7574
        7595
        7623
        7654
        7661
        7671
        7684
        7690
        7698
        7730
        7761
        7777
        7800
        7831
        7860
        7868
        7887
        7963
        7973
        7975
        7981
        8012
        8026
        8041
        8077
        8105
        8112
        8123
        8132
        8147
        8176
        8196
        8227
        8271
        8313
        8316
        8329
        8363
        8390
        8402
        8409
        8438
        8448
        8460
        8466
        8468
        8469
        8475
        8487
        8490
        8545
        8603
        8633
        8671
        8715
        8740
        8752
        8783
        8804
        8810
        8814
        8853
        8854
        8856
        8870
        8878
        8888
        8901
        8926
        8934
        8956
        8961
        8966
