        3
        61
        82
        103
        120
        144
        182
        195
        224
        226
        227
        228
        231
        234
        236
        254
        315
        321
        330
        349
        357
        377
        416
        433
        441
        449
        470
        480
        486
        494
        501
        503
        522
        534
        553
        582
        602
        642
        650
        654
        680
        684
        704
        711
        726
        736
        744
        748
        782
        798
        806
        814
        818
        833
        842
        849
        894
        923
        938
        946
        963
        992
        995
        1026
        1049
        1081
        1085
        1092
        1106
        1110
        1119
        1123
        1125
        1141
        1160
        1182
        1204
        1263
        1285
        1291
        1300
        1327
        1362
        1402
        1428
        1468
        1470
        1481
        1482
        1511
        1523
        1548
        1558
        1604
        1608
        1613
        1630
        1636
        1645
        1686
        1698
        1701
        1717
        1753
        1761
        1769
        1801
        1812
        1833
        1870
        1913
        1934
        1935
        1936
        1947
        1948
        1969
        1970
        1974
        1975
        2004
        2039
        2050
        2057
        2062
        2064
        2067
        2091
        2113
        2120
        2125
        2131
        2140
        2149
        2211
        2227
        2236
        2240
        2244
        2251
        2255
        2259
        2263
        2264
        2266
        2274
        2278
        2285
        2286
        2310
        2318
        2323
        2332
        2336
        2348
        2358
        2365
        2368
        2378
        2387
        2393
        2396
        2403
        2408
        2438
        2439
        2442
        2446
        2452
        2461
        2479
        2533
        2536
        2548
        2554
        2556
        2592
        2600
        2618
        2630
        2646
        2686
        2698
        2701
        2711
        2720
        2724
        2746
        2761
        2771
        2776
        2780
        2786
        2790
        2816
        2823
        2833
        2901
        2908
        2948
        2964
        2993
        2994
        3008
        3015
        3020
        3026
        3028
        3046
        3077
        3113
        3126
        3130
        3136
        3150
        3176
        3201
        3219
        3221
        3230
        3245
        3255
        3281
        3311
        3326
        3376
        3379
        3387
        3392
        3399
        3403
        3435
        3448
        3482
        3491
        3522
        3523
        3529
        3546
        3552
        3561
        3562
        3571
        3598
        3601
        3606
        3609
        3631
        3637
        3655
        3666
        3672
        3673
        3675
        3680
        3690
        3695
        3696
        3698
        3706
        3730
        3755
        3778
        3785
        3794
        3795
        3806
        3817
        3832
        3843
        3850
        3855
        3875
        3882
        3887
        3894
        3902
        3958
        3978
        4037
        4072
        4086
        4087
        4103
        4108
        4122
        4124
        4130
        4137
        4151
        4154
        4159
        4165
        4180
        4209
        4219
        4242
        4245
        4248
        4263
        4265
        4268
        4274
        4282
        4296
        4301
        4306
        4325
        4332
        4377
        4394
        4411
        4412
        4426
        4474
        4481
        4515
        4530
        4533
        4534
        4535
        4536
        4556
        4566
        4580
        4586
        4597
        4601
        4605
        4607
        4632
        4676
        4678
        4689
        4702
        4706
        4729
        4732
        4742
        4744
        4752
        4768
        4820
        4841
        4848
        4849
        4864
        4867
        4877
        4884
        4950
        5027
        5036
        5055
        5064
        5093
        5095
        5097
        5121
        5168
        5224
        5231
        5250
        5267
        5313
        5332
        5341
        5417
        5453
        5459
        5465
        5470
        5476
        5484
        5489
        5503
        5531
        5535
        5557
        5562
        5576
        5581
        5609
        5621
        5635
        5668
        5676
        5686
        5742
        5755
        5769
        5805
        5832
        5839
        5943
        5947
        5957
        5982
        6006
        6022
        6038
        6039
        6065
        6075
        6124
        6150
        6158
        6177
        6218
        6231
        6232
        6236
        6269
        6275
        6286
        6297
        6336
        6438
        6447
        6449
        6493
        6528
        6551
        6552
        6562
        6572
        6586
        6596
        6598
        6612
        6620
        6628
        6631
        6642
        6696
        6700
        6713
        6720
        6721
        6736
        6746
        6778
        6780
        6807
        6846
        6855
        6859
        6866
        6895
        6905
        6920
        6948
        6952
        6959
        6970
        6979
        6988
        6999
        7000
        7016
        7028
        7031
        7033
        7059
        7067
        7076
        7084
        7093
        7109
        7114
        7146
        7177
        7185
        7209
        7230
        7246
        7268
        7276
        7310
        7314
        7319
        7321
        7333
        7357
        7365
        7372
        7374
        7380
        7392
        7413
        7434
        7447
        7455
        7481
        7498
        7508
        7529
        7562
        7598
        7609
        7615
        7640
        7647
        7657
        7661
        7671
        7677
        7703
        7705
        7730
        7735
        7743
        7816
        7834
        7847
        7861
        7871
        7887
        7900
        7912
        7935
        7947
        7954
        7962
        7977
        7983
        8008
        8015
        8034
        8040
        8044
        8055
        8066
        8162
        8169
        8176
        8217
        8227
        8231
        8286
        8288
        8289
        8312
        8335
        8361
        8420
        8427
        8442
        8450
        8454
        8457
        8460
        8478
        8514
        8522
        8532
        8544
        8547
        8568
        8572
        8585
        8607
        8625
        8641
        8646
        8673
        8681
        8712
        8725
        8741
        8776
        8806
        8820
        8844
        8866
        8885
        8905
        8921
        8961
        8963
        8974
        8981
        8984
