        18
        31
        63
        70
        80
        83
        105
        158
        165
        174
        176
        185
        189
        217
        220
        225
        227
        242
        248
        257
        269
        307
        319
        352
        356
        372
        375
        388
        402
        412
        447
        480
        490
        505
        549
        566
        601
        621
        634
        640
        675
        692
        695
        712
        733
        747
        750
        757
        767
        796
        821
        847
        863
        874
        877
        916
        919
        992
        1001
        1031
        1045
        1065
        1100
        1112
        1131
        1132
        1133
        1152
        1172
        1186
        1190
        1199
        1218
        1221
        1226
        1230
        1241
        1251
        1252
        1258
        1283
        1331
        1346
        1347
        1350
        1358
        1396
        1397
        1432
        1442
        1465
        1473
        1526
        1540
        1607
        1626
        1632
        1666
        1677
        1679
        1700
        1728
        1761
        1778
        1807
        1817
        1820
        1823
        1831
        1847
        1859
        1861
        1863
        1871
        1876
        1880
        1909
        1917
        1927
        1944
        1947
        1952
        1975
        1979
        1984
        1998
        2019
        2030
        2047
        2103
        2115
        2116
        2130
        2148
        2152
        2170
        2180
        2188
        2196
        2217
        2223
        2225
        2235
        2236
        2256
        2263
        2274
        2297
        2323
        2333
        2336
        2401
        2404
        2409
        2417
        2426
        2429
        2435
        2447
        2454
        2459
        2486
        2489
        2520
        2523
        2526
        2539
        2543
        2551
        2554
        2576
        2578
        2589
        2598
        2607
        2611
        2615
        2618
        2633
        2634
        2640
        2655
        2660
        2683
        2699
        2713
        2727
        2733
        2736
        2743
        2755
        2760
        2765
        2766
        2774
        2797
        2802
        2803
        2816
        2845
        2857
        2860
        2866
        2873
        2879
        2888
        2891
        2896
        2910
        2918
        2930
        2940
        2947
        2957
        3022
        3143
        3158
        3241
        3288
        3328
        3362
        3368
        3400
        3429
        3501
        3526
        3535
        3557
        3581
        3604
        3610
        3622
        3641
        3654
        3666
        3684
        3743
        3778
        3804
        3806
        3834
        3859
        3930
        3942
        3945
        3950
        3951
        3965
        3969
        3980
        3987
        4000
        4034
        4058
        4077
        4081
        4095
        4106
        4149
        4155
        4179
        4186
        4234
        4250
        4252
        4272
        4280
        4305
        4313
        4314
        4332
        4347
        4356
        4360
        4380
        4402
        4416
        4430
        4461
        4503
        4509
        4515
        4552
        4561
        4565
        4566
        4570
        4571
        4585
        4607
        4619
        4621
        4634
        4641
        4663
        4665
        4733
        4746
        4749
        4755
        4770
        4782
        4805
        4842
        4852
        4870
        4899
        4954
        4965
        4985
        5000
        5019
        5051
        5057
        5077
        5103
        5107
        5117
        5123
        5137
        5168
        5172
        5179
        5196
        5204
        5226
        5227
        5233
        5247
        5252
        5257
        5264
        5270
        5275
        5282
        5305
        5311
        5320
        5348
        5352
        5370
        5404
        5414
        5420
        5436
        5462
        5469
        5477
        5482
        5489
        5490
        5528
        5536
        5588
        5590
        5611
        5633
        5638
        5643
        5666
        5714
        5722
        5733
        5755
        5792
        5804
        5820
        5830
        5847
        5863
        5866
        5874
        5894
        5914
        5917
        5931
        5970
        5982
        5989
        6009
        6022
        6030
        6099
        6104
        6105
        6132
        6145
        6151
        6184
        6204
        6206
        6228
        6250
        6259
        6270
        6284
        6333
        6366
        6370
        6391
        6465
        6469
        6479
        6526
        6532
        6547
        6558
        6602
        6626
        6658
        6706
        6733
        6737
        6798
        6841
        6850
        6864
        6865
        6879
        6899
        6902
        6906
        6913
        6928
        6945
        6952
        6965
        6970
        6984
        7009
        7051
        7106
        7115
        7180
        7190
        7192
        7206
        7219
        7226
        7240
        7256
        7259
        7262
        7284
        7399
        7403
        7454
        7497
        7501
        7503
        7513
        7543
        7547
        7553
        7563
        7573
        7578
        7594
        7597
        7599
        7629
        7636
        7651
        7659
        7700
        7702
        7723
        7733
        7737
        7752
        7798
        7808
        7825
        7831
        7838
        7860
        7888
        7894
        7898
        7904
        7960
        7963
        7966
        7972
        7983
        8000
        8009
        8017
        8025
        8045
        8067
        8082
        8135
        8156
        8162
        8170
        8195
        8200
        8248
        8287
        8291
        8305
        8310
        8326
        8353
        8356
        8365
        8368
        8376
        8391
        8401
        8408
        8420
        8468
        8470
        8476
        8491
        8511
        8520
        8533
        8541
        8581
        8583
        8614
        8616
        8619
        8642
        8660
        8665
        8670
        8693
        8696
        8703
        8739
        8760
        8762
        8775
        8840
        8841
        8852
        8857
        8859
        8876
        8883
        8905
        8914
        8917
        8923
        8926
        8928
        8946
        8948
        8960
        8974
        8986
