        6
        22
        25
        33
        71
        75
        92
        100
        126
        145
        169
        185
        194
        205
        213
        240
        250
        268
        315
        325
        329
        342
        360
        399
        442
        446
        463
        466
        471
        484
        494
        499
        511
        528
        532
        535
        551
        557
        559
        580
        608
        626
        631
        652
        658
        662
        682
        689
        712
        724
        730
        737
        744
        750
        760
        770
        786
        795
        798
        818
        819
        820
        824
        825
        836
        855
        865
        875
        885
        908
        912
        944
        971
        986
        990
        995
        1013
        1021
        1024
        1031
        1035
        1037
        1043
        1051
        1054
        1062
        1065
        1067
        1070
        1081
        1082
        1086
        1095
        1105
        1116
        1120
        1122
        1149
        1182
        1194
        1200
        1211
        1221
        1237
        1243
        1279
        1288
        1300
        1322
        1373
        1400
        1436
        1456
        1477
        1510
        1523
        1532
        1574
        1590
        1608
        1619
        1663
        1672
        1754
        1770
        1778
        1810
        1837
        1885
        1937
        1943
        1982
        1991
        2009
        2025
        2031
        2049
        2065
        2104
        2144
        2161
        2175
        2192
        2217
        2236
        2266
        2272
        2285
        2315
        2433
        2456
        2469
        2493
        2511
        2540
        2544
        2557
        2571
        2619
        2664
        2669
        2676
        2692
        2704
        2722
        2732
        2744
        2749
        2758
        2788
        2810
        2837
        2856
        2888
        2919
        2961
        2966
        3017
        3022
        3025
        3050
        3059
        3092
        3132
        3133
        3149
        3180
        3187
        3218
        3245
        3256
        3271
        3278
        3312
        3323
        3337
        3340
        3341
        3352
        3365
        3371
        3385
        3419
        3436
        3438
        3451
        3479
        3493
        3509
        3511
        3517
        3561
        3571
        3593
        3603
        3611
        3623
        3639
        3656
        3681
        3698
        3710
        3718
        3758
        3790
        3798
        3821
        3843
        3861
        3912
        3948
        3965
        3971
        4001
        4003
        4040
        4052
        4056
        4061
        4069
        4078
        4115
        4122
        4151
        4173
        4175
        4197
        4238
        4258
        4269
        4292
        4306
        4322
        4330
        4386
        4436
        4444
        4449
        4481
        4501
        4505
        4519
        4542
        4555
        4565
        4569
        4575
        4613
        4622
        4645
        4648
        4653
        4657
        4658
        4668
        4682
        4686
        4703
        4705
        4709
        4717
        4728
        4757
        4766
        4769
        4784
        4794
        4803
        4811
        4822
        4825
        4848
        4866
        4877
        4884
        4890
        4893
        4899
        4905
        4908
        4915
        4918
        4937
        4944
        4947
        4959
        4965
        4990
        5008
        5064
        5113
        5125
        5143
        5157
        5213
        5273
        5316
        5322
        5327
        5363
        5371
        5418
        5538
        5556
        5577
        5593
        5609
        5670
        5683
        5714
        5758
        5787
        5788
        5797
        5805
        5821
        5839
        5850
        5877
        5878
        5896
        5909
        5923
        5957
        5971
        6004
        6014
        6058
        6096
        6133
        6195
        6205
        6215
        6230
        6231
        6275
        6310
        6328
        6334
        6356
        6377
        6379
        6388
        6397
        6398
        6418
        6425
        6471
        6495
        6504
        6527
        6562
        6596
        6619
        6637
        6640
        6645
        6656
        6677
        6689
        6696
        6697
        6754
        6774
        6804
        6808
        6813
        6816
        6862
        6866
        6889
        6897
        6920
        6945
        6952
        6959
        6983
        6987
        7010
        7043
        7073
        7092
        7118
        7148
        7176
        7180
        7195
        7232
        7245
        7277
        7321
        7330
        7371
        7403
        7404
        7412
        7430
        7437
        7464
        7482
        7510
        7548
        7553
        7582
        7593
        7625
        7645
        7658
        7682
        7685
        7690
        7703
        7706
        7738
        7739
        7742
        7760
        7773
        7788
        7822
        7835
        7846
        7877
        7890
        7899
        7909
        7919
        7926
        7936
        7949
        7952
        7956
        7960
        7964
        7968
        7969
        7974
        7978
        7984
        7985
        8033
        8040
        8043
        8045
        8052
        8079
        8103
        8116
        8125
        8136
        8138
        8148
        8149
        8158
        8161
        8165
        8198
        8204
        8214
        8220
        8227
        8230
        8234
        8271
        8296
        8301
        8304
        8306
        8344
        8350
        8355
        8364
        8367
        8379
        8392
        8418
        8427
        8440
        8447
        8453
        8458
        8460
        8473
        8479
        8485
        8502
        8516
        8527
        8549
        8555
        8564
        8601
        8616
        8655
        8673
        8770
        8786
        8792
        8798
        8869
        8961
