        33
        38
        55
        67
        83
        88
        128
        136
        158
        200
        202
        240
        257
        277
        310
        332
        350
        352
        353
        360
        376
        390
        428
        438
        478
        506
        529
        567
        629
        630
        656
        662
        686
        697
        713
        755
        814
        887
        900
        913
        939
        963
        1028
        1033
        1082
        1141
        1150
        1208
        1227
        1262
        1309
        1344
        1365
        1381
        1388
        1408
        1412
        1415
        1435
        1485
        1497
        1514
        1563
        1568
        1592
        1670
        1695
        1727
        1733
        1743
        1766
        1772
        1826
        1844
        1851
        1852
        1936
        1954
        2040
        2081
        2105
        2113
        2175
        2221
        2223
        2273
        2278
        2282
        2316
        2325
        2339
        2349
        2364
        2474
        2493
        2506
        2516
        2558
        2564
        2566
        2569
        2574
        2610
        2654
        2673
        2679
        2690
        2696
        2710
        2723
        2743
        2744
        2793
        2813
        2818
        2884
        2894
        2916
        2921
        2927
        2936
        2937
        2961
        2969
        2994
        3016
        3046
        3051
        3057
        3071
        3085
        3109
        3134
        3172
        3178
        3189
        3193
        3208
        3219
        3221
        3226
        3233
        3239
        3259
        3285
        3295
        3325
        3333
        3338
        3358
        3366
        3375
        3393
        3395
        3404
        3415
        3420
        3423
        3436
        3445
        3491
        3493
        3499
        3512
        3515
        3518
        3519
        3520
        3521
        3525
        3527
        3530
        3535
        3539
        3578
        3590
        3594
        3609
        3651
        3663
        3696
        3768
        3818
        3833
        3843
        3898
        3912
        3920
        3933
        3943
        3947
        3957
        3969
        3980
        4048
        4054
        4063
        4098
        4105
        4109
        4181
        4244
        4336
        4369
        4467
        4535
        4564
        4623
        4641
        4662
        4671
        4695
        4697
