        21
        74
        125
        130
        133
        145
        150
        151
        153
        157
        160
        163
        171
        175
        177
        178
        187
        192
        197
        207
        259
        272
        279
        360
        433
        438
        450
        470
        474
        484
        492
        500
        504
        510
        514
        522
        524
        538
        544
        562
        572
        577
        582
        584
        589
        595
        596
        597
        600
        616
        618
        624
        625
        637
        647
        651
        664
        679
        680
        690
        699
        700
        720
        739
        770
        774
        782
        794
        803
        809
        817
        860
        862
        864
        882
        895
        919
        938
        941
        948
        952
        961
        962
        968
        980
        993
        1007
        1017
        1018
        1019
        1025
        1036
        1038
        1047
        1051
        1054
        1063
        1072
        1077
        1079
        1082
        1083
        1088
        1109
        1136
        1146
        1151
        1152
        1159
        1160
        1161
        1176
        1189
        1195
        1198
        1202
        1208
        1211
        1227
        1229
        1233
        1247
        1250
        1255
        1259
        1262
        1265
        1273
        1281
        1285
        1315
        1320
        1326
        1328
        1343
        1360
        1362
        1383
        1387
        1394
        1396
        1400
        1406
        1410
        1413
        1416
        1426
        1435
        1436
        1444
        1465
        1472
        1476
        1485
        1487
        1496
        1499
        1507
        1516
        1519
        1524
        1525
        1528
        1542
        1560
        1563
        1565
        1569
        1574
        1582
        1596
        1602
        1604
        1609
        1610
        1619
        1626
        1627
        1632
        1633
        1638
        1647
        1655
        1656
        1662
        1666
        1673
        1687
        1704
        1706
        1711
        1714
        1719
        1721
        1726
        1730
        1740
        1757
        1760
        1764
        1771
        1779
        1783
        1794
        1805
        1822
        1830
        1831
        1833
        1842
        1851
        1862
        1867
        1875
        1927
        1928
        1930
        1936
        1943
        1951
        1961
        1963
        1966
        1970
        1983
        1987
        1996
        2000
        2048
        2049
        2061
        2062
        2064
        2081
        2082
        2083
        2089
        2091
        2099
        2105
        2110
        2112
        2122
        2123
        2130
        2137
        2138
        2151
        2154
        2157
        2158
        2159
        2164
        2169
        2176
        2187
        2188
        2199
        2224
        2228
        2231
        2237
        2240
        2246
        2247
        2268
        2273
        2276
        2277
        2288
        2300
        2303
        2306
        2311
        2329
        2341
        2354
        2358
        2381
        2393
        2398
        2409
        2410
        2416
        2417
        2423
        2427
        2428
        2439
        2448
        2450
        2458
        2463
        2466
        2472
        2473
        2474
        2475
        2476
        2477
        2479
        2480
        2483
        2486
        2487
        2490
        2499
        2509
        2510
        2513
        2528
        2532
        2533
        2536
        2543
        2554
        2555
        2586
        2594
        2595
        2603
        2612
        2620
        2621
        2626
        2642
        2646
        2648
        2649
        2659
        2664
        2672
        2692
        2699
        2704
        2705
        2707
        2713
        2727
        2740
        2747
        2752
        2757
        2759
        2762
        2765
        2770
        2775
        2787
        2790
        2800
        2804
        2809
        2817
        2823
        2831
        2833
        2838
        2841
        2850
        2851
        2862
        2866
        2867
        2874
        2878
        2887
        2888
        2890
        2897
        2911
        2918
        2919
        2923
        2933
        2935
        2943
        2960
        2967
        2972
        2973
        2975
        2978
        2980
        2984
        2992
        2993
        2994
        2996
        2997
        2998
        3014
        3026
        3036
        3051
        3053
        3055
        3058
        3065
        3066
        3070
        3079
        3090
        3103
        3113
        3122
        3123
        3132
        3137
        3149
        3154
        3156
        3159
        3160
        3161
        3164
        3176
        3180
        3182
        3187
        3193
        3199
        3213
        3215
        3220
        3229
        3235
        3246
        3258
        3261
        3266
        3279
        3284
        3295
        3296
        3299
        3301
        3306
        3312
        3313
        3316
        3321
        3325
        3329
        3331
        3332
        3335
        3336
        3339
        3341
        3343
        3346
        3348
        3357
        3358
        3361
        3380
        3385
        3389
        3394
        3396
        3397
        3402
        3404
        3406
        3407
        3412
        3418
        3420
        3435
        3436
        3463
        3471
        3479
        3481
        3483
        3495
        3501
        3510
        3520
        3531
        3533
        3536
        3540
        3545
        3558
        3565
        3568
        3569
        3574
        3583
        3584
        3586
        3596
        3597
        3604
        3614
        3621
        3630
        3641
        3654
        3660
        3662
        3681
        3692
        3703
        3718
        3720
        3724
        3729
        3742
        3749
        3759
        3766
        3770
        3789
        3805
        3807
        3823
        3824
        3829
        3833
        3836
        3843
        3851
        3852
        3857
        3862
        3877
        3886
        3887
        3889
        3891
        3895
        3900
        3904
        3906
        3910
        3919
        3920
        3921
        3923
        3926
        3934
        3936
        3945
        3950
        3955
        3972
        3973
        3979
        3986
        3991
        3996
        4010
        4031
        4034
        4037
        4045
        4059
        4068
        4082
        4088
        4099
        4116
        4117
        4119
        4120
        4122
        4128
        4133
        4141
        4142
        4147
        4148
        4157
        4159
        4162
        4164
        4176
        4189
        4205
        4216
        4224
        4226
        4232
        4241
        4254
        4262
        4278
        4290
        4294
        4307
        4316
        4323
        4326
        4331
        4337
        4339
        4343
        4352
        4366
        4371
        4376
        4388
        4392
        4394
        4401
        4403
        4405
        4421
        4441
        4444
        4446
        4453
        4457
        4458
        4472
        4479
        4480
        4487
        4508
        4511
        4514
        4519
        4526
        4558
        4563
        4569
        4574
        4577
        4593
        4596
        4600
        4607
        4615
        4620
        4627
        4646
        4654
        4675
        4676
        4677
        4680
        4696
        4701
        4712
        4716
        4718
        4723
        4730
        4735
        4742
        4766
        4772
        4782
        4797
        4802
        4815
        4831
        4874
        4881
        4887
        4888
        4900
        4904
        4922
        4923
        4929
        4930
        4943
        4944
        4949
        4950
        4962
        4963
        4973
        4988
        5003
        5015
        5017
        5031
        5036
        5053
        5056
        5059
        5060
        5072
        5079
        5082
        5088
        5110
        5119
        5122
        5135
        5148
        5168
        5179
        5181
        5182
        5192
        5204
        5215
        5229
        5248
        5249
        5252
        5264
        5266
        5291
        5296
        5297
        5309
        5316
        5320
        5325
        5328
        5333
        5340
        5343
        5344
        5350
        5352
        5353
        5363
        5365
        5366
        5374
        5377
        5395
        5401
        5408
        5415
        5443
        5445
        5457
        5470
        5475
        5485
        5490
        5495
        5500
        5511
        5515
        5528
        5529
        5530
        5537
        5538
        5546
        5551
        5560
        5564
        5567
        5580
        5596
        5604
        5614
        5621
        5635
        5650
        5661
        5665
        5669
        5678
        5691
        5692
        5697
        5699
        5701
        5704
        5705
        5709
        5711
        5719
        5737
        5738
        5744
        5745
        5747
        5748
        5749
        5755
        5757
        5782
        5802
        5808
        5814
        5815
        5836
        5837
        5848
        5849
        5855
        5856
        5857
        5858
        5863
        5870
        5872
        5878
        5882
        5904
        5907
        5919
        5921
        5924
        5927
        5935
        5936
        5937
        5939
        5954
        5957
        5962
        5968
        5976
        5985
        5994
        5997
        6013
        6017
        6019
        6025
        6031
        6036
        6044
        6072
        6077
        6082
        6087
        6096
        6104
        6110
        6120
        6123
        6133
        6155
        6159
        6160
        6176
        6178
        6180
        6181
        6183
        6185
        6192
        6197
        6200
        6206
        6209
        6225
        6232
        6238
        6256
        6262
        6266
        6282
        6286
        6292
        6328
        6335
        6348
        6364
        6365
        6381
        6391
        6397
        6407
        6412
        6429
        6434
        6437
        6445
        6449
        6450
        6451
        6453
        6457
        6467
        6477
        6483
        6487
        6497
        6510
        6518
        6529
        6530
        6533
        6548
        6555
        6571
        6586
        6588
        6593
        6595
        6617
        6620
        6634
        6654
        6655
        6659
        6673
        6677
        6683
        6689
        6691
        6694
        6712
        6716
        6727
        6740
        6750
        6752
        6765
        6769
        6770
        6775
        6786
        6788
        6793
        6799
        6821
        6825
        6828
        6834
        6840
        6848
        6861
        6862
        6863
        6871
        6873
        6882
        6884
        6895
        6908
        6915
        6926
        6927
        6931
        6943
        6948
        6953
        6955
        6957
        6960
        6984
        6998
        7001
        7005
        7012
        7018
        7021
        7028
        7032
        7033
        7035
        7038
        7045
        7051
        7059
        7060
        7069
        7072
        7073
        7084
        7092
        7098
        7107
        7135
        7143
        7151
        7163
        7170
        7173
        7193
        7209
        7230
        7241
        7247
        7257
        7266
        7270
        7277
        7278
        7283
        7288
        7290
        7291
        7293
        7301
        7308
        7313
        7328
        7335
        7337
        7349
        7367
        7378
        7380
        7384
        7392
        7394
        7396
        7398
        7401
        7404
        7409
        7413
        7418
        7424
        7427
        7437
        7438
        7442
        7449
        7457
        7475
        7483
        7491
        7492
        7498
        7501
        7502
        7508
        7517
        7531
        7546
        7552
        7570
        7571
        7572
        7573
        7579
        7583
        7585
        7596
        7605
        7618
        7631
        7638
        7653
        7657
        7661
        7662
        7665
        7666
        7673
        7678
        7684
        7706
        7708
        7734
        7737
        7771
        7779
        7782
        7791
        7793
        7794
        7798
        7803
        7814
        7817
        7825
        7841
        7845
        7854
        7874
        7876
        7878
        7879
        7888
        7889
        7891
        7895
        7900
        7905
        7908
        7911
        7918
        7925
        7929
        7949
        7960
        7978
        7992
        7993
        7995
        7998
        8004
        8016
        8024
        8025
        8029
        8034
        8042
        8064
        8075
        8090
        8097
        8108
        8109
        8111
        8123
        8128
        8137
        8155
        8157
        8166
        8170
        8175
        8179
        8187
        8198
        8212
        8214
        8217
        8226
        8231
        8242
        8249
        8252
        8254
        8278
        8280
        8284
        8289
        8296
        8299
        8306
        8316
        8325
        8342
        8344
        8350
        8376
        8398
        8401
        8416
        8426
        8435
        8439
        8442
        8465
        8471
        8472
        8484
        8493
        8505
        8507
        8510
        8515
        8519
        8523
        8530
        8535
        8544
        8552
        8557
        8579
        8584
        8604
        8608
        8611
        8617
        8638
        8640
        8641
        8674
        8682
        8684
        8690
        8698
        8703
        8710
        8720
        8726
        8742
        8758
        8760
        8765
        8779
        8793
        8806
        8808
        8809
        8822
        8834
        8857
        8861
        8883
        8895
        8922
        8929
        8930
        8931
        8936
        8937
        8938
        8941
        8947
        8953
        8964
        8972
        8985
        8989
        8997
        8998
