        263
        413
        417
        418
        420
        452
        454
        456
        459
        463
        466
        477
        480
        486
        488
        497
        501
        504
        510
        513
        514
        548
        559
        569
        582
        599
        601
        616
        639
        652
        661
        670
        676
        711
        714
        721
        758
        762
        765
        773
        778
        783
        784
        792
        806
        807
        831
        848
        855
        882
        895
        898
        899
        907
        913
        924
        929
        933
        943
        958
        969
        975
        1002
        1009
        1012
        1019
        1020
        1023
        1031
        1042
        1043
        1047
        1067
        1068
        1077
        1085
        1111
        1115
        1118
        1131
        1135
        1139
        1149
        1164
        1185
        1187
        1192
        1224
        1233
        1241
        1244
        1246
        1254
        1255
        1291
        1298
        1301
        1304
        1309
        1315
        1327
        1340
        1343
        1347
        1355
        1360
        1369
        1397
        1398
        1434
        1445
        1449
        1453
        1458
        1472
        1474
        1483
        1489
        1498
        1513
        1526
        1546
        1551
        1556
        1565
        1578
        1579
        1596
        1616
        1617
        1622
        1624
        1638
        1648
        1649
        1659
        1662
        1684
        1687
        1710
        1716
        1746
        1759
        1771
        1777
        1779
        1780
        1790
        1803
        1821
        1840
        1884
        1896
        1909
        1933
        1937
        1952
        1961
        1972
        1974
        1984
        2001
        2048
        2057
        2066
        2084
        2094
        2108
        2114
        2122
        2141
        2173
        2174
        2179
        2186
        2188
        2192
        2195
        2197
        2198
        2213
        2216
        2244
        2260
        2268
        2296
        2297
        2325
        2331
        2364
        2369
        2385
        2390
        2405
        2415
        2420
        2463
        2475
        2477
        2516
        2538
        2560
        2593
        2615
        2620
        2623
        2635
        2646
        2693
        2704
        2712
        2719
        2734
        2737
        2738
        2755
        2761
        2774
        2790
        2795
        2800
        2804
        2813
        2818
        2820
        2822
        2830
        2837
        2870
        2878
        2883
        2894
        2899
        2906
        2914
        2924
        2931
        2947
        2952
        2956
        2990
        2991
        2994
        2996
        3000
        3004
        3010
        3014
        3015
        3023
        3030
        3067
        3070
        3073
        3085
        3092
        3098
        3100
        3108
        3116
        3118
        3125
        3135
        3140
        3143
        3150
        3152
        3154
        3158
        3163
        3172
        3184
        3198
        3222
        3247
        3249
        3277
        3284
        3306
        3312
        3342
        3359
        3361
        3371
        3384
        3391
        3394
        3396
        3408
        3420
        3437
        3441
        3465
        3486
        3487
        3491
        3496
        3503
        3506
        3508
        3511
        3543
        3554
        3559
        3571
        3587
        3603
        3604
        3608
        3611
        3621
        3657
        3676
        3684
        3692
        3709
        3714
        3724
        3732
        3758
        3786
        3797
        3808
        3812
        3820
        3836
        3839
        3859
        3873
        3895
        3923
        3924
        3926
        3936
        3938
        3942
        3953
        3956
        3965
        3967
        3968
        3971
        3972
        3973
        3978
        3981
        3985
        3988
        3993
        3999
        4017
        4020
        4037
        4038
        4049
        4063
        4065
        4072
        4074
        4078
        4079
        4100
        4108
        4109
        4115
        4119
        4123
        4125
        4136
        4143
        4147
        4165
        4177
        4184
        4201
        4205
        4212
        4220
        4223
        4226
        4237
        4258
        4269
        4286
        4287
        4296
        4298
        4301
        4318
        4346
        4349
        4350
        4365
        4367
        4369
        4373
        4376
        4381
        4389
        4398
        4424
        4430
        4440
        4446
        4458
        4466
        4467
        4469
        4480
        4490
        4529
        4531
        4549
        4555
        4561
        4565
        4575
        4604
        4658
        4661
        4675
        4696
        4731
        4752
        4760
        4765
        4781
        4812
        4825
        4836
        4844
        4855
        4860
        4874
        4881
        4886
        4891
        4896
        4900
        4904
        4921
        4941
        4942
        4957
        4962
        4968
        4969
        4982
        4996
        5013
        5018
        5049
        5058
        5061
        5064
        5071
        5073
        5076
        5109
        5114
        5127
        5132
        5144
        5153
        5173
        5185
        5195
        5202
        5203
        5222
        5227
        5242
        5246
        5255
        5267
        5276
        5279
        5295
        5298
        5304
        5309
        5313
        5338
        5355
        5358
        5366
        5371
        5392
        5393
        5394
        5414
        5418
        5420
        5429
        5430
        5433
        5441
        5447
        5451
        5456
        5460
        5491
        5499
        5507
        5515
        5517
        5552
        5558
        5570
        5576
        5592
        5607
        5614
        5620
        5657
        5668
        5679
        5680
        5702
        5718
        5723
        5744
        5748
        5757
        5769
        5770
        5800
        5814
        5816
        5819
        5822
        5827
        5854
        5865
        5886
        5889
        5890
        5896
        5912
        5922
        5937
        5947
        5948
        5949
        5954
        5966
        5977
        5978
        5991
        5996
        6037
        6069
        6089
        6096
        6098
        6104
        6162
        6238
        6239
        6242
        6243
        6444
        6445
        6446
        6448
        6451
        6456
        6470
        6473
        6474
        6476
        6479
        6484
        6486
        6505
        6506
        6508
        6512
        6516
        6517
        6520
        6521
        6524
        6538
        6542
        6544
        6547
        6554
        6559
        6580
        6590
        6602
        6608
        6611
        6637
        6638
        6639
        6654
        6655
        6656
        6660
        6668
        6673
        6676
        6683
        6700
        6722
        6723
        6735
        6743
        6746
        6792
        6813
        6816
        6822
        6823
        6824
        6843
        6856
        6860
        6871
        6895
        6898
        6909
        6912
        6925
        6926
        6931
        6952
        6980
        6981
        6991
        6994
        6995
        7007
        7021
        7028
        7034
        7038
        7040
        7057
        7077
        7094
        7097
        7111
        7113
        7128
        7138
        7140
        7182
        7184
        7192
        7194
        7195
        7197
        7199
        7203
        7207
        7208
        7216
        7220
        7228
        7236
        7250
        7260
        7267
        7276
        7289
        7312
        7316
        7319
        7320
        7366
        7379
        7382
        7421
        7424
        7445
        7448
        7450
        7453
        7466
        7489
        7504
        7524
        7526
        7533
        7537
        7542
        7549
        7553
        7596
        7608
        7616
        7622
        7640
        7656
        7686
        7714
        7722
        7743
        7757
        7764
        7767
        7771
        7772
        7792
        7793
        7814
        7834
        7840
        7844
        7855
        7857
        7899
        7922
        7932
        7953
        7967
        7970
        7972
        7974
        7976
        7978
        7979
        7980
        7989
        8011
        8017
        8021
        8024
        8035
        8043
        8047
        8051
        8057
        8064
        8071
        8107
        8113
        8122
        8123
        8124
        8127
        8132
        8135
        8143
        8180
        8182
        8191
        8199
        8200
        8213
        8226
        8230
        8231
        8239
        8240
        8257
        8284
        8287
        8289
        8313
        8323
        8326
        8333
        8338
        8343
        8368
        8372
        8376
        8381
        8408
        8413
        8425
        8438
        8442
        8446
        8447
        8453
        8462
        8469
        8481
        8496
        8510
        8520
        8533
        8553
        8560
        8566
        8575
        8582
        8600
        8607
        8612
        8632
        8634
        8667
        8673
        8686
        8699
        8709
        8711
        8728
        8734
        8737
        8745
        8746
        8747
        8758
        8763
        8767
        8798
        8804
        8815
        8818
        8826
        8831
        8839
        8851
        8855
        8856
        8870
        8884
        8907
        8919
        8929
        8936
        8957
        8960
        8964
        8968
        8973
        8975
        8985
        8987
        8991
