        18
        28
        29
        30
        33
        44
        50
        57
        66
        76
        106
        119
        122
        124
        127
        129
        137
        144
        145
        155
        156
        157
        158
        168
        171
        176
        179
        190
        197
        208
        211
        216
        218
        225
        233
        237
        252
        257
        263
        286
        340
        344
        346
        349
        382
        410
        412
        413
        421
        449
        462
        464
        488
        503
        515
        523
        526
        543
        555
        580
        587
        596
        602
        605
        608
        628
        638
        643
        663
        672
        686
        694
        697
        716
        734
        735
        744
        753
        756
        757
        759
        761
        763
        764
        765
        767
        776
        778
        784
        789
        792
        803
        809
        827
        833
        837
        839
        845
        887
        900
        902
        906
        912
        922
        933
        940
        950
        957
        967
        973
        980
        995
        998
        999
        1006
        1009
        1015
        1019
        1026
        1030
        1059
        1061
        1083
        1093
        1099
        1118
        1128
        1133
        1137
        1141
        1149
        1151
        1169
        1200
        1218
        1220
        1228
        1248
        1249
        1251
        1270
        1293
        1308
        1322
        1354
        1387
        1389
        1436
        1438
        1439
        1445
        1450
        1462
        1465
        1470
        1476
        1477
        1479
        1484
        1486
        1500
        1503
        1507
        1510
        1514
        1533
        1539
        1569
        1571
        1602
        1604
        1605
        1629
        1635
        1642
        1652
        1653
        1662
        1700
        1703
        1708
        1713
        1718
        1733
        1734
        1755
        1760
        1771
        1783
        1802
        1812
        1847
        1854
        1858
        1895
        1899
        1902
        1913
        1925
        1927
        1941
        1942
        1949
        1952
        1955
        1960
        1970
        1973
        1982
        2008
        2011
        2018
        2041
        2069
        2077
        2100
        2101
        2103
        2125
        2146
        2147
        2182
        2188
        2190
        2193
        2211
        2225
        2240
        2245
        2247
        2248
        2249
        2266
        2269
        2291
        2302
        2308
        2329
        2333
        2353
        2361
        2368
        2372
        2373
        2384
        2388
        2396
        2400
        2408
        2410
        2413
        2420
        2421
        2425
        2429
        2435
        2438
        2444
        2447
        2464
        2467
        2470
        2478
        2480
        2487
        2489
        2497
        2510
        2514
        2536
        2539
        2541
        2553
        2564
        2565
        2576
        2584
        2607
        2612
        2621
        2631
        2637
        2664
        2666
        2670
        2673
        2676
        2691
        2697
        2704
        2736
        2738
        2740
        2743
        2756
        2769
        2771
        2772
        2780
        2796
        2797
        2821
        2845
        2858
        2859
        2861
        2862
        2867
        2875
        2880
        2886
        2892
        2916
        2932
        2946
        2954
        2962
        2978
        3003
        3020
        3035
        3045
        3047
        3052
        3053
        3070
        3082
        3103
        3105
        3109
        3112
        3116
        3124
        3129
        3130
        3151
        3164
        3167
        3198
        3202
        3208
        3245
        3249
        3286
        3289
        3305
        3320
        3336
        3341
        3361
        3368
        3395
        3397
        3407
        3412
        3414
        3448
        3463
        3479
        3487
        3488
        3490
        3491
        3492
        3497
        3510
        3514
        3520
        3532
        3538
        3544
        3547
        3551
        3564
        3569
        3571
        3574
        3578
        3584
        3595
        3597
        3602
        3604
        3624
        3632
        3635
        3637
        3638
        3657
        3664
        3666
        3689
        3702
        3709
        3718
        3720
        3726
        3736
        3738
        3739
        3740
        3756
        3777
        3781
        3794
        3800
        3808
        3812
        3817
        3828
        3838
        3845
        3848
        3877
        3892
        3899
        3901
        3916
        3934
        3951
        3961
        3967
        3970
        3983
        3984
        3990
        4012
        4025
        4029
        4040
        4042
        4057
        4061
        4064
        4069
        4096
        4115
        4128
        4162
        4171
        4174
        4183
        4187
        4206
        4209
        4225
        4229
        4238
        4260
        4265
        4266
        4267
        4268
        4269
        4270
        4298
        4309
        4313
        4322
        4325
        4334
        4351
        4371
        4377
        4409
        4434
        4436
        4459
        4463
        4471
        4479
        4483
        4484
        4500
        4507
        4510
        4514
        4529
        4534
        4547
        4550
        4551
        4561
        4563
        4570
        4581
        4595
        4598
        4618
        4635
        4639
        4653
        4673
        4683
        4693
        4702
        4704
        4708
        4712
        4730
        4732
        4746
        4751
        4753
        4785
        4788
        4797
        4801
        4803
        4805
        4816
        4819
        4842
        4845
        4874
        4889
        4903
        4906
        4909
        4910
        4919
        4922
        4925
        4938
        4939
        4947
        4974
        4990
        5019
        5022
        5031
        5083
        5085
        5107
        5108
        5116
        5118
        5123
        5132
        5138
        5143
        5145
        5152
        5155
        5170
        5173
        5180
        5184
        5185
        5189
        5195
        5203
        5220
        5227
        5233
        5245
        5248
        5263
        5282
        5283
        5290
        5314
        5325
        5336
        5374
        5393
        5394
        5400
        5443
        5448
        5466
        5504
        5517
        5527
        5535
        5555
        5556
        5562
        5567
        5570
        5588
        5594
        5602
        5604
        5611
        5613
        5622
        5626
        5643
        5652
        5653
        5662
        5669
        5679
        5693
        5731
        5748
        5751
        5753
        5777
        5783
        5787
        5816
        5830
        5834
        5838
        5848
        5874
        5930
        5939
        5941
        5953
        5971
        5972
        5987
        5995
        5998
        6011
        6014
        6015
        6021
        6028
        6034
        6042
        6058
        6066
        6086
        6102
        6107
        6115
        6123
        6133
        6147
        6153
        6174
        6176
        6179
        6183
        6184
        6195
        6200
        6213
        6215
        6220
        6237
        6249
        6252
        6259
        6260
        6279
        6293
        6300
        6306
        6314
        6317
        6334
        6352
        6358
        6365
        6385
        6387
        6413
        6417
        6419
        6435
        6460
        6465
        6481
        6499
        6523
        6525
        6537
        6541
        6551
        6553
        6567
        6609
        6613
        6628
        6642
        6648
        6653
        6674
        6677
        6685
        6687
        6690
        6694
        6701
        6705
        6709
        6719
        6723
        6724
        6737
        6740
        6754
        6773
        6774
        6775
        6776
        6778
        6792
        6821
        6826
        6846
        6856
        6857
        6861
        6871
        6875
        6900
        6901
        6902
        6926
        6935
        6939
        6951
        6958
        6959
        6962
        6971
        6974
        6986
        6989
        7012
        7035
        7044
        7058
        7059
        7062
        7076
        7096
        7101
        7103
        7145
        7155
        7157
        7160
        7172
        7177
        7186
        7188
        7198
        7202
        7213
        7226
        7233
        7254
        7259
        7261
        7268
        7271
        7276
        7283
        7304
        7312
        7321
        7329
        7341
        7345
        7351
        7357
        7362
        7366
        7373
        7386
        7400
        7401
        7419
        7420
        7437
        7439
        7440
        7444
        7448
        7450
        7451
        7457
        7461
        7467
        7473
        7478
        7480
        7485
        7493
        7498
        7508
        7521
        7538
        7549
        7559
        7575
        7579
        7583
        7591
        7599
        7601
        7604
        7610
        7612
        7620
        7632
        7636
        7646
        7652
        7657
        7668
        7678
        7688
        7691
        7698
        7704
        7715
        7729
        7752
        7763
        7777
        7784
        7790
        7796
        7803
        7808
        7827
        7831
        7847
        7868
        7880
        7888
        7905
        7910
        7917
        7918
        7924
        7930
        7934
        7964
        7971
        7973
        7987
        7991
        8014
        8028
        8037
        8043
        8059
        8060
        8063
        8068
        8082
        8084
        8093
        8097
        8107
        8117
        8119
        8124
        8128
        8139
        8150
        8151
        8154
        8155
        8157
        8160
        8170
        8171
        8178
        8192
        8216
        8243
        8256
        8258
        8267
        8280
        8281
        8282
        8304
        8314
        8335
        8349
        8351
        8352
        8353
        8357
        8366
        8371
        8377
        8385
        8395
        8399
        8444
        8457
        8459
        8464
        8467
        8477
        8480
        8507
        8509
        8536
        8539
        8541
        8546
        8571
        8581
        8588
        8589
        8591
        8593
        8596
        8606
        8607
        8622
        8630
        8651
        8668
        8669
        8683
        8689
        8690
        8695
        8719
        8726
        8729
        8733
        8743
        8747
        8751
        8754
        8757
        8762
        8765
        8766
        8768
        8774
        8777
        8780
        8787
        8800
        8807
        8821
        8838
        8843
        8845
        8849
        8852
        8855
        8863
        8875
        8898
        8909
        8912
        8919
        8923
        8935
        8980
        8988
