        4
        27
        33
        43
        51
        58
        72
        73
        99
        102
        103
        117
        118
        130
        132
        139
        155
        187
        196
        209
        216
        227
        229
        239
        243
        248
        252
        274
        281
        295
        296
        297
        298
        299
        302
        306
        315
        335
        339
        344
        350
        357
        368
        415
        420
        422
        449
        457
        465
        466
        467
        510
        511
        515
        528
        531
        534
        535
        540
        555
        559
        578
        583
        729
        954
        956
        957
        961
        970
        972
        977
        986
        987
        988
        989
        990
        992
        995
        997
        1000
        1001
        1004
        1012
        1022
        1037
        1040
        1041
        1044
        1048
        1052
        1065
        1072
        1074
        1080
        1081
        1084
        1098
        1101
        1109
        1114
        1125
        1130
        1141
        1149
        1163
        1164
        1167
        1174
        1187
        1189
        1190
        1201
        1202
        1214
        1217
        1223
        1225
        1226
        1228
        1265
        1272
        1281
        1282
        1287
        1333
        1338
        1367
        1386
        1396
        1408
        1421
        1447
        1453
        1454
        1470
        1489
        1497
        1508
        1517
        1526
        1542
        1543
        1554
        1558
        1562
        1568
        1580
        1609
        1613
        1615
        1621
        1622
        1627
        1653
        1675
        1683
        1695
        1726
        1730
        1741
        1742
        1756
        1758
        1759
        1760
        1766
        1769
        1776
        1800
        1824
        1826
        1833
        1849
        1862
        1866
        1872
        1878
        1881
        1901
        1902
        1910
        1928
        1933
        1938
        1959
        1973
        1980
        1989
        1994
        2013
        2014
        2017
        2018
        2043
        2044
        2050
        2051
        2057
        2077
        2081
        2091
        2095
        2106
        2112
        2122
        2133
        2141
        2142
        2155
        2179
        2182
        2186
        2199
        2201
        2203
        2208
        2210
        2215
        2227
        2231
        2235
        2241
        2246
        2255
        2272
        2300
        2305
        2327
        2347
        2352
        2355
        2359
        2362
        2386
        2390
        2405
        2411
        2430
        2431
        2433
        2442
        2453
        2457
        2474
        2475
        2479
        2483
        2488
        2510
        2515
        2517
        2521
        2534
        2550
        2556
        2565
        2570
        2579
        2580
        2589
        2606
        2634
        2640
        2670
        2678
        2679
        2684
        2685
        2694
        2703
        2718
        2727
        2729
        2740
        2749
        2754
        2756
        2763
        2769
        2785
        2816
        2823
        2828
        2829
        2830
        2847
        2868
        2876
        2878
        2880
        2885
        2886
        2897
        2904
        2938
        2947
        2953
        2972
        2978
        2985
        2988
        2996
        3016
        3020
        3023
        3028
        3035
        3058
        3072
        3087
        3103
        3105
        3110
        3112
        3125
        3142
        3154
        3163
        3201
        3202
        3207
        3217
        3225
        3227
        3231
        3238
        3253
        3254
        3260
        3265
        3267
        3275
        3279
        3284
        3293
        3296
        3298
        3305
        3326
        3338
        3362
        3366
        3372
        3382
        3387
        3390
        3392
        3395
        3404
        3414
        3425
        3444
        3454
        3457
        3473
        3492
        3497
        3512
        3539
        3553
        3570
        3574
        3576
        3578
        3579
        3585
        3587
        3592
        3612
        3639
        3656
        3663
        3669
        3674
        3678
        3680
        3681
        3689
        3690
        3703
        3737
        3739
        3742
        3752
        3762
        3763
        3783
        3798
        3799
        3802
        3804
        3808
        3811
        3817
        3819
        3834
        3846
        3852
        3867
        3870
        3880
        3887
        3908
        3912
        3918
        3942
        3950
        3975
        3979
        3980
        3986
        4014
        4016
        4017
        4022
        4031
        4050
        4053
        4055
        4057
        4063
        4072
        4077
        4081
        4082
        4101
        4103
        4110
        4123
        4133
        4142
        4144
        4151
        4156
        4167
        4174
        4181
        4183
        4184
        4198
        4215
        4224
        4233
        4253
        4256
        4263
        4272
        4273
        4281
        4285
        4302
        4308
        4313
        4314
        4324
        4331
        4335
        4355
        4365
        4393
        4399
        4401
        4417
        4418
        4437
        4438
        4444
        4481
        4495
        4509
        4521
        4538
        4563
        4564
        4569
        4574
        4577
        4585
        4588
        4617
        4623
        4634
        4638
        4643
        4646
        4651
        4657
        4667
        4676
        4678
        4684
        4687
        4694
        4700
        4713
        4746
        4756
        4759
        4761
        4763
        4765
        4767
        4771
        4785
        4788
        4804
        4805
        4815
        4819
        4827
        4829
        4841
        4866
        4869
        4881
        4885
        4889
        4898
        4899
        4916
        4917
        4924
        4933
        4941
        4944
        4957
        4958
        4976
        4995
        4996
        5022
        5055
        5079
        5085
        5088
        5089
        5091
        5094
        5098
        5104
        5105
        5106
        5136
        5141
        5153
        5155
        5159
        5164
        5181
        5182
        5193
        5194
        5195
        5202
        5206
        5208
        5223
        5224
        5232
        5239
        5242
        5244
        5257
        5259
        5271
        5303
        5312
        5323
        5332
        5337
        5343
        5347
        5349
        5355
        5358
        5372
        5377
        5387
        5396
        5403
        5422
        5436
        5461
        5468
        5492
        5495
        5499
        5510
        5525
        5530
        5537
        5538
        5546
        5547
        5548
        5552
        5556
        5557
        5562
        5582
        5605
        5608
        5612
        5617
        5625
        5636
        5638
        5644
        5650
        5662
        5665
        5668
        5671
        5673
        5675
        5683
        5688
        5690
        5702
        5704
        5728
        5732
        5733
        5739
        5755
        5757
        5764
        5778
        5793
        5801
        5805
        5809
        5816
        5836
        5845
        5853
        5867
        5874
        5882
        5906
        5922
        5931
        5947
        5950
        5952
        5959
        5960
        5969
        5972
        5978
        5997
        5999
        6005
        6009
        6017
        6024
        6034
        6039
        6045
        6049
        6050
        6054
        6056
        6061
        6084
        6091
        6100
        6101
        6103
        6113
        6116
        6123
        6128
        6138
        6157
        6164
        6185
        6186
        6188
        6214
        6215
        6225
        6226
        6231
        6236
        6247
        6257
        6260
        6269
        6281
        6285
        6299
        6308
        6316
        6318
        6319
        6332
        6338
        6348
        6368
        6385
        6389
        6397
        6404
        6408
        6412
        6417
        6442
        6445
        6446
        6462
        6468
        6489
        6496
        6499
        6500
        6516
        6532
        6534
        6536
        6543
        6556
        6576
        6581
        6583
        6600
        6618
        6620
        6626
        6634
        6639
        6642
        6671
        6680
        6685
        6696
        6709
        6714
        6744
        6746
        6757
        6785
        6801
        6811
        6815
        6830
        6836
        6844
        6865
        6867
        6870
        6875
        6884
        6885
        6889
        6891
        6894
        6895
        6899
        6901
        6914
        6915
        6916
        6917
        6935
        6939
        6942
        6945
        6948
        6955
        6975
        6988
        6991
        6996
        7000
        7002
        7009
        7011
        7018
        7025
        7028
        7041
        7048
        7056
        7060
        7066
        7077
        7080
        7095
        7096
        7101
        7120
        7125
        7126
        7131
        7132
        7137
        7138
        7148
        7159
        7174
        7176
        7192
        7203
        7207
        7215
        7219
        7229
        7259
        7264
        7268
        7272
        7282
        7284
        7286
        7296
        7307
        7332
        7333
        7372
        7389
        7399
        7423
        7437
        7441
        7444
        7447
        7454
        7455
        7461
        7470
        7471
        7473
        7489
        7496
        7500
        7505
        7514
        7516
        7518
        7535
        7540
        7543
        7545
        7547
        7550
        7562
        7584
        7594
        7602
        7605
        7606
        7610
        7611
        7641
        7643
        7645
        7652
        7659
        7686
        7700
        7702
        7709
        7718
        7728
        7730
        7734
        7739
        7742
        7744
        7746
        7758
        7781
        7789
        7795
        7817
        7827
        7845
        7852
        7856
        7881
        7886
        7888
        7899
        7905
        7906
        7907
        7910
        7913
        7921
        7923
        7924
        7925
        7930
        7951
        7959
        7969
        7971
        7981
        7991
        8049
        8055
        8056
        8064
        8075
        8083
        8091
        8102
        8106
        8120
        8125
        8128
        8136
        8144
        8163
        8167
        8169
        8171
        8177
        8179
        8189
        8192
        8193
        8195
        8198
        8213
        8215
        8238
        8239
        8247
        8257
        8260
        8261
        8266
        8273
        8276
        8279
        8294
        8303
        8320
        8324
        8327
        8347
        8352
        8373
        8376
        8386
        8394
        8399
        8400
        8404
        8411
        8413
        8414
        8433
        8438
        8443
        8453
        8461
        8472
        8476
        8494
        8515
        8516
        8521
        8528
        8530
        8533
        8538
        8540
        8541
        8556
        8560
        8581
        8588
        8589
        8597
        8613
        8640
        8652
        8654
        8708
        8709
        8710
        8732
        8734
        8739
        8745
        8746
        8747
        8755
        8760
        8774
        8785
        8788
        8790
        8798
        8800
        8810
        8811
        8816
        8842
        8846
        8852
        8861
        8885
        8907
        8919
        8925
        8932
        8933
        8949
        8956
        8968
        8969
        8970
        8971
        8988
        8990
