        1
        8
        18
        19
        22
        31
        37
        67
        68
        71
        76
        82
        109
        111
        113
        126
        128
        130
        131
        134
        161
        188
        209
        218
        221
        224
        234
        238
        250
        252
        260
        266
        295
        297
        309
        338
        358
        359
        377
        385
        392
        401
        409
        423
        424
        427
        430
        438
        453
        455
        459
        485
        487
        489
        491
        499
        503
        514
        525
        535
        540
        546
        552
        554
        561
        576
        583
        584
        587
        599
        606
        613
        615
        616
        649
        653
        657
        691
        695
        698
        701
        704
        707
        715
        743
        747
        759
        778
        790
        796
        816
        822
        827
        833
        838
        845
        851
        866
        875
        901
        916
        938
        949
        950
        974
        978
        991
        995
        1005
        1007
        1014
        1017
        1032
        1035
        1036
        1055
        1094
        1098
        1108
        1124
        1143
        1144
        1153
        1155
        1169
        1170
        1173
        1174
        1177
        1195
        1222
        1224
        1230
        1238
        1245
        1249
        1261
        1267
        1272
        1306
        1308
        1310
        1311
        1313
        1320
        1329
        1340
        1370
        1378
        1386
        1387
        1389
        1391
        1413
        1416
        1420
        1425
        1438
        1450
        1452
        1460
        1481
        1509
        1511
        1523
        1531
        1538
        1539
        1540
        1558
        1571
        1572
        1573
        1577
        1579
        1608
        1624
        1637
        1640
        1642
        1657
        1678
        1691
        1701
        1708
        1715
        1717
        1724
        1735
        1745
        1760
        1761
        1769
        1779
        1781
        1782
        1788
        1807
        1829
        1832
        1844
        1860
        1865
        1871
        1878
        1880
        1883
        1887
        1895
        1897
        1901
        1918
        1931
        1934
        1942
        1951
        1957
        1962
        1966
        1976
        1977
        1980
        1988
        2009
        2013
        2016
        2017
        2040
        2043
        2059
        2070
        2083
        2096
        2098
        2104
        2105
        2126
        2134
        2143
        2146
        2147
        2156
        2167
        2174
        2185
        2191
        2210
        2226
        2230
        2250
        2267
        2269
        2274
        2282
        2292
        2302
        2307
        2319
        2322
        2326
        2331
        2341
        2348
        2357
        2372
        2385
        2396
        2409
        2413
        2425
        2432
        2434
        2446
        2455
        2458
        2460
        2461
        2463
        2464
        2469
        2486
        2488
        2491
        2508
        2524
        2535
        2538
        2539
        2543
        2550
        2551
        2567
        2569
        2571
        2572
        2573
        2576
        2597
        2601
        2613
        2630
        2641
        2669
        2670
        2675
        2681
        2682
        2686
        2699
        2703
        2708
        2717
        2746
        2755
        2768
        2775
        2783
        2785
        2794
        2804
        2812
        2813
        2816
        2822
        2861
        2869
        2878
        2890
        2891
        2893
        2895
        2901
        2908
        2921
        2925
        2930
        2931
        2936
        2946
        2959
        2960
        2966
        2987
        2988
        2996
        3006
        3023
        3026
        3028
        3029
        3031
        3032
        3038
        3039
        3043
        3046
        3049
        3066
        3072
        3079
        3099
        3125
        3126
        3147
        3152
        3156
        3173
        3190
        3196
        3208
        3231
        3241
        3249
        3259
        3266
        3268
        3277
        3281
        3292
        3304
        3328
        3334
        3337
        3360
        3378
        3407
        3414
        3420
        3425
        3429
        3439
        3461
        3478
        3484
        3517
        3521
        3522
        3536
        3563
        3565
        3566
        3577
        3598
        3604
        3631
        3633
        3640
        3653
        3654
        3669
        3673
        3697
        3704
        3708
        3729
        3749
        3754
        3760
        3762
        3763
        3771
        3778
        3803
        3807
        3812
        3814
        3823
        3839
        3854
        3863
        3869
        3872
        3892
        3901
        3902
        3906
        3940
        3943
        3946
        3954
        3968
        3978
        3983
        3987
        3993
        4010
        4014
        4016
        4024
        4027
        4041
        4042
        4045
        4047
        4050
        4051
        4052
        4063
        4068
        4069
        4070
        4074
        4091
        4111
        4113
        4133
        4140
        4160
        4164
        4178
        4199
        4213
        4215
        4237
        4243
        4246
        4248
        4268
        4277
        4284
        4299
        4314
        4330
        4355
        4356
        4357
        4360
        4370
        4374
        4386
        4400
        4404
        4466
        4467
        4472
        4487
        4495
        4502
        4503
        4516
        4517
        4528
        4530
        4533
        4538
        4542
        4544
        4547
        4553
        4582
        4584
        4588
        4597
        4601
        4605
        4614
        4617
        4632
        4634
        4637
        4641
        4644
        4647
        4651
        4652
        4659
        4662
        4674
        4679
        4680
        4706
        4708
        4719
        4723
        4746
        4750
        4771
        4807
        4812
        4816
        4840
        4859
        4865
        4876
        4877
        4885
        4896
        4899
        4910
        4914
        4945
        4946
        4948
        4953
        4957
        4958
        5005
        5006
        5011
        5013
        5019
        5022
        5024
        5032
        5039
        5052
        5056
        5060
        5067
        5069
        5074
        5092
        5101
        5102
        5105
        5109
        5112
        5115
        5130
        5135
        5146
        5150
        5164
        5178
        5189
        5206
        5207
        5209
        5212
        5224
        5243
        5245
        5247
        5257
        5258
        5287
        5292
        5296
        5297
        5302
        5340
        5354
        5358
        5361
        5370
        5384
        5385
        5402
        5428
        5429
        5432
        5447
        5455
        5459
        5466
        5483
        5484
        5490
        5498
        5521
        5524
        5530
        5535
        5544
        5561
        5563
        5569
        5582
        5604
        5625
        5660
        5664
        5670
        5686
        5693
        5711
        5717
        5718
        5720
        5725
        5733
        5739
        5742
        5748
        5758
        5765
        5780
        5794
        5830
        5866
        5869
        5876
        5882
        5891
        5898
        5908
        5914
        5926
        5933
        5942
        5944
        5953
        5961
        5970
        5972
        5974
        6002
        6030
        6042
        6046
        6073
        6079
        6082
        6084
        6086
        6093
        6099
        6104
        6105
        6112
        6125
        6131
        6139
        6155
        6172
        6179
        6188
        6191
        6195
        6201
        6212
        6248
        6260
        6271
        6284
        6293
        6302
        6322
        6328
        6330
        6335
        6350
        6355
        6367
        6382
        6389
        6395
        6403
        6406
        6407
        6413
        6435
        6454
        6462
        6471
        6478
        6490
        6501
        6518
        6526
        6534
        6539
        6545
        6562
        6576
        6580
        6589
        6595
        6599
        6600
        6601
        6607
        6621
        6636
        6640
        6641
        6666
        6668
        6672
        6698
        6703
        6704
        6728
        6731
        6732
        6734
        6735
        6738
        6743
        6747
        6751
        6772
        6791
        6807
        6819
        6839
        6849
        6856
        6865
        6871
        6874
        6907
        6923
        6925
        6961
        6964
        6968
        6969
        6971
        7003
        7023
        7025
        7026
        7039
        7046
        7049
        7051
        7056
        7061
        7064
        7075
        7080
        7099
        7100
        7102
        7105
        7106
        7110
        7111
        7114
        7117
        7135
        7141
        7159
        7167
        7185
        7218
        7227
        7245
        7250
        7259
        7271
        7286
        7287
        7299
        7301
        7321
        7323
        7324
        7331
        7332
        7353
        7359
        7367
        7381
        7389
        7393
        7397
        7408
        7410
        7416
        7426
        7431
        7433
        7435
        7437
        7441
        7447
        7473
        7476
        7480
        7487
        7496
        7500
        7512
        7525
        7530
        7537
        7542
        7545
        7558
        7566
        7577
        7579
        7593
        7606
        7632
        7638
        7640
        7658
        7679
        7700
        7708
        7718
        7724
        7729
        7737
        7740
        7748
        7756
        7767
        7774
        7777
        7779
        7783
        7785
        7791
        7795
        7799
        7811
        7817
        7826
        7830
        7833
        7843
        7851
        7859
        7870
        7881
        7901
        7902
        7904
        7905
        7907
        7908
        7909
        7915
        7921
        7925
        7931
        7941
        7948
        7954
        7962
        7967
        7987
        7996
        8000
        8009
        8066
        8089
        8103
        8123
        8146
        8150
        8151
        8166
        8174
        8180
        8193
        8198
        8199
        8201
        8216
        8218
        8245
        8252
        8256
        8289
        8318
        8321
        8328
        8343
        8344
        8352
        8362
        8369
        8376
        8382
        8393
        8398
        8404
        8433
        8442
        8447
        8451
        8463
        8464
        8469
        8475
        8477
        8480
        8481
        8488
        8489
        8493
        8497
        8505
        8527
        8535
        8537
        8538
        8542
        8554
        8570
        8586
        8587
        8588
        8590
        8592
        8594
        8623
        8631
        8638
        8663
        8669
        8679
        8687
        8694
        8721
        8724
        8739
        8744
        8745
        8746
        8752
        8754
        8757
        8761
        8771
        8776
        8783
        8794
        8806
        8831
        8833
        8834
        8845
        8863
        8875
        8900
        8907
        8920
        8921
        8941
        8946
        8957
        8972
        8978
        8989
        8993
