        29
        31
        66
        99
        101
        134
        144
        175
        176
        178
        192
        195
        225
        241
        245
        256
        264
        274
        277
        298
        300
        309
        316
        339
        343
        347
        349
        359
        374
        388
        401
        406
        411
        415
        422
        433
        434
        436
        438
        442
        459
        468
        472
        488
        500
        501
        536
        545
        553
        555
        573
        584
        606
        614
        616
        638
        665
        681
        693
        723
        724
        748
        764
        766
        769
        776
        783
        784
        787
        788
        837
        842
        843
        850
        857
        867
        868
        872
        877
        882
        883
        884
        888
        909
        917
        918
        933
        950
        952
        985
        987
        1013
        1040
        1044
        1051
        1063
        1071
        1072
        1076
        1096
        1113
        1127
        1134
        1136
        1140
        1157
        1159
        1172
        1185
        1188
        1203
        1243
        1261
        1263
        1265
        1266
        1269
        1299
        1312
        1314
        1322
        1329
        1339
        1350
        1365
        1413
        1425
        1443
        1445
        1455
        1466
        1480
        1519
        1524
        1525
        1532
        1549
        1550
        1584
        1588
        1601
        1611
        1618
        1633
        1641
        1650
        1651
        1658
        1697
        1718
        1724
        1726
        1728
        1736
        1737
        1742
        1747
        1751
        1758
        1785
        1793
        1796
        1798
        1800
        1806
        1812
        1818
        1824
        1825
        1835
        1848
        1859
        1865
        1869
        1872
        1886
        1899
        1911
        1921
        1948
        1959
        1963
        1978
        1981
        1986
        2011
        2014
        2016
        2032
        2037
        2041
        2044
        2053
        2058
        2064
        2091
        2101
        2123
        2125
        2138
        2143
        2146
        2147
        2157
        2162
        2175
        2195
        2197
        2200
        2208
        2227
        2252
        2255
        2265
        2271
        2276
        2279
        2283
        2323
        2326
        2331
        2361
        2367
        2371
        2376
        2377
        2382
        2394
        2400
        2414
        2418
        2427
        2443
        2451
        2459
        2495
        2512
        2513
        2552
        2576
        2586
        2587
        2590
        2612
        2616
        2627
        2628
        2634
        2641
        2657
        2659
        2676
        2684
        2707
        2710
        2711
        2724
        2725
        2740
        2748
        2749
        2756
        2760
        2764
        2774
        2788
        2797
        2812
        2819
        2824
        2841
        2849
        2853
        2854
        2862
        2881
        2883
        2888
        2919
        2935
        2948
        2959
        2967
        2972
        2974
        2976
        2985
        2991
        3003
        3020
        3041
        3047
        3053
        3060
        3083
        3085
        3086
        3089
        3090
        3111
        3126
        3128
        3133
        3146
        3151
        3154
        3162
        3169
        3173
        3184
        3186
        3193
        3194
        3226
        3234
        3236
        3239
        3246
        3262
        3264
        3267
        3275
        3280
        3285
        3287
        3288
        3293
        3301
        3308
        3317
        3319
        3320
        3344
        3353
        3358
        3370
        3375
        3391
        3400
        3415
        3437
        3445
        3446
        3449
        3482
        3505
        3506
        3509
        3512
        3543
        3547
        3554
        3561
        3570
        3581
        3583
        3593
        3596
        3612
        3619
        3627
        3632
        3638
        3639
        3642
        3645
        3650
        3672
        3702
        3707
        3715
        3722
        3725
        3735
        3736
        3740
        3752
        3754
        3759
        3774
        3776
        3791
        3793
        3801
        3803
        3818
        3821
        3835
        3846
        3864
        3871
        3878
        3882
        3892
        3901
        3917
        3924
        3932
        3938
        3946
        3954
        3961
        3963
        3964
        3966
        3981
        3987
        3990
        4011
        4017
        4033
        4034
        4040
        4050
        4082
        4106
        4107
        4119
        4120
        4127
        4129
        4131
        4139
        4141
        4147
        4152
        4153
        4156
        4158
        4162
        4171
        4175
        4177
        4188
        4191
        4196
        4197
        4199
        4200
        4215
        4235
        4239
        4240
        4251
        4273
        4282
        4283
        4285
        4288
        4290
        4299
        4306
        4326
        4359
        4392
        4394
        4398
        4407
        4433
        4472
        4478
        4484
        4493
        4499
        4504
        4518
        4535
        4540
        4545
        4569
        4572
        4573
        4575
        4578
        4580
        4582
        4583
        4592
        4601
        4654
        4655
        4659
        4667
        4682
        4684
        4685
        4687
        4695
        4713
        4725
        4726
        4727
        4730
        4734
        4735
        4758
        4760
        4764
        4770
        4772
        4773
        4778
        4782
        4785
        4786
        4796
        4801
        4822
        4832
        4841
        4848
        4851
        4857
        4861
        4864
        4867
        4871
        4887
        4894
        4896
        4906
        4919
        4921
        4923
        4927
        4934
        4935
        4936
        4938
        4939
        4946
        4949
        4950
        4954
        4959
        4974
        4987
        4995
        4998
        5004
        5005
        5010
        5021
        5036
        5041
        5050
        5051
        5052
        5068
        5072
        5076
        5096
        5117
        5123
        5132
        5134
        5147
        5153
        5156
        5185
        5189
        5193
        5196
        5198
        5200
        5202
        5203
        5204
        5205
        5207
        5211
        5216
        5219
        5243
        5245
        5248
        5249
        5250
        5261
        5269
        5288
        5292
        5299
        5301
        5306
        5318
        5320
        5324
        5328
        5344
        5357
        5365
        5414
        5451
        5456
        5475
        5509
        5511
        5513
        5515
        5519
        5521
        5533
        5540
        5610
        5611
        5613
        5624
        5651
        5653
        5673
        5757
        5784
        5785
        5788
        5797
        5814
        5853
        5858
        5860
        5864
        5883
        5892
        5921
        5936
        5937
        5944
        5954
        5972
        5982
        5993
        5996
        6000
        6002
        6019
        6024
        6041
        6072
        6074
        6076
        6082
        6084
        6088
        6093
        6097
        6098
        6103
        6125
        6128
        6137
        6147
        6173
        6175
        6176
        6179
        6180
        6186
        6187
        6193
        6196
        6197
        6203
        6204
        6219
        6226
        6243
        6245
        6246
        6251
        6262
        6270
        6276
        6311
        6312
        6323
        6334
        6360
        6366
        6385
        6387
        6394
        6401
        6402
        6417
        6430
        6434
        6451
        6460
        6486
        6520
        6530
        6545
        6557
        6560
        6584
        6592
        6596
        6601
        6615
        6618
        6632
        6657
        6658
        6664
        6665
        6670
        6671
        6674
        6675
        6687
        6690
        6700
        6714
        6715
        6735
        6736
        6751
        6753
        6768
        6774
        6786
        6789
        6794
        6823
        6824
        6834
        6837
        6849
        6850
        6855
        6863
        6870
        6875
        6880
        6881
        6883
        6893
        6894
        6906
        6908
        6909
        6914
        6929
        6930
        6950
        6955
        6956
        6963
        6966
        6972
        6989
        6994
        7004
        7027
        7034
        7036
        7042
        7055
        7065
        7088
        7089
        7135
        7138
        7146
        7147
        7154
        7156
        7167
        7168
        7177
        7199
        7201
        7207
        7215
        7216
        7217
        7229
        7231
        7239
        7241
        7267
        7269
        7298
        7303
        7307
        7308
        7312
        7330
        7335
        7340
        7347
        7355
        7391
        7396
        7405
        7411
        7425
        7426
        7436
        7443
        7449
        7456
        7472
        7477
        7480
        7486
        7490
        7497
        7502
        7516
        7517
        7518
        7520
        7521
        7525
        7529
        7540
        7543
        7544
        7566
        7571
        7573
        7580
        7581
        7585
        7586
        7587
        7597
        7602
        7626
        7629
        7633
        7639
        7643
        7646
        7647
        7650
        7653
        7658
        7659
        7668
        7673
        7692
        7713
        7715
        7719
        7724
        7730
        7733
        7735
        7737
        7741
        7752
        7761
        7766
        7773
        7793
        7797
        7798
        7799
        7804
        7806
        7817
        7818
        7830
        7839
        7848
        7849
        7867
        7869
        7873
        7876
        7894
        7896
        7923
        7927
        7947
        7969
        7977
        7997
        7999
        8001
        8002
        8006
        8008
        8010
        8022
        8030
        8040
        8064
        8072
        8073
        8074
        8076
        8078
        8081
        8088
        8095
        8103
        8104
        8106
        8113
        8120
        8121
        8122
        8129
        8149
        8151
        8154
        8159
        8164
        8178
        8180
        8185
        8186
        8199
        8200
        8203
        8214
        8218
        8229
        8238
        8249
        8264
        8274
        8290
        8293
        8299
        8305
        8306
        8317
        8329
        8335
        8337
        8349
        8350
        8362
        8363
        8375
        8382
        8409
        8420
        8435
        8436
        8437
        8451
        8454
        8466
        8482
        8497
        8500
        8513
        8517
        8519
        8521
        8523
        8524
        8531
        8546
        8551
        8554
        8559
        8567
        8586
        8597
        8599
        8602
        8628
        8647
        8654
        8661
        8666
        8673
        8677
        8681
        8684
        8685
        8687
        8696
        8697
        8700
        8703
        8718
        8722
        8726
        8732
        8740
        8741
        8742
        8752
        8758
        8773
        8776
        8779
        8780
        8788
        8792
        8793
        8799
        8813
        8817
        8821
        8833
        8841
        8845
        8853
        8860
        8864
        8866
        8869
        8881
        8887
        8915
        8921
        8933
        8948
        8949
        8953
        8959
        8970
        8972
        8978
        8983
        8995
