        8
        9
        14
        16
        20
        39
        40
        43
        44
        62
        70
        74
        80
        85
        86
        92
        97
        98
        103
        116
        133
        134
        140
        143
        145
        148
        149
        152
        159
        174
        190
        195
        200
        205
        224
        225
        237
        242
        246
        267
        404
        418
        423
        435
        458
        549
        567
        642
        682
        683
        688
        689
        692
        694
        706
        712
        715
        719
        722
        725
        734
        735
        737
        741
        748
        757
        759
        768
        783
        784
        786
        798
        810
        814
        817
        828
        834
        835
        836
        838
        840
        841
        855
        873
        879
        882
        883
        888
        893
        897
        900
        912
        917
        931
        935
        954
        959
        960
        962
        987
        1000
        1012
        1017
        1021
        1028
        1033
        1034
        1048
        1057
        1082
        1094
        1101
        1110
        1124
        1128
        1136
        1143
        1146
        1152
        1168
        1186
        1192
        1198
        1201
        1214
        1220
        1244
        1251
        1258
        1278
        1285
        1292
        1300
        1310
        1325
        1327
        1328
        1338
        1345
        1367
        1386
        1388
        1395
        1408
        1423
        1428
        1440
        1447
        1450
        1507
        1514
        1522
        1527
        1542
        1573
        1575
        1578
        1579
        1589
        1598
        1611
        1615
        1623
        1632
        1645
        1646
        1647
        1648
        1650
        1656
        1660
        1670
        1673
        1676
        1682
        1685
        1689
        1716
        1721
        1729
        1741
        1742
        1767
        1772
        1787
        1811
        1815
        1820
        1836
        1850
        1863
        1866
        1880
        1887
        1905
        1909
        1911
        1918
        1919
        1927
        1928
        1930
        1934
        1938
        1944
        1952
        1960
        1973
        1978
        1982
        1983
        1984
        1987
        2021
        2029
        2033
        2040
        2058
        2067
        2070
        2072
        2080
        2082
        2083
        2089
        2091
        2095
        2097
        2100
        2103
        2106
        2107
        2116
        2135
        2136
        2137
        2150
        2155
        2159
        2173
        2175
        2179
        2180
        2207
        2229
        2235
        2241
        2251
        2273
        2279
        2289
        2303
        2311
        2318
        2319
        2323
        2341
        2351
        2352
        2353
        2354
        2358
        2359
        2363
        2366
        2373
        2375
        2378
        2383
        2392
        2394
        2395
        2397
        2399
        2411
        2415
        2416
        2440
        2456
        2461
        2468
        2470
        2471
        2494
        2506
        2511
        2522
        2526
        2532
        2537
        2545
        2550
        2552
        2557
        2559
        2579
        2593
        2605
        2611
        2617
        2621
        2622
        2627
        2630
        2637
        2641
        2656
        2657
        2665
        2670
        2671
        2672
        2673
        2679
        2682
        2687
        2689
        2690
        2703
        2704
        2717
        2720
        2736
        2756
        2762
        2776
        2789
        2790
        2793
        2805
        2819
        2824
        2836
        2841
        2850
        2871
        2879
        2900
        2905
        2913
        2925
        2932
        2949
        2952
        2966
        2969
        2980
        2983
        2986
        2989
        3015
        3032
        3046
        3061
        3071
        3077
        3078
        3083
        3086
        3088
        3101
        3124
        3128
        3133
        3144
        3148
        3173
        3176
        3183
        3185
        3197
        3198
        3199
        3204
        3206
        3215
        3221
        3224
        3238
        3242
        3253
        3263
        3264
        3265
        3269
        3272
        3276
        3280
        3284
        3300
        3302
        3304
        3306
        3365
        3381
        3387
        3392
        3409
        3412
        3418
        3425
        3437
        3439
        3443
        3448
        3453
        3460
        3479
        3482
        3499
        3521
        3526
        3539
        3540
        3564
        3580
        3596
        3603
        3606
        3607
        3610
        3612
        3634
        3655
        3665
        3679
        3700
        3708
        3713
        3729
        3733
        3746
        3747
        3749
        3756
        3765
        3788
        3789
        3795
        3809
        3820
        3821
        3827
        3828
        3829
        3830
        3831
        3836
        3847
        3848
        3854
        3855
        3875
        3878
        3879
        3880
        3883
        3884
        3888
        3896
        3917
        3922
        3923
        3929
        3932
        3951
        3960
        3965
        3968
        3975
        3977
        3978
        3993
        4022
        4033
        4035
        4043
        4045
        4053
        4058
        4065
        4077
        4081
        4097
        4108
        4109
        4111
        4112
        4115
        4122
        4137
        4138
        4154
        4164
        4166
        4170
        4190
        4196
        4198
        4200
        4223
        4224
        4237
        4238
        4248
        4250
        4256
        4261
        4263
        4266
        4304
        4316
        4323
        4326
        4328
        4335
        4346
        4348
        4354
        4355
        4363
        4372
        4376
        4379
        4384
        4393
        4398
        4399
        4402
        4403
        4409
        4421
        4426
        4433
        4437
        4443
        4447
        4462
        4480
        4490
        4496
        4504
        4505
        4529
        4562
        4567
        4578
        4590
        4591
        4595
        4605
        4606
        4611
        4617
        4621
        4624
        4629
        4636
        4637
        4647
        4649
        4650
        4658
        4662
        4665
        4667
        4685
        4688
        4689
        4690
        4693
        4707
        4714
        4721
        4728
        4741
        4748
        4765
        4768
        4772
        4773
        4775
        4784
        4787
        4790
        4795
        4805
        4829
        4842
        4843
        4851
        4858
        4863
        4865
        4871
        4890
        4919
        4927
        4940
        4950
        4953
        4968
        4983
        4987
        4989
        4992
        4999
        5005
        5014
        5015
        5021
        5037
        5039
        5045
        5056
        5058
        5071
        5072
        5077
        5090
        5095
        5100
        5117
        5134
        5142
        5148
        5151
        5154
        5176
        5209
        5216
        5220
        5226
        5229
        5233
        5234
        5239
        5247
        5256
        5257
        5275
        5286
        5308
        5313
        5314
        5318
        5324
        5350
        5353
        5356
        5377
        5396
        5405
        5414
        5427
        5433
        5438
        5459
        5460
        5461
        5465
        5479
        5480
        5510
        5520
        5533
        5534
        5549
        5550
        5557
        5559
        5570
        5574
        5580
        5582
        5583
        5584
        5588
        5599
        5605
        5608
        5632
        5637
        5638
        5650
        5673
        5680
        5682
        5708
        5716
        5727
        5735
        5740
        5744
        5768
        5769
        5775
        5800
        5806
        5815
        5827
        5856
        5867
        5876
        5894
        5902
        5908
        5912
        5922
        5929
        5931
        5932
        5951
        5953
        5959
        5966
        5971
        5972
        5980
        5982
        5985
        5987
        5998
        5999
        6001
        6002
        6003
        6011
        6021
        6023
        6024
        6025
        6026
        6038
        6044
        6051
        6058
        6063
        6080
        6082
        6083
        6088
        6090
        6112
        6132
        6144
        6150
        6152
        6154
        6170
        6178
        6186
        6195
        6196
        6198
        6209
        6219
        6239
        6248
        6249
        6252
        6256
        6260
        6282
        6286
        6298
        6308
        6313
        6320
        6330
        6333
        6338
        6361
        6377
        6379
        6384
        6391
        6405
        6411
        6416
        6426
        6429
        6431
        6436
        6442
        6444
        6468
        6474
        6500
        6521
        6524
        6529
        6533
        6548
        6549
        6550
        6564
        6566
        6573
        6602
        6607
        6614
        6615
        6625
        6629
        6631
        6636
        6652
        6655
        6662
        6666
        6668
        6679
        6683
        6686
        6693
        6695
        6698
        6699
        6704
        6707
        6712
        6715
        6732
        6737
        6739
        6743
        6748
        6763
        6781
        6788
        6795
        6811
        6812
        6819
        6823
        6826
        6833
        6838
        6847
        6858
        6864
        6871
        6874
        6881
        6901
        6902
        6904
        6907
        6912
        6920
        6937
        6948
        6949
        6950
        6951
        6956
        6961
        6968
        6973
        6989
        6994
        7009
        7020
        7023
        7026
        7027
        7035
        7049
        7064
        7070
        7080
        7093
        7094
        7099
        7109
        7111
        7119
        7122
        7125
        7129
        7139
        7140
        7151
        7174
        7175
        7176
        7177
        7182
        7185
        7198
        7200
        7207
        7214
        7218
        7234
        7235
        7239
        7242
        7247
        7252
        7253
        7257
        7259
        7260
        7278
        7285
        7289
        7295
        7302
        7304
        7306
        7307
        7310
        7318
        7324
        7328
        7333
        7337
        7343
        7350
        7358
        7372
        7373
        7380
        7382
        7397
        7406
        7408
        7417
        7418
        7426
        7434
        7443
        7445
        7447
        7453
        7458
        7468
        7481
        7497
        7500
        7502
        7503
        7507
        7511
        7518
        7524
        7526
        7527
        7529
        7538
        7539
        7556
        7565
        7571
        7576
        7580
        7591
        7597
        7613
        7614
        7615
        7633
        7638
        7646
        7654
        7658
        7661
        7662
        7665
        7666
        7674
        7676
        7682
        7685
        7686
        7690
        7697
        7700
        7701
        7704
        7706
        7715
        7717
        7718
        7724
        7737
        7759
        7768
        7775
        7778
        7787
        7790
        7794
        7799
        7801
        7808
        7820
        7824
        7836
        7841
        7846
        7857
        7871
        7872
        7884
        7887
        7907
        7910
        7914
        7920
        7923
        7924
        7927
        7931
        7933
        7948
        7951
        7956
        7959
        7982
        7995
        7999
        8013
        8019
        8024
        8026
        8034
        8036
        8043
        8058
        8065
        8076
        8081
        8087
        8090
        8094
        8098
        8106
        8108
        8110
        8111
        8124
        8126
        8128
        8146
        8156
        8168
        8170
        8171
        8186
        8189
        8193
        8197
        8206
        8220
        8225
        8230
        8231
        8239
        8241
        8242
        8243
        8256
        8258
        8263
        8265
        8275
        8276
        8289
        8293
        8296
        8300
        8305
        8310
        8319
        8321
        8326
        8329
        8331
        8335
        8339
        8343
        8346
        8363
        8365
        8369
        8370
        8373
        8379
        8385
        8387
        8388
        8397
        8413
        8430
        8436
        8446
        8449
        8464
        8476
        8478
        8495
        8506
        8511
        8524
        8535
        8537
        8542
        8554
        8566
        8567
        8571
        8572
        8576
        8581
        8590
        8593
        8598
        8599
        8601
        8604
        8609
        8614
        8624
        8638
        8651
        8653
        8656
        8666
        8682
        8689
        8701
        8702
        8703
        8705
        8731
        8737
        8741
        8749
        8754
        8757
        8762
        8764
        8770
        8771
        8779
        8790
        8796
        8798
        8803
        8806
        8813
        8821
        8827
        8830
        8839
        8843
        8845
        8853
        8863
        8872
        8882
        8895
        8898
        8914
        8920
        8922
        8943
        8950
        8955
        8959
        8968
        8973
        8980
        8992
        8996
