        4
        14
        16
        23
        25
        27
        30
        32
        34
        38
        41
        47
        52
        54
        63
        75
        82
        90
        96
        99
        126
        139
        148
        161
        166
        169
        186
        188
        191
        195
        199
        220
        222
        230
        231
        237
        242
        243
        248
        251
        252
        258
        259
        265
        288
        290
        305
        307
        310
        311
        312
        313
        315
        326
        337
        344
        352
        359
        363
        367
        373
        375
        378
        384
        392
        397
        399
        404
        409
        417
        421
        426
        427
        428
        429
        437
        443
        444
        453
        465
        474
        479
        480
        483
        496
        510
        515
        523
        524
        561
        565
        571
        574
        579
        601
        602
        611
        612
        616
        619
        637
        658
        661
        663
        675
        688
        711
        721
        723
        727
        731
        740
        742
        755
        757
        760
        766
        778
        785
        786
        789
        790
        793
        797
        801
        804
        812
        816
        825
        838
        839
        843
        855
        859
        863
        869
        870
        877
        881
        882
        883
        885
        893
        905
        909
        910
        927
        928
        931
        937
        955
        956
        966
        968
        972
        973
        976
        981
        989
        995
        997
        1009
        1014
        1031
        1034
        1050
        1063
        1070
        1072
        1073
        1085
        1089
        1095
        1109
        1127
        1128
        1131
        1133
        1137
        1139
        1142
        1145
        1146
        1156
        1166
        1171
        1179
        1183
        1194
        1201
        1202
        1206
        1222
        1229
        1237
        1242
        1243
        1245
        1249
        1254
        1272
        1280
        1287
        1292
        1302
        1305
        1306
        1307
        1311
        1312
        1331
        1334
        1335
        1352
        1359
        1365
        1381
        1386
        1396
        1397
        1407
        1418
        1422
        1425
        1429
        1430
        1438
        1439
        1440
        1441
        1445
        1452
        1460
        1466
        1469
        1470
        1482
        1490
        1499
        1500
        1504
        1506
        1513
        1516
        1518
        1527
        1529
        1536
        1538
        1544
        1550
        1556
        1564
        1570
        1576
        1581
        1587
        1589
        1592
        1597
        1603
        1607
        1614
        1619
        1624
        1627
        1629
        1632
        1651
        1654
        1664
        1667
        1671
        1673
        1676
        1680
        1684
        1688
        1690
        1694
        1698
        1703
        1711
        1715
        1720
        1723
        1724
        1731
        1747
        1757
        1758
        1759
        1761
        1765
        1768
        1769
        1771
        1775
        1778
        1788
        1799
        1804
        1807
        1811
        1816
        1818
        1819
        1821
        1841
        1849
        1850
        1855
        1858
        1861
        1868
        1874
        1876
        1877
        1895
        1898
        1907
        1908
        1909
        1916
        1922
        1923
        1926
        1928
        1931
        1934
        1936
        1937
        1941
        1950
        1953
        1956
        1962
        1963
        1965
        1969
        1972
        1977
        1989
        1991
        1996
        1997
        2001
        2004
        2015
        2017
        2020
        2024
        2025
        2027
        2030
        2032
        2033
        2044
        2046
        2047
        2057
        2060
        2065
        2069
        2074
        2078
        2080
        2081
        2083
        2088
        2091
        2097
        2099
        2102
        2104
        2109
        2122
        2131
        2135
        2146
        2149
        2152
        2165
        2169
        2170
        2175
        2177
        2179
        2182
        2184
        2185
        2186
        2187
        2189
        2199
        2201
        2212
        2218
        2219
        2221
        2227
        2228
        2229
        2233
        2237
        2238
        2240
        2242
        2256
        2269
        2277
        2279
        2281
        2284
        2288
        2290
        2295
        2298
        2301
        2307
        2312
        2334
        2338
        2340
        2344
        2345
        2346
        2352
        2380
        2381
        2388
        2401
        2402
        2405
        2410
        2418
        2420
        2434
        2435
        2436
        2437
        2438
        2439
        2443
        2445
        2447
        2448
        2449
        2450
        2457
        2458
        2467
        2469
        2481
        2482
        2488
        2498
        2504
        2533
        2545
        2546
        2556
        2565
        2567
        2569
        2570
        2571
        2575
        2588
        2604
        2620
        2627
        2631
        2639
        2641
        2645
        2652
        2663
        2673
        2675
        2686
        2692
        2711
        2712
        2717
        2722
        2726
        2728
        2731
        2733
        2743
        2747
        2766
        2767
        2769
        2772
        2780
        2782
        2786
        2791
        2793
        2795
        2820
        2821
        2843
        2857
        2861
        2863
        2864
        2872
        2882
        2883
        2890
        2891
        2893
        2906
        2924
        2931
        2932
        2938
        2939
        2940
        2942
        2946
        2947
        2955
        2957
        2963
        2968
        2970
        2978
        2995
        2999
        3003
        3005
        3007
        3008
        3014
        3024
        3026
        3027
        3028
        3037
        3039
        3045
        3047
        3051
        3056
        3058
        3062
        3069
        3071
        3072
        3078
        3084
        3086
        3088
        3091
        3096
        3099
        3101
        3111
        3114
        3115
        3118
        3125
        3126
        3131
        3142
        3143
        3145
        3146
        3153
        3155
        3156
        3157
        3159
        3175
        3185
        3190
        3199
        3210
        3211
        3214
        3225
        3233
        3237
        3246
        3249
        3255
        3256
        3259
        3261
        3265
        3267
        3273
        3287
        3291
        3297
        3301
        3308
        3319
        3322
        3325
        3330
        3331
        3333
        3340
        3344
        3347
        3349
        3352
        3362
        3369
        3371
        3378
        3391
        3400
        3405
        3408
        3409
        3411
        3412
        3414
        3421
        3422
        3424
        3427
        3428
        3436
        3444
        3448
        3450
        3451
        3459
        3469
        3470
        3475
        3482
        3486
        3490
        3496
        3506
        3509
        3510
        3521
        3522
        3524
        3525
        3537
        3546
        3547
        3551
        3555
        3558
        3560
        3562
        3563
        3571
        3573
        3574
        3578
        3583
        3585
        3588
        3603
        3607
        3609
        3611
        3617
        3619
        3620
        3628
        3630
        3631
        3632
        3633
        3636
        3637
        3640
        3641
        3643
        3644
        3651
        3656
        3669
        3674
        3677
        3681
        3690
        3710
        3712
        3713
        3722
        3723
        3729
        3757
        3759
        3776
        3782
        3784
        3801
        3802
        3821
        3827
        3831
        3832
        3836
        3848
        3860
        3864
        3873
        3876
        3878
        3890
        3892
        3902
        3908
        3911
        3920
        3934
        3936
        3940
        3944
        3948
        3953
        3961
        3965
        3974
        3981
        3984
        3987
        4033
        4037
        4045
        4046
        4063
        4081
        4085
        4089
        4094
        4099
        4105
        4106
        4111
        4115
        4122
        4129
        4135
        4140
        4141
        4142
        4147
        4152
        4155
        4156
        4162
        4165
        4175
        4177
        4183
        4185
        4195
        4199
        4201
        4202
        4206
        4231
        4236
        4239
        4243
        4246
        4251
        4254
        4256
        4259
        4262
        4271
        4273
        4288
        4295
        4296
        4304
        4308
        4309
        4312
        4313
        4318
        4320
        4321
        4322
        4329
        4353
        4357
        4361
        4363
        4367
        4376
        4387
        4390
        4395
        4397
        4398
        4404
        4416
        4417
        4428
        4432
        4433
        4439
        4441
        4447
        4454
        4458
        4471
        4476
        4479
        4484
        4487
        4499
        4511
        4514
        4547
        4548
        4556
        4573
        4575
        4580
        4581
        4582
        4589
        4591
        4594
        4614
        4617
        4638
        4647
        4648
        4659
        4661
        4662
        4665
        4690
        4697
        4704
        4705
        4706
        4707
        4708
        4717
        4723
        4740
        4750
        4767
        4784
        4787
        4797
        4800
        4801
        4803
        4810
        4811
        4812
        4815
        4823
        4832
        4835
        4839
        4842
        4847
        4849
        4855
        4867
        4871
        4881
        4884
        4899
        4900
        4903
        4906
        4917
        4931
        4935
        4949
        4957
        4968
        4972
        4986
        4987
        4994
        5004
        5023
        5030
        5036
        5040
        5077
        5082
        5093
        5098
        5112
        5124
        5137
        5144
        5149
        5153
        5156
        5160
        5172
        5177
        5181
        5185
        5187
        5194
        5201
        5204
        5215
        5217
        5221
        5223
        5236
        5237
        5239
        5241
        5258
        5263
        5279
        5280
        5286
        5298
        5312
        5320
        5335
        5338
        5341
        5344
        5373
        5388
        5396
        5405
        5416
        5418
        5433
        5441
        5453
        5455
        5463
        5476
        5479
        5491
        5493
        5496
        5515
        5519
        5520
        5524
        5530
        5536
        5537
        5540
        5546
        5548
        5554
        5560
        5562
        5569
        5592
        5599
        5602
        5614
        5645
        5656
        5665
        5669
        5674
        5675
        5677
        5688
        5710
        5720
        5727
        5737
        5742
        5743
        5747
        5748
        5750
        5755
        5772
        5773
        5777
        5786
        5794
        5797
        5802
        5804
        5808
        5809
        5813
        5818
        5819
        5823
        5831
        5833
        5843
        5850
        5856
        5872
        5881
        5883
        5885
        5888
        5890
        5900
        5911
        5924
        5928
        5929
        5931
        5934
        5944
        5949
        5962
        5967
        5969
        5971
        5975
        5987
        6004
        6005
        6008
        6010
        6013
        6018
        6020
        6022
        6027
        6028
        6030
        6031
        6034
        6040
        6051
        6059
        6063
        6066
        6067
        6069
        6071
        6073
        6083
        6085
        6092
        6094
        6100
        6106
        6110
        6111
        6112
        6113
        6115
        6121
        6125
        6135
        6143
        6145
        6152
        6153
        6161
        6162
        6166
        6172
        6182
        6188
        6194
        6201
        6204
        6215
        6221
        6233
        6237
        6248
        6251
        6256
        6257
        6259
        6260
        6261
        6265
        6267
        6277
        6286
        6297
        6307
        6308
        6311
        6315
        6316
        6330
        6345
        6348
        6356
        6368
        6375
        6377
        6400
        6406
        6407
        6410
        6412
        6417
        6419
        6425
        6429
        6434
        6459
        6464
        6473
        6489
        6490
        6492
        6499
        6528
        6538
        6547
        6548
        6580
        6583
        6604
        6607
        6610
        6617
        6621
        6623
        6632
        6641
        6658
        6691
        6697
        6701
        6706
        6708
        6710
        6712
        6715
        6721
        6724
        6730
        6735
        6739
        6746
        6771
        6774
        6778
        6779
        6782
        6784
        6786
        6791
        6805
        6812
        6813
        6826
        6836
        6857
        6859
        6862
        6864
        6870
        6872
        6885
        6887
        6891
        6894
        6895
        6896
        6898
        6900
        6904
        6917
        6925
        6935
        6940
        6942
        6944
        6956
        6957
        6959
        6961
        6963
        6964
        6965
        6967
        6970
        6985
        6989
        6993
        6998
        7003
        7010
        7015
        7016
        7023
        7028
        7036
        7053
        7059
        7076
        7079
        7097
        7105
        7112
        7117
        7120
        7129
        7130
        7133
        7139
        7150
        7159
        7169
        7184
        7196
        7214
        7216
        7222
        7227
        7230
        7234
        7235
        7236
        7247
        7250
        7253
        7257
        7263
        7266
        7277
        7281
        7293
        7299
        7308
        7317
        7329
        7331
        7333
        7337
        7346
        7351
        7372
        7382
        7384
        7391
        7393
        7396
        7398
        7400
        7403
        7404
        7416
        7421
        7434
        7437
        7446
        7462
        7470
        7474
        7489
        7495
        7504
        7526
        7528
        7530
        7533
        7536
        7537
        7546
        7547
        7552
        7555
        7566
        7581
        7594
        7597
        7598
        7603
        7625
        7627
        7632
        7634
        7662
        7663
        7664
        7670
        7672
        7679
        7688
        7697
        7703
        7717
        7724
        7726
        7727
        7748
        7754
        7756
        7769
        7776
        7785
        7799
        7801
        7805
        7810
        7828
        7831
        7832
        7856
        7859
        7862
        7873
        7878
        7881
        7882
        7883
        7884
        7887
        7888
        7896
        7898
        7915
        7916
        7925
        7927
        7931
        7934
        7951
        7962
        7978
        7984
        7986
        8002
        8004
        8010
        8025
        8031
        8037
        8041
        8044
        8045
        8046
        8051
        8053
        8055
        8056
        8061
        8068
        8072
        8076
        8079
        8083
        8085
        8089
        8090
        8097
        8114
        8125
        8161
        8162
        8165
        8166
        8179
        8183
        8184
        8188
        8190
        8203
        8237
        8240
        8244
        8245
        8247
        8248
        8258
        8266
        8275
        8289
        8291
        8300
        8314
        8321
        8323
        8324
        8325
        8329
        8330
        8331
        8333
        8337
        8381
        8393
        8394
        8399
        8407
        8411
        8427
        8444
        8454
        8456
        8459
        8464
        8484
        8486
        8488
        8498
        8502
        8508
        8509
        8511
        8516
        8523
        8528
        8536
        8538
        8539
        8544
        8546
        8569
        8570
        8571
        8572
        8578
        8587
        8588
        8590
        8593
        8595
        8601
        8618
        8620
        8621
        8629
        8645
        8650
        8654
        8656
        8657
        8664
        8666
        8673
        8675
        8687
        8712
        8715
        8719
        8721
        8722
        8724
        8739
        8742
        8755
        8757
        8764
        8766
        8772
        8781
        8786
        8787
        8791
        8799
        8801
        8818
        8820
        8828
        8843
        8855
        8875
        8882
        8888
        8895
        8902
        8906
        8910
        8927
        8950
        8954
        8975
        8981
        8982
        8989
        8991
        8994
