        16
        26
        34
        43
        44
        51
        54
        60
        86
        88
        95
        100
        102
        122
        131
        134
        136
        145
        150
        158
        160
        161
        163
        172
        180
        202
        213
        217
        227
        238
        262
        265
        268
        270
        283
        288
        298
        302
        304
        313
        333
        339
        346
        351
        359
        369
        400
        402
        409
        410
        413
        427
        439
        441
        442
        445
        458
        461
        462
        467
        471
        475
        478
        513
        528
        532
        550
        557
        558
        567
        569
        570
        572
        579
        584
        587
        589
        590
        605
        619
        621
        641
        644
        652
        657
        662
        674
        682
        690
        695
        705
        714
        727
        730
        737
        742
        743
        746
        747
        751
        776
        777
        778
        781
        790
        798
        805
        806
        828
        841
        843
        847
        861
        862
        873
        885
        887
        890
        892
        898
        900
        904
        907
        918
        927
        929
        933
        940
        942
        945
        952
        954
        956
        963
        972
        977
        996
        1003
        1007
        1024
        1030
        1032
        1047
        1062
        1068
        1074
        1093
        1106
        1112
        1113
        1116
        1122
        1125
        1128
        1142
        1157
        1158
        1160
        1164
        1165
        1172
        1176
        1184
        1190
        1199
        1210
        1218
        1225
        1227
        1244
        1245
        1253
        1255
        1262
        1272
        1280
        1293
        1302
        1304
        1305
        1306
        1307
        1308
        1311
        1317
        1320
        1344
        1360
        1363
        1364
        1366
        1372
        1376
        1385
        1386
        1387
        1391
        1413
        1426
        1429
        1434
        1438
        1450
        1453
        1455
        1456
        1459
        1466
        1509
        1550
        1551
        1556
        1580
        1582
        1583
        1590
        1597
        1599
        1602
        1603
        1606
        1616
        1619
        1631
        1636
        1637
        1641
        1647
        1653
        1656
        1665
        1689
        1698
        1705
        1716
        1726
        1729
        1741
        1742
        1744
        1746
        1747
        1751
        1753
        1767
        1768
        1771
        1784
        1789
        1801
        1825
        1838
        1843
        1866
        1876
        1878
        1889
        1895
        1899
        1904
        1906
        1908
        1917
        1920
        1928
        1934
        1936
        1942
        1944
        1945
        1956
        1961
        1970
        1976
        1983
        1986
        1991
        2000
        2008
        2017
        2027
        2030
        2034
        2047
        2050
        2058
        2061
        2068
        2076
        2077
        2078
        2082
        2103
        2109
        2112
        2114
        2119
        2122
        2124
        2125
        2130
        2132
        2158
        2163
        2179
        2197
        2200
        2212
        2235
        2238
        2249
        2251
        2267
        2270
        2272
        2275
        2285
        2291
        2303
        2307
        2332
        2336
        2338
        2341
        2343
        2350
        2351
        2371
        2384
        2388
        2389
        2398
        2417
        2425
        2458
        2463
        2465
        2473
        2480
        2481
        2489
        2497
        2510
        2519
        2520
        2539
        2540
        2547
        2552
        2565
        2566
        2568
        2570
        2591
        2597
        2601
        2605
        2620
        2624
        2627
        2628
        2631
        2635
        2642
        2645
        2654
        2655
        2676
        2686
        2693
        2695
        2696
        2699
        2717
        2719
        2727
        2733
        2740
        2753
        2755
        2759
        2771
        2774
        2776
        2792
        2796
        2800
        2803
        2819
        2822
        2826
        2828
        2830
        2834
        2835
        2841
        2843
        2849
        2882
        2891
        2895
        2920
        2933
        2940
        2947
        2964
        2966
        2992
        2993
        3001
        3013
        3017
        3020
        3025
        3030
        3043
        3069
        3082
        3085
        3095
        3102
        3106
        3109
        3114
        3117
        3137
        3151
        3157
        3163
        3175
        3179
        3181
        3187
        3191
        3193
        3206
        3208
        3211
        3214
        3220
        3224
        3245
        3249
        3250
        3274
        3294
        3298
        3302
        3321
        3324
        3327
        3328
        3331
        3353
        3358
        3369
        3384
        3408
        3421
        3427
        3434
        3478
        3481
        3485
        3489
        3490
        3501
        3512
        3519
        3528
        3530
        3535
        3538
        3551
        3557
        3560
        3581
        3584
        3585
        3586
        3589
        3595
        3598
        3607
        3645
        3646
        3665
        3666
        3668
        3671
        3703
        3709
        3713
        3724
        3766
        3772
        3787
        3794
        3802
        3804
        3805
        3806
        3812
        3813
        3820
        3831
        3846
        3860
        3876
        3881
        3891
        3900
        3905
        3911
        3927
        3945
        3974
        3981
        3996
        4001
        4020
        4024
        4034
        4039
        4046
        4054
        4057
        4060
        4062
        4063
        4072
        4077
        4079
        4085
        4097
        4110
        4112
        4118
        4124
        4138
        4149
        4155
        4173
        4190
        4193
        4208
        4214
        4219
        4223
        4238
        4251
        4253
        4254
        4260
        4265
        4278
        4290
        4292
        4294
        4301
        4303
        4307
        4330
        4351
        4355
        4360
        4373
        4392
        4406
        4408
        4415
        4418
        4419
        4422
        4427
        4436
        4437
        4451
        4458
        4465
        4473
        4477
        4488
        4491
        4496
        4500
        4538
        4540
        4542
        4545
        4557
        4561
        4568
        4570
        4600
        4603
        4609
        4611
        4624
        4630
        4656
        4659
        4660
        4664
        4672
        4705
        4707
        4720
        4733
        4742
        4751
        4773
        4786
        4787
        4789
        4810
        4832
        4837
        4839
        4840
        4841
        4850
        4853
        4863
        4866
        4879
        4880
        4898
        4908
        4912
        4924
        4934
        4937
        4955
        4964
        4969
        4971
        5033
        5037
        5039
        5043
        5048
        5049
        5050
        5052
        5054
        5056
        5057
        5062
        5070
        5072
        5081
        5088
        5103
        5106
        5111
        5137
        5160
        5170
        5196
        5198
        5207
        5211
        5218
        5221
        5230
        5234
        5239
        5241
        5246
        5258
        5260
        5277
        5312
        5316
        5323
        5326
        5331
        5332
        5333
        5337
        5339
        5344
        5353
        5357
        5359
        5381
        5392
        5396
        5415
        5431
        5461
        5480
        5481
        5482
        5483
        5487
        5493
        5497
        5500
        5506
        5521
        5529
        5536
        5542
        5547
        5558
        5560
        5564
        5587
        5604
        5619
        5623
        5625
        5639
        5648
        5674
        5677
        5683
        5699
        5705
        5720
        5728
        5738
        5739
        5742
        5762
        5770
        5797
        5813
        5817
        5820
        5821
        5828
        5831
        5836
        5853
        5855
        5867
        5879
        5900
        5918
        5920
        5925
        5929
        5930
        5935
        5945
        5950
        5957
        5989
        5990
        5996
        6000
        6003
        6008
        6024
        6025
        6042
        6052
        6057
        6068
        6074
        6086
        6090
        6091
        6098
        6105
        6107
        6109
        6113
        6118
        6120
        6122
        6129
        6140
        6152
        6157
        6160
        6163
        6176
        6179
        6181
        6182
        6188
        6190
        6192
        6194
        6197
        6204
        6206
        6212
        6235
        6236
        6238
        6256
        6261
        6278
        6284
        6289
        6291
        6292
        6293
        6294
        6295
        6297
        6300
        6302
        6312
        6337
        6343
        6344
        6348
        6349
        6351
        6352
        6356
        6362
        6365
        6383
        6385
        6387
        6399
        6411
        6435
        6439
        6466
        6467
        6469
        6474
        6480
        6485
        6487
        6497
        6498
        6505
        6515
        6518
        6519
        6527
        6530
        6548
        6551
        6578
        6587
        6588
        6590
        6597
        6598
        6602
        6610
        6612
        6620
        6623
        6624
        6641
        6679
        6684
        6686
        6687
        6691
        6703
        6725
        6746
        6755
        6756
        6762
        6776
        6799
        6805
        6807
        6815
        6820
        6825
        6840
        6852
        6853
        6863
        6870
        6871
        6877
        6879
        6886
        6912
        6931
        6937
        6941
        6943
        6951
        6961
        6967
        6972
        6979
        6989
        7000
        7025
        7027
        7028
        7030
        7031
        7037
        7047
        7049
        7055
        7066
        7072
        7081
        7088
        7091
        7097
        7101
        7107
        7114
        7120
        7121
        7124
        7129
        7133
        7165
        7187
        7189
        7192
        7195
        7197
        7198
        7217
        7219
        7222
        7225
        7230
        7240
        7248
        7252
        7255
        7271
        7275
        7285
        7294
        7299
        7301
        7303
        7305
        7310
        7314
        7318
        7328
        7333
        7334
        7336
        7337
        7338
        7345
        7350
        7364
        7366
        7370
        7372
        7375
        7384
        7393
        7399
        7404
        7420
        7422
        7429
        7456
        7468
        7471
        7495
        7497
        7506
        7521
        7522
        7524
        7526
        7529
        7532
        7566
        7602
        7626
        7638
        7640
        7644
        7645
        7670
        7674
        7678
        7686
        7692
        7700
        7711
        7718
        7719
        7725
        7728
        7729
        7730
        7740
        7744
        7757
        7759
        7763
        7765
        7783
        7786
        7834
        7837
        7844
        7850
        7859
        7863
        7867
        7889
        7900
        7901
        7908
        7917
        7936
        7941
        7950
        7971
        7974
        7979
        8001
        8002
        8021
        8025
        8033
        8053
        8088
        8093
        8097
        8105
        8118
        8119
        8121
        8128
        8130
        8136
        8147
        8152
        8156
        8161
        8164
        8173
        8176
        8185
        8186
        8198
        8205
        8212
        8224
        8247
        8268
        8280
        8286
        8287
        8291
        8296
        8300
        8305
        8318
        8325
        8337
        8341
        8347
        8356
        8383
        8393
        8395
        8402
        8408
        8415
        8416
        8426
        8432
        8438
        8446
        8456
        8461
        8462
        8463
        8464
        8468
        8474
        8475
        8490
        8498
        8508
        8526
        8550
        8552
        8553
        8562
        8563
        8565
        8591
        8605
        8618
        8624
        8630
        8640
        8649
        8652
        8678
        8703
        8711
        8715
        8732
        8734
        8744
        8785
        8789
        8792
        8800
        8803
        8817
        8829
        8842
        8873
        8890
        8900
        8917
        8929
        8933
        8938
        8960
        8987
        8989
