        12
        13
        16
        34
        54
        55
        59
        63
        67
        78
        79
        80
        82
        103
        110
        122
        124
        125
        126
        128
        134
        135
        139
        145
        155
        159
        169
        173
        177
        190
        197
        204
        205
        218
        223
        225
        233
        264
        275
        276
        283
        290
        298
        309
        318
        319
        342
        373
        386
        431
        444
        459
        463
        472
        495
        507
        522
        526
        532
        542
        550
        553
        554
        560
        569
        578
        581
        582
        583
        586
        587
        594
        613
        621
        629
        630
        640
        642
        647
        649
        666
        668
        672
        682
        727
        738
        775
        805
        806
        862
        877
        878
        883
        885
        888
        891
        894
        903
        905
        926
        929
        931
        932
        937
        942
        944
        949
        980
        988
        995
        1003
        1009
        1012
        1027
        1049
        1050
        1063
        1075
        1079
        1090
        1106
        1112
        1135
        1144
        1148
        1149
        1152
        1154
        1158
        1162
        1171
        1172
        1181
        1188
        1194
        1199
        1204
        1207
        1209
        1211
        1231
        1232
        1235
        1240
        1246
        1250
        1252
        1259
        1261
        1298
        1322
        1335
        1339
        1340
        1355
        1358
        1360
        1367
        1368
        1374
        1376
        1377
        1380
        1381
        1384
        1385
        1390
        1396
        1400
        1423
        1429
        1433
        1444
        1448
        1449
        1451
        1458
        1459
        1464
        1480
        1481
        1485
        1486
        1494
        1496
        1506
        1510
        1520
        1522
        1537
        1545
        1551
        1552
        1566
        1570
        1575
        1578
        1579
        1582
        1586
        1600
        1603
        1623
        1637
        1646
        1651
        1659
        1661
        1679
        1682
        1688
        1701
        1710
        1714
        1717
        1732
        1742
        1745
        1749
        1755
        1762
        1770
        1774
        1775
        1778
        1785
        1810
        1814
        1817
        1818
        1820
        1821
        1822
        1826
        1849
        1852
        1853
        1855
        1865
        1870
        1877
        1878
        1889
        1898
        1899
        1900
        1911
        1916
        1918
        1924
        1940
        1951
        1952
        1955
        1973
        1976
        1988
        1994
        2004
        2021
        2034
        2037
        2041
        2046
        2049
        2056
        2057
        2058
        2060
        2066
        2083
        2093
        2104
        2112
        2115
        2120
        2134
        2147
        2148
        2166
        2168
        2180
        2182
        2185
        2186
        2189
        2200
        2210
        2218
        2242
        2251
        2262
        2267
        2275
        2289
        2294
        2295
        2301
        2305
        2311
        2323
        2327
        2340
        2352
        2371
        2378
        2384
        2386
        2387
        2388
        2390
        2392
        2397
        2398
        2400
        2410
        2412
        2415
        2421
        2423
        2454
        2464
        2496
        2503
        2532
        2546
        2549
        2554
        2555
        2556
        2557
        2558
        2561
        2563
        2573
        2580
        2584
        2591
        2597
        2599
        2614
        2615
        2616
        2617
        2622
        2626
        2637
        2639
        2645
        2647
        2651
        2659
        2660
        2663
        2664
        2666
        2668
        2676
        2679
        2686
        2698
        2704
        2705
        2713
        2721
        2725
        2740
        2741
        2746
        2758
        2759
        2763
        2768
        2772
        2773
        2781
        2783
        2800
        2808
        2817
        2822
        2832
        2853
        2903
        2911
        2913
        2914
        2922
        2941
        2948
        2952
        2961
        2968
        2971
        2972
        2979
        2986
        2991
        3011
        3014
        3021
        3032
        3039
        3060
        3069
        3080
        3088
        3090
        3099
        3104
        3106
        3129
        3134
        3141
        3153
        3173
        3181
        3190
        3194
        3199
        3212
        3218
        3232
        3234
        3235
        3237
        3238
        3244
        3254
        3270
        3295
        3296
        3299
        3303
        3306
        3312
        3313
        3323
        3345
        3352
        3363
        3364
        3372
        3375
        3377
        3381
        3387
        3389
        3399
        3400
        3402
        3413
        3416
        3417
        3426
        3429
        3438
        3446
        3450
        3454
        3465
        3472
        3495
        3499
        3511
        3518
        3522
        3544
        3560
        3588
        3621
        3631
        3644
        3653
        3662
        3667
        3668
        3669
        3684
        3702
        3703
        3708
        3717
        3724
        3729
        3734
        3743
        3760
        3775
        3776
        3781
        3807
        3820
        3821
        3828
        3829
        3831
        3847
        3855
        3860
        3868
        3872
        3881
        3900
        3906
        3910
        3918
        3920
        3921
        3936
        3946
        3952
        3955
        3958
        3970
        3973
        3977
        3979
        3981
        3990
        4002
        4004
        4008
        4015
        4035
        4045
        4050
        4057
        4068
        4074
        4080
        4083
        4084
        4087
        4088
        4089
        4091
        4097
        4109
        4112
        4128
        4132
        4143
        4146
        4150
        4153
        4154
        4166
        4168
        4179
        4216
        4222
        4223
        4234
        4241
        4243
        4248
        4253
        4254
        4266
        4268
        4270
        4274
        4277
        4283
        4312
        4319
        4324
        4327
        4333
        4337
        4342
        4358
        4379
        4390
        4397
        4422
        4425
        4436
        4438
        4453
        4455
        4481
        4482
        4493
        4494
        4510
        4517
        4522
        4523
        4532
        4534
        4538
        4557
        4559
        4561
        4575
        4581
        4582
        4589
        4594
        4624
        4636
        4639
        4660
        4662
        4670
        4691
        4696
        4703
        4712
        4729
        4731
        4733
        4735
        4744
        4745
        4762
        4765
        4787
        4788
        4794
        4801
        4807
        4814
        4819
        4829
        4832
        4839
        4842
        4843
        4858
        4860
        4882
        4896
        4901
        4902
        4907
        4910
        4919
        4922
        4932
        4934
        4936
        4939
        4941
        4967
        4982
        4993
        4998
        5001
        5008
        5014
        5016
        5020
        5024
        5036
        5038
        5043
        5047
        5051
        5056
        5068
        5073
        5075
        5083
        5088
        5090
        5099
        5106
        5107
        5109
        5122
        5141
        5165
        5168
        5174
        5177
        5204
        5211
        5217
        5218
        5220
        5248
        5250
        5252
        5257
        5259
        5260
        5262
        5265
        5280
        5289
        5292
        5293
        5298
        5299
        5308
        5321
        5332
        5343
        5349
        5354
        5382
        5389
        5392
        5403
        5412
        5420
        5422
        5424
        5427
        5433
        5440
        5441
        5447
        5454
        5460
        5469
        5480
        5490
        5492
        5498
        5500
        5506
        5508
        5523
        5533
        5547
        5548
        5553
        5558
        5571
        5572
        5587
        5594
        5597
        5610
        5611
        5618
        5623
        5632
        5638
        5644
        5646
        5659
        5662
        5666
        5677
        5679
        5685
        5692
        5698
        5707
        5708
        5725
        5733
        5736
        5774
        5780
        5782
        5789
        5799
        5808
        5816
        5830
        5834
        5837
        5865
        5879
        5889
        5900
        5902
        5914
        5920
        5926
        5931
        5935
        5941
        5956
        5973
        5983
        5988
        5994
        5997
        6003
        6013
        6016
        6023
        6031
        6037
        6038
        6042
        6063
        6073
        6075
        6085
        6086
        6090
        6105
        6107
        6117
        6119
        6122
        6129
        6137
        6143
        6145
        6147
        6169
        6180
        6182
        6195
        6204
        6206
        6210
        6232
        6259
        6269
        6274
        6284
        6286
        6309
        6311
        6316
        6321
        6329
        6341
        6358
        6360
        6375
        6378
        6389
        6393
        6394
        6400
        6408
        6416
        6427
        6438
        6451
        6468
        6486
        6488
        6490
        6495
        6498
        6500
        6505
        6513
        6517
        6519
        6529
        6534
        6536
        6537
        6540
        6543
        6548
        6551
        6556
        6561
        6565
        6572
        6585
        6586
        6589
        6600
        6601
        6606
        6609
        6612
        6618
        6625
        6639
        6642
        6662
        6665
        6691
        6703
        6710
        6725
        6729
        6747
        6756
        6771
        6776
        6779
        6794
        6803
        6805
        6813
        6819
        6828
        6835
        6838
        6841
        6842
        6843
        6845
        6889
        6892
        6903
        6911
        6915
        6923
        6938
        6941
        6950
        6974
        6986
        6996
        7020
        7021
        7025
        7030
        7053
        7057
        7061
        7066
        7069
        7080
        7081
        7087
        7090
        7092
        7098
        7101
        7103
        7107
        7114
        7117
        7118
        7121
        7127
        7146
        7151
        7161
        7164
        7170
        7171
        7173
        7209
        7211
        7218
        7222
        7225
        7229
        7236
        7239
        7242
        7246
        7250
        7254
        7255
        7262
        7263
        7268
        7277
        7279
        7281
        7283
        7295
        7314
        7316
        7324
        7327
        7335
        7337
        7341
        7342
        7343
        7356
        7368
        7377
        7378
        7382
        7383
        7384
        7385
        7386
        7389
        7402
        7404
        7425
        7443
        7454
        7458
        7470
        7475
        7481
        7482
        7484
        7494
        7505
        7516
        7518
        7521
        7522
        7524
        7539
        7542
        7573
        7586
        7592
        7594
        7596
        7601
        7617
        7618
        7625
        7626
        7627
        7633
        7671
        7679
        7691
        7692
        7698
        7705
        7716
        7720
        7722
        7727
        7728
        7733
        7739
        7751
        7759
        7762
        7765
        7769
        7770
        7772
        7777
        7778
        7793
        7795
        7801
        7809
        7815
        7817
        7820
        7821
        7830
        7840
        7844
        7851
        7854
        7859
        7871
        7876
        7878
        7879
        7882
        7908
        7910
        7932
        7940
        7943
        7956
        7962
        7969
        7980
        7987
        7999
        8006
        8012
        8017
        8020
        8030
        8040
        8053
        8054
        8068
        8088
        8089
        8091
        8092
        8093
        8102
        8106
        8112
        8118
        8127
        8146
        8148
        8151
        8158
        8163
        8164
        8185
        8188
        8206
        8207
        8213
        8257
        8259
        8269
        8274
        8276
        8293
        8303
        8305
        8311
        8318
        8324
        8346
        8347
        8358
        8362
        8378
        8399
        8409
        8413
        8420
        8421
        8425
        8431
        8436
        8462
        8464
        8466
        8472
        8492
        8494
        8502
        8527
        8541
        8543
        8550
        8554
        8559
        8569
        8577
        8602
        8621
        8632
        8633
        8635
        8654
        8668
        8683
        8715
        8719
        8728
        8731
        8733
        8746
        8750
        8763
        8777
        8780
        8787
        8795
        8800
        8802
        8812
        8813
        8819
        8820
        8821
        8822
        8825
        8831
        8836
        8853
        8858
        8865
        8873
        8876
        8877
        8881
        8888
        8905
        8925
        8926
        8927
        8930
        8946
        8990
