        9
        17
        23
        33
        36
        41
        44
        48
        62
        67
        69
        89
        96
        100
        103
        110
        117
        122
        132
        143
        157
        172
        178
        184
        195
        208
        217
        230
        231
        233
        247
        256
        260
        265
        291
        293
        306
        324
        342
        359
        369
        373
        377
        380
        387
        394
        409
        410
        414
        433
        442
        445
        455
        464
        470
        472
        476
        482
        488
        493
        512
        520
        521
        537
        539
        543
        548
        551
        552
        554
        573
        587
        590
        594
        597
        627
        631
        640
        644
        647
        655
        656
        666
        672
        674
        680
        681
        683
        690
        691
        700
        703
        711
        718
        720
        723
        741
        746
        751
        757
        761
        768
        773
        782
        808
        822
        826
        870
        887
        890
        896
        906
        912
        928
        949
        951
        954
        955
        961
        963
        988
        1008
        1009
        1012
        1019
        1020
        1023
        1024
        1030
        1033
        1039
        1056
        1061
        1064
        1068
        1077
        1080
        1093
        1132
        1133
        1139
        1150
        1152
        1163
        1174
        1187
        1199
        1206
        1208
        1209
        1220
        1234
        1248
        1258
        1260
        1261
        1280
        1321
        1323
        1334
        1341
        1345
        1350
        1380
        1397
        1408
        1411
        1414
        1425
        1433
        1435
        1445
        1469
        1479
        1484
        1491
        1496
        1516
        1521
        1529
        1537
        1550
        1556
        1557
        1558
        1576
        1592
        1595
        1603
        1649
        1650
        1672
        1678
        1683
        1686
        1715
        1723
        1770
        1781
        1788
        1804
        1806
        1817
        1821
        1827
        1831
        1832
        1834
        1836
        1840
        1841
        1845
        1849
        1865
        1867
        1869
        1871
        1875
        1877
        1883
        1884
        1892
        1908
        1913
        1915
        1940
        1941
        1944
        1949
        1953
        1956
        1957
        1958
        1967
        1969
        1977
        1978
        1993
        1999
        2028
        2047
        2062
        2070
        2080
        2090
        2100
        2102
        2112
        2121
        2126
        2144
        2159
        2166
        2175
        2183
        2192
        2194
        2196
        2208
        2216
        2219
        2221
        2240
        2244
        2247
        2254
        2255
        2256
        2262
        2266
        2281
        2293
        2301
        2307
        2315
        2319
        2321
        2327
        2328
        2351
        2352
        2353
        2354
        2367
        2370
        2372
        2378
        2380
        2386
        2389
        2395
        2399
        2401
        2409
        2423
        2425
        2426
        2432
        2452
        2453
        2464
        2472
        2480
        2482
        2485
        2486
        2502
        2521
        2530
        2537
        2539
        2540
        2543
        2545
        2547
        2558
        2576
        2580
        2605
        2608
        2610
        2618
        2620
        2622
        2631
        2637
        2671
        2692
        2696
        2713
        2743
        2748
        2754
        2755
        2757
        2783
        2786
        2827
        2831
        2844
        2862
        2871
        2887
        2895
        2903
        2906
        2909
        2920
        2921
        2925
        2927
        2930
        2935
        2948
        2963
        2964
        2966
        2967
        2968
        2974
        2975
        2976
        2980
        2986
        2990
        3009
        3012
        3017
        3019
        3026
        3030
        3031
        3044
        3047
        3059
        3060
        3064
        3066
        3068
        3069
        3074
        3087
        3096
        3100
        3111
        3118
        3121
        3128
        3137
        3139
        3149
        3160
        3171
        3175
        3183
        3189
        3204
        3208
        3209
        3212
        3220
        3234
        3241
        3244
        3248
        3255
        3261
        3268
        3291
        3298
        3305
        3321
        3323
        3329
        3330
        3342
        3376
        3388
        3405
        3408
        3412
        3422
        3425
        3427
        3435
        3452
        3467
        3469
        3488
        3492
        3514
        3521
        3524
        3526
        3527
        3528
        3529
        3531
        3545
        3556
        3566
        3584
        3606
        3607
        3621
        3624
        3625
        3627
        3628
        3629
        3638
        3644
        3659
        3667
        3684
        3730
        3734
        3739
        3747
        3764
        3784
        3785
        3787
        3802
        3811
        3819
        3839
        3841
        3843
        3845
        3847
        3872
        3909
        3919
        3938
        3948
        3952
        3955
        3957
        3960
        3968
        3985
        3989
        3990
        3993
        3997
        4003
        4017
        4025
        4048
        4049
        4076
        4078
        4088
        4094
        4097
        4100
        4118
        4129
        4134
        4143
        4145
        4158
        4168
        4172
        4173
        4178
        4190
        4193
        4197
        4198
        4203
        4210
        4222
        4230
        4242
        4244
        4246
        4259
        4265
        4271
        4283
        4302
        4303
        4304
        4306
        4314
        4335
        4340
        4344
        4347
        4358
        4367
        4371
        4376
        4399
        4407
        4413
        4425
        4429
        4437
        4447
        4449
        4451
        4453
        4460
        4468
        4472
        4483
        4493
        4498
        4513
        4521
        4525
        4532
        4533
        4539
        4545
        4547
        4548
        4556
        4568
        4577
        4593
        4594
        4599
        4601
        4607
        4611
        4617
        4623
        4624
        4629
        4633
        4637
        4642
        4645
        4651
        4654
        4655
        4659
        4660
        4665
        4675
        4680
        4681
        4682
        4697
        4702
        4703
        4712
        4720
        4730
        4732
        4735
        4739
        4742
        4761
        4762
        4763
        4767
        4769
        4771
        4781
        4783
        4791
        4797
        4801
        4821
        4822
        4826
        4837
        4854
        4863
        4875
        4883
        4894
        4912
        4917
        4918
        4919
        4920
        4922
        4933
        4934
        4941
        4950
        4955
        4958
        5000
        5006
        5008
        5014
        5032
        5043
        5065
        5071
        5084
        5085
        5090
        5091
        5095
        5105
        5106
        5108
        5113
        5130
        5132
        5137
        5149
        5171
        5179
        5197
        5201
        5204
        5215
        5219
        5226
        5230
        5234
        5235
        5236
        5247
        5255
        5256
        5257
        5265
        5310
        5311
        5321
        5326
        5331
        5341
        5347
        5367
        5368
        5394
        5396
        5399
        5404
        5410
        5413
        5423
        5438
        5441
        5463
        5465
        5470
        5477
        5486
        5487
        5511
        5516
        5526
        5527
        5529
        5539
        5545
        5559
        5575
        5579
        5580
        5584
        5585
        5587
        5593
        5594
        5611
        5627
        5628
        5633
        5635
        5638
        5640
        5641
        5652
        5661
        5668
        5669
        5674
        5684
        5686
        5706
        5709
        5710
        5711
        5713
        5717
        5720
        5722
        5727
        5731
        5746
        5751
        5768
        5775
        5784
        5795
        5797
        5803
        5804
        5809
        5837
        5838
        5839
        5840
        5841
        5851
        5855
        5867
        5888
        5892
        5893
        5905
        5911
        5914
        5915
        5928
        5942
        5947
        5954
        5955
        5958
        5961
        5962
        5964
        5970
        5982
        5985
        5993
        6009
        6010
        6011
        6017
        6032
        6048
        6057
        6059
        6067
        6071
        6072
        6073
        6074
        6075
        6076
        6080
        6086
        6107
        6108
        6116
        6123
        6131
        6135
        6147
        6148
        6152
        6157
        6161
        6170
        6182
        6185
        6192
        6193
        6213
        6223
        6225
        6230
        6239
        6241
        6254
        6256
        6259
        6266
        6270
        6278
        6281
        6295
        6297
        6298
        6308
        6314
        6327
        6335
        6381
        6384
        6387
        6397
        6399
        6404
        6414
        6418
        6424
        6427
        6437
        6441
        6448
        6450
        6457
        6474
        6479
        6495
        6499
        6501
        6509
        6510
        6519
        6543
        6547
        6562
        6565
        6569
        6573
        6583
        6589
        6593
        6598
        6604
        6608
        6637
        6659
        6661
        6670
        6673
        6680
        6681
        6682
        6693
        6695
        6698
        6701
        6710
        6715
        6725
        6727
        6728
        6742
        6752
        6756
        6757
        6758
        6763
        6764
        6767
        6794
        6807
        6819
        6853
        6856
        6882
        6885
        6891
        6896
        6898
        6899
        6907
        6911
        6916
        6917
        6930
        6934
        6935
        6937
        6938
        6946
        6948
        6958
        6971
        6980
        6992
        7005
        7017
        7018
        7020
        7022
        7029
        7038
        7040
        7047
        7069
        7071
        7080
        7081
        7082
        7083
        7088
        7105
        7112
        7120
        7122
        7124
        7125
        7128
        7129
        7148
        7149
        7152
        7155
        7160
        7161
        7170
        7171
        7184
        7194
        7206
        7209
        7211
        7216
        7219
        7223
        7240
        7248
        7255
        7260
        7267
        7271
        7291
        7299
        7300
        7304
        7310
        7315
        7316
        7320
        7324
        7334
        7337
        7342
        7357
        7365
        7366
        7373
        7379
        7397
        7406
        7412
        7414
        7422
        7430
        7438
        7439
        7440
        7446
        7458
        7468
        7473
        7491
        7505
        7512
        7524
        7527
        7533
        7544
        7551
        7557
        7559
        7561
        7562
        7563
        7565
        7570
        7571
        7579
        7583
        7596
        7611
        7619
        7621
        7626
        7637
        7654
        7669
        7677
        7693
        7711
        7712
        7722
        7727
        7729
        7735
        7736
        7738
        7744
        7746
        7747
        7778
        7782
        7786
        7792
        7805
        7809
        7815
        7822
        7828
        7837
        7838
        7842
        7862
        7864
        7870
        7874
        7881
        7890
        7896
        7898
        7930
        7933
        7935
        7940
        7943
        7953
        7954
        7981
        7989
        8000
        8016
        8023
        8024
        8030
        8035
        8049
        8073
        8075
        8083
        8086
        8093
        8111
        8116
        8136
        8147
        8148
        8159
        8167
        8179
        8182
        8186
        8196
        8210
        8213
        8228
        8232
        8238
        8262
        8264
        8270
        8281
        8286
        8298
        8304
        8306
        8309
        8323
        8326
        8330
        8349
        8356
        8359
        8360
        8365
        8366
        8367
        8369
        8371
        8372
        8380
        8390
        8391
        8393
        8394
        8397
        8398
        8405
        8418
        8439
        8440
        8444
        8453
        8454
        8469
        8470
        8473
        8482
        8486
        8490
        8493
        8501
        8508
        8512
        8533
        8538
        8541
        8543
        8547
        8551
        8562
        8564
        8568
        8571
        8577
        8591
        8599
        8602
        8609
        8619
        8629
        8632
        8634
        8645
        8679
        8693
        8694
        8697
        8699
        8702
        8718
        8723
        8725
        8726
        8727
        8729
        8732
        8736
        8759
        8768
        8778
        8787
        8791
        8793
        8796
        8799
        8808
        8809
        8821
        8830
        8841
        8842
        8852
        8859
        8866
        8884
        8900
        8912
        8913
        8916
        8918
        8920
        8921
        8924
        8932
        8940
        8944
        8967
        8969
        8985
        8987
