        6
        16
        18
        20
        24
        34
        54
        61
        69
        70
        75
        76
        82
        93
        94
        96
        118
        120
        131
        133
        145
        150
        166
        167
        171
        173
        175
        188
        222
        225
        238
        253
        254
        285
        289
        295
        299
        316
        317
        318
        319
        321
        332
        337
        338
        342
        343
        346
        350
        367
        374
        375
        377
        379
        381
        384
        394
        403
        431
        432
        440
        454
        461
        467
        472
        474
        497
        501
        513
        519
        523
        526
        535
        546
        580
        587
        589
        614
        619
        632
        635
        638
        649
        652
        664
        672
        673
        678
        679
        683
        686
        696
        707
        708
        714
        723
        734
        736
        743
        751
        752
        761
        767
        768
        772
        784
        788
        793
        798
        800
        802
        811
        826
        838
        840
        843
        849
        851
        858
        866
        869
        871
        878
        887
        890
        892
        905
        928
        940
        947
        981
        999
        1001
        1002
        1003
        1005
        1006
        1014
        1016
        1019
        1020
        1024
        1032
        1035
        1036
        1038
        1051
        1065
        1066
        1071
        1100
        1106
        1107
        1110
        1114
        1127
        1135
        1146
        1156
        1163
        1164
        1166
        1190
        1193
        1199
        1221
        1225
        1230
        1240
        1242
        1255
        1257
        1268
        1292
        1293
        1295
        1297
        1335
        1338
        1346
        1355
        1367
        1373
        1374
        1376
        1377
        1393
        1428
        1430
        1431
        1439
        1450
        1463
        1465
        1467
        1487
        1490
        1492
        1520
        1522
        1526
        1530
        1539
        1559
        1567
        1574
        1593
        1601
        1626
        1627
        1633
        1635
        1639
        1641
        1642
        1647
        1650
        1660
        1661
        1672
        1680
        1691
        1705
        1708
        1712
        1716
        1718
        1762
        1768
        1772
        1778
        1779
        1807
        1809
        1814
        1821
        1834
        1840
        1845
        1850
        1852
        1857
        1865
        1870
        1887
        1895
        1902
        1929
        1938
        1942
        1946
        1956
        1963
        1966
        1975
        1981
        1984
        1996
        2008
        2018
        2031
        2034
        2047
        2057
        2093
        2117
        2127
        2148
        2152
        2162
        2168
        2175
        2177
        2178
        2181
        2189
        2192
        2193
        2194
        2200
        2202
        2205
        2216
        2220
        2227
        2232
        2234
        2244
        2246
        2249
        2251
        2252
        2257
        2258
        2275
        2276
        2278
        2294
        2302
        2312
        2314
        2329
        2333
        2355
        2357
        2358
        2365
        2378
        2395
        2405
        2418
        2426
        2427
        2439
        2444
        2450
        2468
        2490
        2494
        2501
        2504
        2506
        2511
        2517
        2522
        2525
        2527
        2535
        2548
        2554
        2563
        2564
        2565
        2596
        2597
        2601
        2609
        2611
        2616
        2628
        2629
        2639
        2647
        2652
        2668
        2669
        2674
        2686
        2702
        2713
        2717
        2725
        2727
        2730
        2732
        2752
        2760
        2762
        2786
        2792
        2795
        2805
        2813
        2817
        2832
        2842
        2844
        2846
        2847
        2848
        2851
        2852
        2855
        2862
        2868
        2873
        2936
        2961
        2965
        2966
        2970
        2972
        2974
        2975
        2988
        2997
        3001
        3003
        3005
        3006
        3007
        3009
        3011
        3020
        3023
        3025
        3029
        3045
        3052
        3058
        3072
        3080
        3082
        3099
        3102
        3112
        3118
        3123
        3125
        3130
        3145
        3159
        3203
        3205
        3208
        3226
        3254
        3256
        3265
        3269
        3271
        3279
        3281
        3282
        3287
        3297
        3301
        3314
        3325
        3327
        3342
        3347
        3348
        3349
        3355
        3363
        3370
        3380
        3384
        3387
        3388
        3417
        3424
        3427
        3442
        3457
        3462
        3479
        3502
        3504
        3510
        3517
        3524
        3538
        3541
        3550
        3570
        3577
        3601
        3608
        3616
        3625
        3629
        3630
        3633
        3635
        3636
        3637
        3641
        3647
        3668
        3675
        3681
        3689
        3690
        3691
        3694
        3701
        3714
        3731
        3739
        3745
        3753
        3758
        3770
        3772
        3776
        3781
        3784
        3787
        3791
        3797
        3815
        3818
        3822
        3825
        3846
        3850
        3853
        3875
        3880
        3907
        3909
        3961
        3967
        3969
        3972
        3981
        3988
        3994
        3997
        4017
        4020
        4023
        4026
        4040
        4041
        4042
        4049
        4051
        4053
        4054
        4063
        4075
        4079
        4080
        4087
        4096
        4102
        4111
        4117
        4128
        4131
        4132
        4139
        4142
        4154
        4157
        4171
        4180
        4202
        4207
        4215
        4217
        4222
        4225
        4237
        4245
        4248
        4272
        4274
        4280
        4282
        4285
        4286
        4304
        4321
        4330
        4336
        4342
        4353
        4357
        4361
        4369
        4375
        4377
        4389
        4394
        4406
        4409
        4411
        4417
        4429
        4437
        4445
        4482
        4484
        4491
        4492
        4493
        4507
        4521
        4544
        4548
        4549
        4550
        4555
        4559
        4561
        4563
        4566
        4576
        4614
        4621
        4648
        4663
        4667
        4673
        4675
        4678
        4679
        4682
        4691
        4694
        4706
        4721
        4723
        4731
        4738
        4742
        4770
        4771
        4774
        4793
        4795
        4804
        4807
        4810
        4813
        4822
        4823
        4826
        4838
        4840
        4844
        4852
        4864
        4880
        4893
        4901
        4904
        4913
        4949
        4953
        4954
        4960
        4962
        4964
        4985
        5004
        5009
        5013
        5027
        5030
        5039
        5042
        5044
        5049
        5055
        5062
        5067
        5069
        5073
        5076
        5080
        5083
        5106
        5107
        5109
        5112
        5116
        5126
        5127
        5129
        5131
        5142
        5148
        5151
        5155
        5160
        5176
        5179
        5190
        5191
        5194
        5195
        5196
        5200
        5204
        5207
        5210
        5215
        5219
        5223
        5225
        5228
        5233
        5249
        5251
        5258
        5268
        5277
        5303
        5307
        5315
        5324
        5326
        5329
        5373
        5381
        5382
        5386
        5388
        5391
        5399
        5408
        5411
        5421
        5429
        5434
        5438
        5445
        5459
        5474
        5489
        5493
        5512
        5513
        5520
        5529
        5532
        5539
        5548
        5551
        5552
        5566
        5568
        5580
        5586
        5590
        5600
        5606
        5607
        5609
        5613
        5620
        5623
        5626
        5638
        5650
        5654
        5662
        5663
        5665
        5676
        5681
        5684
        5685
        5686
        5689
        5691
        5697
        5708
        5709
        5714
        5731
        5745
        5751
        5755
        5767
        5776
        5781
        5790
        5793
        5800
        5806
        5808
        5818
        5819
        5822
        5823
        5824
        5830
        5831
        5834
        5837
        5839
        5853
        5856
        5866
        5867
        5870
        5881
        5889
        5895
        5896
        5911
        5912
        5913
        5915
        5916
        5920
        5930
        5939
        5946
        5949
        5967
        5980
        5985
        5987
        5995
        6002
        6008
        6015
        6018
        6025
        6043
        6052
        6053
        6072
        6076
        6097
        6127
        6132
        6139
        6140
        6143
        6148
        6157
        6165
        6171
        6172
        6192
        6212
        6214
        6215
        6239
        6245
        6252
        6274
        6278
        6286
        6289
        6300
        6301
        6305
        6331
        6334
        6355
        6369
        6373
        6374
        6376
        6377
        6381
        6389
        6393
        6396
        6405
        6436
        6453
        6461
        6482
        6486
        6492
        6495
        6515
        6519
        6521
        6522
        6529
        6534
        6543
        6544
        6546
        6555
        6559
        6561
        6566
        6585
        6589
        6592
        6595
        6604
        6613
        6617
        6623
        6624
        6632
        6635
        6642
        6647
        6648
        6658
        6659
        6674
        6677
        6678
        6685
        6695
        6716
        6719
        6723
        6730
        6740
        6741
        6756
        6761
        6769
        6774
        6780
        6782
        6790
        6793
        6798
        6801
        6802
        6821
        6830
        6831
        6837
        6849
        6855
        6859
        6861
        6864
        6866
        6875
        6879
        6887
        6891
        6894
        6895
        6904
        6907
        6909
        6914
        6915
        6920
        6925
        6936
        6938
        6944
        6968
        6972
        6975
        6980
        6983
        6991
        6992
        6996
        7013
        7016
        7021
        7030
        7037
        7043
        7048
        7053
        7060
        7068
        7070
        7075
        7078
        7082
        7085
        7088
        7090
        7091
        7092
        7110
        7128
        7133
        7135
        7139
        7152
        7159
        7160
        7161
        7165
        7168
        7169
        7180
        7197
        7204
        7212
        7219
        7222
        7227
        7242
        7262
        7266
        7270
        7272
        7274
        7276
        7279
        7281
        7285
        7287
        7294
        7306
        7318
        7320
        7333
        7334
        7343
        7344
        7345
        7349
        7354
        7355
        7356
        7358
        7383
        7385
        7400
        7420
        7424
        7432
        7438
        7449
        7452
        7455
        7461
        7466
        7482
        7501
        7507
        7513
        7518
        7541
        7551
        7554
        7565
        7567
        7574
        7583
        7623
        7630
        7632
        7636
        7659
        7666
        7670
        7687
        7713
        7720
        7751
        7770
        7774
        7775
        7783
        7789
        7815
        7829
        7859
        7863
        7864
        7868
        7870
        7871
        7872
        7876
        7911
        7915
        7944
        7946
        7947
        7949
        7953
        7967
        7986
        8001
        8013
        8017
        8037
        8038
        8039
        8042
        8043
        8044
        8045
        8046
        8047
        8048
        8050
        8051
        8052
        8060
        8073
        8075
        8078
        8081
        8084
        8094
        8096
        8107
        8108
        8110
        8112
        8113
        8119
        8120
        8121
        8123
        8124
        8126
        8137
        8144
        8147
        8162
        8166
        8175
        8179
        8181
        8182
        8183
        8188
        8193
        8194
        8195
        8198
        8200
        8215
        8228
        8233
        8241
        8246
        8249
        8252
        8270
        8272
        8281
        8287
        8290
        8296
        8335
        8340
        8356
        8362
        8366
        8392
        8399
        8408
        8425
        8427
        8442
        8443
        8445
        8449
        8454
        8460
        8462
        8476
        8481
        8489
        8510
        8512
        8513
        8518
        8525
        8529
        8535
        8539
        8547
        8553
        8558
        8562
        8566
        8574
        8579
        8584
        8589
        8591
        8603
        8608
        8621
        8632
        8636
        8638
        8640
        8644
        8648
        8652
        8659
        8681
        8682
        8683
        8695
        8697
        8708
        8709
        8719
        8732
        8737
        8744
        8748
        8761
        8767
        8770
        8776
        8778
        8789
        8808
        8810
        8812
        8814
        8825
        8829
        8845
        8847
        8871
        8879
        8913
        8922
        8925
        8942
        8949
        8951
        8971
        8972
        8984
        8990
