        4
        5
        7
        10
        30
        32
        44
        61
        77
        99
        101
        106
        111
        129
        138
        150
        157
        167
        169
        172
        181
        199
        202
        204
        211
        217
        227
        228
        235
        248
        268
        270
        278
        279
        288
        289
        295
        298
        302
        304
        309
        310
        318
        325
        343
        371
        374
        386
        398
        406
        420
        424
        430
        434
        445
        447
        452
        458
        461
        462
        464
        466
        467
        477
        508
        509
        510
        512
        518
        521
        523
        531
        533
        563
        569
        591
        592
        600
        610
        617
        630
        647
        664
        666
        673
        677
        682
        693
        707
        711
        726
        931
        1149
        1159
        1160
        1162
        1164
        1166
        1170
        1171
        1175
        1177
        1180
        1182
        1184
        1187
        1190
        1191
        1193
        1195
        1197
        1200
        1201
        1203
        1209
        1215
        1226
        1227
        1232
        1233
        1235
        1236
        1256
        1261
        1267
        1278
        1280
        1293
        1308
        1310
        1314
        1319
        1322
        1331
        1333
        1334
        1361
        1363
        1367
        1369
        1382
        1384
        1403
        1418
        1426
        1438
        1444
        1463
        1469
        1504
        1524
        1528
        1542
        1551
        1554
        1582
        1612
        1618
        1624
        1625
        1630
        1647
        1651
        1653
        1658
        1662
        1673
        1681
        1684
        1686
        1700
        1725
        1729
        1731
        1732
        1742
        1743
        1753
        1764
        1783
        1788
        1796
        1803
        1806
        1817
        1822
        1823
        1827
        1828
        1834
        1850
        1853
        1874
        1891
        1898
        1903
        1926
        1963
        1965
        2002
        2011
        2034
        2053
        2065
        2069
        2070
        2104
        2113
        2123
        2140
        2150
        2153
        2164
        2184
        2188
        2195
        2197
        2202
        2207
        2210
        2215
        2236
        2238
        2260
        2277
        2284
        2300
        2305
        2332
        2368
        2403
        2411
        2428
        2440
        2465
        2493
        2496
        2503
        2505
        2509
        2510
        2515
        2520
        2522
        2537
        2542
        2544
        2545
        2546
        2551
        2552
        2554
        2558
        2569
        2578
        2579
        2581
        2582
        2590
        2598
        2601
        2616
        2619
        2620
        2621
        2629
        2630
        2639
        2650
        2653
        2662
        2674
        2677
        2694
        2695
        2698
        2699
        2702
        2703
        2705
        2717
        2723
        2725
        2730
        2736
        2746
        2755
        2764
        2775
        2780
        2800
        2842
        2857
        2859
        2875
        2886
        2887
        2898
        2899
        2905
        2919
        2927
        2944
        2946
        2949
        2969
        2980
        2992
        3007
        3009
        3019
        3043
        3044
        3047
        3059
        3062
        3068
        3072
        3076
        3078
        3080
        3090
        3093
        3096
        3100
        3118
        3124
        3125
        3127
        3129
        3144
        3150
        3159
        3160
        3162
        3173
        3176
        3185
        3197
        3204
        3243
        3252
        3264
        3268
        3272
        3274
        3293
        3306
        3324
        3326
        3329
        3336
        3338
        3343
        3354
        3383
        3387
        3388
        3391
        3392
        3404
        3407
        3408
        3409
        3410
        3421
        3425
        3461
        3470
        3480
        3482
        3491
        3495
        3499
        3509
        3559
        3571
        3595
        3599
        3601
        3602
        3606
        3616
        3619
        3629
        3637
        3638
        3643
        3646
        3653
        3658
        3661
        3665
        3666
        3669
        3673
        3676
        3677
        3694
        3698
        3712
        3721
        3725
        3745
        3774
        3808
        3813
        3815
        3817
        3819
        3829
        3830
        3834
        3838
        3848
        3850
        3856
        3867
        3878
        3897
        3914
        3916
        3917
        3934
        3939
        3947
        3961
        3964
        3973
        3976
        3978
        3985
        3987
        3994
        4031
        4034
        4035
        4046
        4057
        4058
        4066
        4072
        4084
        4091
        4114
        4118
        4120
        4125
        4138
        4143
        4145
        4150
        4155
        4160
        4163
        4166
        4167
        4204
        4207
        4213
        4227
        4232
        4244
        4263
        4278
        4285
        4290
        4294
        4299
        4301
        4302
        4303
        4304
        4305
        4308
        4321
        4326
        4334
        4338
        4340
        4346
        4364
        4370
        4395
        4416
        4424
        4427
        4436
        4450
        4484
        4489
        4502
        4507
        4513
        4514
        4515
        4518
        4520
        4521
        4525
        4527
        4538
        4540
        4542
        4544
        4547
        4549
        4550
        4554
        4567
        4568
        4582
        4587
        4598
        4604
        4610
        4615
        4631
        4635
        4639
        4644
        4647
        4655
        4663
        4676
        4713
        4715
        4718
        4724
        4733
        4747
        4750
        4751
        4757
        4761
        4763
        4764
        4768
        4772
        4773
        4775
        4780
        4785
        4791
        4800
        4802
        4804
        4809
        4810
        4818
        4821
        4825
        4830
        4832
        4834
        4836
        4853
        4858
        4878
        4887
        4895
        4905
        4908
        4909
        4912
        4916
        4920
        4924
        4929
        4936
        4947
        4953
        4959
        4971
        4972
        4973
        4978
        4981
        4985
        4991
        4993
        5005
        5009
        5011
        5022
        5026
        5035
        5036
        5051
        5052
        5056
        5071
        5098
        5109
        5115
        5130
        5148
        5159
        5161
        5164
        5189
        5197
        5211
        5213
        5218
        5227
        5235
        5246
        5253
        5257
        5259
        5275
        5277
        5287
        5309
        5313
        5326
        5329
        5340
        5349
        5363
        5375
        5385
        5388
        5396
        5399
        5404
        5409
        5432
        5433
        5439
        5443
        5457
        5474
        5478
        5480
        5495
        5496
        5499
        5519
        5554
        5564
        5565
        5572
        5577
        5579
        5580
        5581
        5584
        5592
        5618
        5620
        5622
        5624
        5631
        5637
        5641
        5642
        5644
        5655
        5660
        5662
        5664
        5665
        5670
        5671
        5677
        5678
        5682
        5685
        5699
        5700
        5701
        5703
        5705
        5706
        5713
        5720
        5737
        5745
        5750
        5754
        5757
        5766
        5769
        5788
        5819
        5821
        5830
        5848
        5850
        5859
        5863
        5866
        5867
        5871
        5880
        5900
        5930
        5934
        5936
        5954
        5957
        5968
        5974
        5977
        5981
        5983
        5987
        5995
        6000
        6005
        6007
        6011
        6015
        6030
        6039
        6046
        6053
        6061
        6070
        6071
        6073
        6084
        6104
        6105
        6108
        6110
        6114
        6115
        6117
        6121
        6128
        6136
        6149
        6160
        6164
        6175
        6178
        6179
        6180
        6221
        6224
        6226
        6245
        6250
        6264
        6265
        6272
        6274
        6275
        6276
        6282
        6289
        6305
        6313
        6322
        6335
        6336
        6337
        6338
        6341
        6342
        6343
        6345
        6346
        6360
        6362
        6374
        6381
        6406
        6407
        6409
        6411
        6416
        6423
        6425
        6428
        6430
        6441
        6456
        6474
        6490
        6494
        6496
        6497
        6501
        6511
        6515
        6520
        6545
        6546
        6611
        6619
        6620
        6628
        6643
        6648
        6653
        6654
        6655
        6669
        6683
        6700
        6705
        6709
        6714
        6728
        6735
        6739
        6740
        6744
        6764
        6772
        6775
        6777
        6780
        6783
        6787
        6789
        6790
        6791
        6794
        6824
        6827
        6828
        6829
        6833
        6843
        6846
        6849
        6855
        6867
        6869
        6880
        6899
        6916
        6932
        6934
        6938
        6939
        6960
        6966
        6974
        7001
        7003
        7006
        7023
        7026
        7031
        7038
        7041
        7044
        7047
        7051
        7059
        7066
        7084
        7087
        7088
        7109
        7117
        7141
        7143
        7170
        7171
        7176
        7177
        7178
        7181
        7186
        7197
        7200
        7203
        7222
        7223
        7225
        7235
        7248
        7258
        7259
        7262
        7265
        7269
        7271
        7272
        7273
        7274
        7286
        7287
        7289
        7300
        7315
        7319
        7320
        7334
        7336
        7344
        7351
        7360
        7363
        7382
        7401
        7411
        7417
        7418
        7432
        7440
        7442
        7448
        7453
        7460
        7486
        7487
        7488
        7491
        7494
        7503
        7508
        7525
        7528
        7544
        7546
        7548
        7553
        7555
        7559
        7571
        7573
        7579
        7585
        7589
        7594
        7602
        7627
        7629
        7633
        7645
        7649
        7663
        7666
        7667
        7669
        7695
        7697
        7707
        7719
        7721
        7729
        7735
        7739
        7742
        7752
        7768
        7774
        7780
        7786
        7788
        7791
        7803
        7808
        7814
        7830
        7841
        7847
        7848
        7851
        7861
        7868
        7877
        7880
        7882
        7902
        7912
        7936
        7938
        7947
        7949
        7955
        7965
        7967
        7971
        7972
        7981
        7989
        7995
        8006
        8028
        8033
        8040
        8048
        8051
        8053
        8057
        8073
        8080
        8085
        8095
        8096
        8101
        8106
        8136
        8137
        8139
        8144
        8147
        8154
        8155
        8161
        8169
        8176
        8178
        8184
        8186
        8188
        8202
        8206
        8208
        8211
        8213
        8222
        8224
        8231
        8235
        8237
        8258
        8259
        8261
        8264
        8276
        8278
        8279
        8281
        8290
        8311
        8312
        8314
        8319
        8320
        8323
        8344
        8348
        8358
        8360
        8378
        8381
        8385
        8386
        8387
        8393
        8394
        8402
        8414
        8416
        8418
        8420
        8422
        8445
        8455
        8460
        8474
        8477
        8483
        8497
        8520
        8530
        8532
        8533
        8536
        8548
        8551
        8556
        8565
        8568
        8570
        8573
        8576
        8577
        8579
        8588
        8604
        8620
        8621
        8626
        8628
        8629
        8658
        8663
        8682
        8687
        8704
        8710
        8718
        8724
        8729
        8737
        8738
        8762
        8763
        8765
        8770
        8776
        8778
        8783
        8784
        8790
        8797
        8811
        8817
        8822
        8834
        8836
        8838
        8840
        8850
        8852
        8871
        8872
        8874
        8876
        8879
        8893
        8894
        8896
        8915
        8918
        8922
        8929
        8931
        8933
        8954
        8961
        8967
        8974
        8991
