        2
        4
        7
        9
        11
        15
        19
        24
        27
        30
        36
        38
        58
        63
        71
        76
        93
        118
        127
        137
        143
        161
        168
        173
        174
        176
        180
        189
        190
        191
        192
        194
        195
        206
        225
        264
        277
        279
        281
        284
        296
        299
        301
        310
        312
        327
        330
        354
        362
        385
        389
        390
        396
        400
        404
        405
        407
        440
        449
        450
        454
        455
        457
        458
        482
        484
        488
        494
        505
        512
        539
        540
        541
        547
        555
        560
        561
        568
        572
        573
        579
        585
        599
        601
        603
        605
        612
        625
        629
        659
        663
        668
        672
        697
        700
        701
        703
        714
        716
        720
        723
        742
        745
        749
        757
        760
        778
        787
        789
        793
        794
        815
        816
        819
        820
        821
        825
        829
        833
        842
        854
        855
        858
        873
        875
        876
        908
        909
        933
        936
        939
        944
        949
        954
        962
        978
        983
        991
        1012
        1013
        1016
        1038
        1043
        1046
        1060
        1063
        1069
        1075
        1094
        1103
        1105
        1107
        1112
        1113
        1122
        1125
        1126
        1129
        1137
        1156
        1158
        1162
        1167
        1176
        1186
        1217
        1225
        1229
        1234
        1241
        1244
        1266
        1284
        1303
        1313
        1316
        1322
        1343
        1356
        1364
        1388
        1402
        1406
        1411
        1415
        1416
        1438
        1444
        1447
        1454
        1458
        1479
        1491
        1518
        1521
        1565
        1582
        1584
        1586
        1587
        1592
        1595
        1599
        1604
        1619
        1628
        1629
        1634
        1635
        1636
        1655
        1656
        1669
        1671
        1673
        1677
        1680
        1686
        1688
        1691
        1699
        1702
        1716
        1738
        1742
        1749
        1760
        1784
        1791
        1801
        1803
        1804
        1808
        1809
        1815
        1826
        1828
        1835
        1848
        1863
        1870
        1871
        1873
        1912
        1913
        1924
        1928
        1935
        1952
        1958
        1965
        1968
        1971
        1998
        2023
        2029
        2050
        2059
        2072
        2080
        2084
        2094
        2096
        2097
        2107
        2109
        2110
        2114
        2117
        2125
        2138
        2150
        2153
        2172
        2174
        2191
        2203
        2211
        2212
        2216
        2221
        2237
        2258
        2260
        2263
        2272
        2274
        2278
        2281
        2286
        2294
        2296
        2309
        2318
        2330
        2333
        2336
        2353
        2359
        2360
        2374
        2379
        2380
        2391
        2413
        2420
        2425
        2443
        2454
        2466
        2481
        2511
        2512
        2517
        2558
        2573
        2580
        2604
        2605
        2611
        2612
        2626
        2634
        2636
        2646
        2674
        2690
        2693
        2694
        2700
        2704
        2708
        2717
        2728
        2741
        2749
        2757
        2763
        2771
        2776
        2782
        2793
        2798
        2799
        2800
        2801
        2827
        2838
        2844
        2854
        2872
        2876
        2888
        2913
        2917
        2920
        2922
        2924
        2932
        2937
        2940
        2947
        2964
        2968
        2982
        3003
        3008
        3010
        3018
        3035
        3039
        3040
        3046
        3064
        3072
        3073
        3078
        3080
        3083
        3093
        3096
        3100
        3101
        3109
        3111
        3113
        3130
        3136
        3148
        3152
        3169
        3189
        3192
        3193
        3205
        3215
        3223
        3341
        3347
        3362
        3394
        3402
        3562
        3567
        3568
        3578
        3580
        3582
        3585
        3586
        3587
        3593
        3595
        3599
        3602
        3603
        3605
        3609
        3615
        3618
        3620
        3623
        3625
        3626
        3632
        3648
        3650
        3652
        3653
        3662
        3664
        3666
        3678
        3684
        3686
        3687
        3689
        3693
        3696
        3698
        3707
        3710
        3713
        3728
        3736
        3739
        3740
        3746
        3752
        3761
        3763
        3767
        3781
        3797
        3799
        3801
        3809
        3819
        3834
        3848
        3850
        3851
        3854
        3860
        3892
        3895
        3897
        3913
        3922
        3936
        3940
        3942
        3944
        3947
        3952
        3953
        3961
        3965
        3973
        3975
        3982
        3984
        4001
        4006
        4010
        4025
        4026
        4040
        4044
        4046
        4056
        4073
        4079
        4097
        4103
        4107
        4111
        4113
        4129
        4133
        4146
        4149
        4164
        4169
        4173
        4174
        4177
        4184
        4193
        4203
        4234
        4255
        4263
        4266
        4275
        4281
        4284
        4285
        4289
        4293
        4302
        4315
        4322
        4323
        4325
        4332
        4335
        4337
        4343
        4353
        4359
        4363
        4368
        4381
        4400
        4402
        4419
        4421
        4427
        4452
        4454
        4457
        4464
        4470
        4479
        4485
        4487
        4491
        4510
        4511
        4528
        4529
        4540
        4564
        4568
        4569
        4573
        4591
        4596
        4602
        4607
        4619
        4622
        4624
        4643
        4646
        4647
        4666
        4672
        4675
        4677
        4679
        4680
        4681
        4682
        4694
        4711
        4728
        4730
        4731
        4750
        4755
        4763
        4765
        4769
        4776
        4777
        4786
        4795
        4801
        4807
        4815
        4831
        4834
        4850
        4868
        4872
        4877
        4879
        4886
        4889
        4901
        4906
        4934
        4938
        4939
        4972
        4973
        4988
        4995
        5003
        5016
        5019
        5026
        5036
        5054
        5073
        5107
        5108
        5110
        5130
        5134
        5142
        5143
        5160
        5174
        5185
        5199
        5203
        5214
        5215
        5217
        5221
        5224
        5236
        5244
        5249
        5253
        5254
        5273
        5275
        5279
        5292
        5300
        5301
        5306
        5314
        5316
        5330
        5337
        5347
        5354
        5358
        5370
        5374
        5379
        5380
        5407
        5412
        5425
        5436
        5437
        5438
        5439
        5440
        5451
        5453
        5456
        5459
        5463
        5465
        5466
        5468
        5469
        5472
        5477
        5483
        5502
        5504
        5516
        5525
        5526
        5529
        5533
        5538
        5546
        5566
        5569
        5595
        5596
        5599
        5607
        5616
        5620
        5629
        5632
        5641
        5643
        5655
        5657
        5697
        5700
        5702
        5719
        5727
        5734
        5735
        5738
        5745
        5756
        5765
        5778
        5806
        5812
        5814
        5831
        5841
        5863
        5870
        5877
        5891
        5896
        5904
        5913
        5927
        5930
        5943
        5966
        5975
        5978
        5979
        5988
        5995
        6006
        6007
        6008
        6012
        6014
        6020
        6021
        6041
        6058
        6081
        6090
        6093
        6101
        6114
        6120
        6121
        6129
        6146
        6175
        6178
        6179
        6194
        6199
        6203
        6212
        6240
        6245
        6257
        6267
        6269
        6275
        6278
        6300
        6308
        6309
        6313
        6316
        6325
        6332
        6334
        6335
        6341
        6349
        6351
        6359
        6363
        6368
        6370
        6375
        6386
        6388
        6404
        6407
        6409
        6421
        6425
        6448
        6462
        6464
        6467
        6476
        6494
        6499
        6500
        6501
        6519
        6521
        6524
        6525
        6528
        6537
        6540
        6543
        6545
        6546
        6547
        6550
        6552
        6555
        6556
        6558
        6565
        6573
        6584
        6585
        6593
        6603
        6607
        6609
        6610
        6617
        6627
        6632
        6640
        6649
        6671
        6672
        6677
        6678
        6683
        6691
        6692
        6697
        6701
        6707
        6708
        6710
        6711
        6714
        6722
        6729
        6745
        6752
        6754
        6758
        6768
        6769
        6804
        6807
        6816
        6818
        6841
        6845
        6848
        6851
        6853
        6857
        6859
        6867
        6871
        6877
        6880
        6889
        6899
        6905
        6909
        6918
        6924
        6947
        6961
        6966
        6977
        6989
        6992
        6993
        6999
        7000
        7011
        7016
        7031
        7035
        7047
        7057
        7059
        7068
        7082
        7099
        7109
        7122
        7126
        7147
        7149
        7160
        7164
        7175
        7182
        7183
        7184
        7191
        7195
        7197
        7203
        7205
        7206
        7213
        7220
        7221
        7224
        7231
        7241
        7247
        7251
        7272
        7274
        7276
        7289
        7293
        7302
        7304
        7335
        7337
        7338
        7339
        7341
        7342
        7360
        7365
        7376
        7378
        7380
        7387
        7401
        7415
        7425
        7436
        7444
        7450
        7464
        7465
        7486
        7494
        7495
        7503
        7504
        7510
        7513
        7516
        7517
        7522
        7534
        7554
        7560
        7564
        7575
        7577
        7579
        7580
        7606
        7607
        7610
        7611
        7615
        7622
        7629
        7634
        7640
        7673
        7678
        7689
        7690
        7691
        7692
        7693
        7703
        7711
        7713
        7725
        7746
        7751
        7758
        7759
        7771
        7772
        7773
        7774
        7775
        7777
        7778
        7784
        7789
        7790
        7820
        7827
        7842
        7851
        7862
        7867
        7870
        7887
        7888
        7889
        7890
        7891
        7897
        7905
        7908
        7910
        7912
        7916
        7923
        7930
        7933
        7937
        7941
        7949
        7960
        8002
        8004
        8022
        8027
        8030
        8034
        8037
        8051
        8062
        8081
        8083
        8086
        8094
        8096
        8098
        8100
        8110
        8116
        8127
        8128
        8131
        8133
        8137
        8140
        8159
        8163
        8164
        8171
        8181
        8183
        8193
        8233
        8254
        8259
        8272
        8277
        8296
        8300
        8301
        8304
        8307
        8319
        8344
        8346
        8347
        8348
        8370
        8382
        8384
        8387
        8392
        8393
        8427
        8429
        8432
        8469
        8472
        8475
        8477
        8483
        8486
        8496
        8503
        8518
        8520
        8522
        8524
        8525
        8526
        8528
        8531
        8533
        8534
        8536
        8542
        8561
        8562
        8564
        8569
        8570
        8573
        8594
        8604
        8611
        8629
        8633
        8637
        8652
        8661
        8664
        8670
        8682
        8690
        8692
        8714
        8718
        8725
        8730
        8757
        8758
        8762
        8766
        8772
        8779
        8786
        8801
        8804
        8805
        8821
        8836
        8848
        8855
        8856
        8859
        8866
        8918
        8947
        8951
        8964
        8970
        8971
        8973
        8974
        8977
        8995
