        0
        215
        216
        218
        225
        227
        232
        241
        243
        247
        249
        250
        251
        255
        258
        260
        261
        264
        265
        270
        272
        273
        274
        283
        284
        293
        299
        303
        308
        309
        311
        317
        323
        332
        334
        338
        340
        350
        357
        358
        360
        364
        365
        374
        378
        383
        391
        394
        397
        398
        402
        406
        408
        410
        415
        420
        421
        441
        442
        447
        449
        458
        463
        464
        468
        469
        476
        489
        494
        502
        506
        549
        560
        580
        582
        586
        587
        592
        606
        609
        611
        623
        624
        642
        648
        662
        676
        679
        701
        703
        705
        707
        730
        732
        734
        737
        742
        744
        746
        749
        753
        754
        755
        763
        769
        772
        777
        782
        803
        817
        818
        820
        832
        833
        840
        846
        848
        854
        856
        858
        872
        888
        893
        916
        953
        954
        955
        956
        960
        962
        969
        972
        975
        990
        992
        994
        996
        999
        1000
        1005
        1007
        1026
        1027
        1036
        1044
        1046
        1049
        1060
        1066
        1069
        1088
        1094
        1096
        1110
        1112
        1137
        1156
        1158
        1162
        1163
        1174
        1182
        1183
        1186
        1194
        1205
        1209
        1221
        1226
        1234
        1239
        1242
        1246
        1249
        1261
        1263
        1268
        1284
        1285
        1287
        1288
        1290
        1299
        1300
        1302
        1305
        1310
        1314
        1320
        1322
        1333
        1341
        1342
        1344
        1348
        1359
        1365
        1368
        1417
        1420
        1435
        1438
        1445
        1446
        1447
        1453
        1464
        1478
        1482
        1492
        1515
        1535
        1539
        1545
        1553
        1554
        1558
        1567
        1571
        1573
        1582
        1594
        1604
        1613
        1617
        1620
        1641
        1652
        1665
        1670
        1679
        1684
        1753
        1755
        1800
        1801
        1810
        1817
        1833
        1834
        1842
        1856
        1857
        1865
        1876
        1878
        1879
        1880
        1881
        1900
        1907
        1931
        1936
        1943
        1947
        1948
        1968
        1970
        1972
        1987
        1992
        2008
        2010
        2016
        2025
        2037
        2043
        2050
        2052
        2054
        2055
        2068
        2071
        2081
        2085
        2089
        2096
        2099
        2102
        2115
        2149
        2156
        2157
        2161
        2165
        2166
        2187
        2188
        2194
        2197
        2209
        2210
        2219
        2220
        2230
        2237
        2245
        2248
        2254
        2257
        2260
        2262
        2268
        2269
        2271
        2284
        2298
        2299
        2312
        2314
        2317
        2318
        2321
        2342
        2345
        2347
        2371
        2375
        2380
        2391
        2394
        2395
        2402
        2405
        2428
        2430
        2436
        2442
        2443
        2444
        2454
        2463
        2465
        2480
        2484
        2498
        2502
        2512
        2523
        2525
        2536
        2540
        2549
        2568
        2569
        2574
        2577
        2596
        2603
        2606
        2607
        2609
        2623
        2626
        2629
        2640
        2647
        2648
        2650
        2653
        2662
        2666
        2669
        2673
        2676
        2681
        2683
        2700
        2728
        2731
        2737
        2739
        2745
        2759
        2761
        2781
        2797
        2800
        2817
        2838
        2844
        2848
        2850
        2852
        2870
        2885
        2914
        2918
        2923
        2948
        2957
        2965
        2970
        2973
        2976
        2978
        2980
        2985
        2988
        2993
        3017
        3032
        3043
        3055
        3062
        3065
        3074
        3105
        3106
        3107
        3108
        3114
        3124
        3133
        3135
        3143
        3145
        3154
        3164
        3166
        3176
        3178
        3181
        3184
        3187
        3203
        3205
        3233
        3260
        3263
        3264
        3267
        3275
        3279
        3281
        3286
        3287
        3305
        3307
        3316
        3323
        3336
        3337
        3338
        3340
        3358
        3360
        3362
        3367
        3388
        3390
        3393
        3395
        3397
        3398
        3401
        3409
        3419
        3421
        3439
        3451
        3461
        3465
        3480
        3495
        3512
        3517
        3526
        3527
        3535
        3539
        3550
        3566
        3570
        3571
        3575
        3581
        3597
        3601
        3614
        3617
        3624
        3637
        3638
        3661
        3681
        3688
        3693
        3694
        3698
        3699
        3702
        3704
        3738
        3739
        3758
        3779
        3788
        3790
        3792
        3795
        3797
        3809
        3812
        3832
        3834
        3864
        3869
        3870
        3874
        3888
        3894
        3908
        3909
        3915
        3917
        3919
        3935
        3937
        3939
        3941
        3944
        3945
        3956
        3961
        3963
        3968
        3985
        3990
        3993
        3995
        4007
        4014
        4019
        4026
        4035
        4040
        4043
        4064
        4068
        4075
        4077
        4088
        4096
        4109
        4120
        4124
        4128
        4158
        4168
        4174
        4181
        4184
        4188
        4195
        4204
        4207
        4211
        4219
        4238
        4240
        4243
        4262
        4265
        4266
        4275
        4287
        4292
        4297
        4302
        4307
        4310
        4312
        4319
        4320
        4321
        4322
        4328
        4342
        4352
        4354
        4365
        4374
        4385
        4389
        4393
        4409
        4436
        4440
        4452
        4461
        4474
        4490
        4492
        4518
        4524
        4528
        4535
        4543
        4553
        4561
        4572
        4574
        4575
        4578
        4585
        4602
        4603
        4608
        4626
        4627
        4630
        4632
        4636
        4640
        4644
        4653
        4655
        4666
        4669
        4691
        4707
        4709
        4711
        4712
        4722
        4725
        4732
        4756
        4765
        4768
        4783
        4787
        4788
        4790
        4795
        4797
        4798
        4805
        4823
        4843
        4857
        4861
        4883
        4898
        4912
        4916
        4924
        4937
        4939
        4942
        4955
        4957
        4964
        4979
        4989
        5000
        5002
        5005
        5013
        5014
        5022
        5027
        5038
        5044
        5046
        5050
        5067
        5092
        5095
        5105
        5109
        5117
        5119
        5120
        5122
        5126
        5142
        5150
        5156
        5181
        5183
        5192
        5196
        5214
        5222
        5223
        5243
        5247
        5250
        5255
        5261
        5262
        5269
        5279
        5282
        5286
        5293
        5308
        5309
        5312
        5320
        5321
        5345
        5348
        5355
        5356
        5358
        5367
        5368
        5369
        5385
        5388
        5389
        5397
        5407
        5413
        5441
        5452
        5453
        5454
        5457
        5464
        5474
        5485
        5502
        5506
        5508
        5519
        5526
        5530
        5533
        5538
        5539
        5544
        5548
        5570
        5575
        5599
        5604
        5607
        5614
        5623
        5624
        5628
        5634
        5641
        5643
        5653
        5655
        5663
        5666
        5674
        5686
        5694
        5710
        5716
        5725
        5731
        5735
        5749
        5778
        5779
        5804
        5805
        5809
        5811
        5814
        5815
        5825
        5832
        5842
        5844
        5846
        5855
        5875
        5882
        5893
        5898
        5908
        5915
        5919
        5935
        5937
        5972
        5974
        5984
        5994
        6000
        6004
        6008
        6044
        6051
        6053
        6056
        6059
        6090
        6095
        6100
        6105
        6129
        6130
        6132
        6160
        6167
        6179
        6180
        6188
        6190
        6229
        6236
        6240
        6243
        6247
        6251
        6253
        6259
        6265
        6277
        6278
        6281
        6282
        6284
        6290
        6299
        6309
        6325
        6329
        6338
        6359
        6361
        6364
        6371
        6384
        6440
        6442
        6445
        6468
        6477
        6485
        6493
        6507
        6509
        6526
        6530
        6543
        6548
        6604
        6605
        6606
        6622
        6625
        6632
        6636
        6655
        6669
        6670
        6681
        6686
        6691
        6692
        6694
        6698
        6714
        6721
        6728
        6738
        6741
        6744
        6745
        6768
        6779
        6795
        6796
        6797
        6817
        6820
        6822
        6823
        6833
        6843
        6845
        6847
        6849
        6869
        6875
        6878
        6880
        6882
        6886
        6887
        6897
        6904
        6906
        6908
        6923
        6925
        6929
        6945
        6948
        6957
        6960
        6963
        6974
        6980
        6982
        6983
        7030
        7055
        7062
        7064
        7083
        7087
        7116
        7125
        7134
        7150
        7151
        7152
        7154
        7187
        7208
        7212
        7229
        7232
        7233
        7267
        7283
        7287
        7294
        7299
        7301
        7306
        7308
        7336
        7339
        7384
        7385
        7391
        7399
        7412
        7437
        7446
        7447
        7478
        7486
        7497
        7501
        7528
        7530
        7534
        7553
        7556
        7571
        7579
        7594
        7595
        7608
        7619
        7632
        7634
        7641
        7644
        7648
        7658
        7660
        7662
        7666
        7674
        7675
        7676
        7678
        7697
        7699
        7700
        7706
        7719
        7747
        7764
        7784
        7791
        7793
        7801
        7802
        7808
        7811
        7823
        7827
        7830
        7851
        7867
        7870
        7873
        7875
        7896
        7901
        7914
        7915
        7917
        7934
        7936
        7949
        7963
        7977
        7999
        8001
        8016
        8025
        8045
        8063
        8082
        8088
        8096
        8101
        8124
        8132
        8140
        8142
        8163
        8172
        8185
        8191
        8204
        8230
        8252
        8261
        8268
        8276
        8282
        8287
        8300
        8305
        8319
        8326
        8348
        8351
        8357
        8368
        8372
        8383
        8392
        8406
        8418
        8422
        8424
        8431
        8434
        8438
        8451
        8458
        8469
        8477
        8486
        8506
        8522
        8541
        8550
        8552
        8573
        8576
        8588
        8593
        8594
        8613
        8619
        8623
        8639
        8650
        8651
        8658
        8659
        8660
        8661
        8702
        8709
        8712
        8723
        8727
        8730
        8733
        8738
        8746
        8752
        8773
        8774
        8790
        8791
        8806
        8814
        8821
        8831
        8843
        8863
        8867
        8874
        8889
        8891
        8895
        8903
        8916
        8921
        8922
        8926
        8927
        8928
        8934
        8937
        8961
        8984
        8992
        8993
