        7
        30
        35
        41
        43
        54
        66
        92
        102
        107
        114
        116
        118
        123
        149
        152
        155
        161
        177
        184
        185
        210
        216
        224
        241
        249
        254
        257
        266
        271
        272
        287
        307
        313
        318
        340
        343
        344
        351
        361
        373
        374
        376
        396
        410
        418
        420
        435
        437
        450
        494
        511
        512
        520
        530
        562
        569
        579
        584
        588
        595
        604
        611
        615
        616
        617
        631
        642
        644
        647
        650
        664
        666
        674
        693
        704
        718
        722
        726
        728
        731
        735
        754
        763
        772
        775
        780
        785
        795
        812
        813
        822
        825
        849
        860
        861
        867
        869
        873
        879
        889
        891
        893
        897
        907
        911
        923
        930
        934
        936
        939
        950
        957
        978
        982
        997
        999
        1006
        1008
        1010
        1021
        1022
        1023
        1032
        1036
        1039
        1044
        1058
        1087
        1090
        1107
        1116
        1133
        1139
        1143
        1152
        1156
        1159
        1208
        1210
        1230
        1242
        1243
        1260
        1264
        1268
        1270
        1272
        1274
        1289
        1303
        1312
        1334
        1338
        1340
        1380
        1401
        1403
        1418
        1431
        1438
        1442
        1450
        1479
        1481
        1486
        1487
        1505
        1508
        1516
        1526
        1538
        1546
        1577
        1578
        1591
        1599
        1632
        1637
        1643
        1645
        1673
        1676
        1692
        1696
        1733
        1735
        1740
        1755
        1761
        1763
        1766
        1767
        1776
        1786
        1791
        1793
        1823
        1824
        1838
        1846
        1848
        1851
        1855
        1884
        1888
        1920
        1924
        1929
        1946
        1948
        1960
        1973
        1991
        2000
        2003
        2011
        2014
        2019
        2021
        2023
        2039
        2061
        2065
        2069
        2085
        2088
        2094
        2101
        2156
        2158
        2176
        2204
        2226
        2228
        2251
        2264
        2291
        2298
        2305
        2309
        2328
        2347
        2350
        2367
        2369
        2375
        2377
        2378
        2390
        2401
        2407
        2413
        2419
        2422
        2456
        2457
        2469
        2474
        2496
        2521
        2529
        2533
        2538
        2547
        2551
        2560
        2565
        2568
        2570
        2580
        2588
        2597
        2599
        2635
        2643
        2654
        2656
        2668
        2694
        2698
        2699
        2704
        2709
        2713
        2719
        2721
        2741
        2747
        2765
        2774
        2775
        2793
        2800
        2803
        2808
        2818
        2826
        2835
        2836
        2847
        2853
        2855
        2870
        2879
        2881
        2885
        2890
        2906
        2914
        2915
        2916
        2926
        2927
        2928
        2933
        2934
        2939
        2953
        2963
        2972
        2976
        2987
        2990
        2994
        2995
        3007
        3019
        3029
        3043
        3045
        3049
        3052
        3055
        3062
        3074
        3086
        3094
        3100
        3127
        3140
        3145
        3157
        3170
        3208
        3216
        3218
        3236
        3238
        3240
        3243
        3249
        3262
        3270
        3272
        3279
        3284
        3286
        3298
        3307
        3311
        3318
        3340
        3342
        3343
        3347
        3350
        3370
        3376
        3377
        3382
        3384
        3386
        3417
        3426
        3432
        3436
        3440
        3467
        3469
        3472
        3499
        3515
        3529
        3535
        3539
        3542
        3549
        3561
        3564
        3572
        3575
        3578
        3584
        3588
        3591
        3594
        3599
        3608
        3612
        3618
        3624
        3629
        3638
        3649
        3657
        3658
        3659
        3683
        3697
        3713
        3720
        3726
        3731
        3737
        3754
        3756
        3760
        3770
        3771
        3820
        3822
        3823
        3825
        3827
        3833
        3835
        3853
        3869
        3875
        3896
        3900
        3903
        3920
        3938
        3948
        3950
        3957
        3960
        3961
        3973
        3994
        4008
        4016
        4019
        4024
        4031
        4034
        4040
        4043
        4092
        4105
        4126
        4133
        4144
        4157
        4175
        4178
        4181
        4191
        4193
        4206
        4215
        4220
        4221
        4222
        4232
        4238
        4247
        4267
        4288
        4289
        4306
        4307
        4318
        4341
        4353
        4359
        4370
        4390
        4436
        4457
        4459
        4460
        4462
        4463
        4485
        4487
        4490
        4512
        4520
        4546
        4557
        4564
        4565
        4583
        4590
        4591
        4595
        4598
        4599
        4602
        4617
        4619
        4627
        4655
        4676
        4678
        4709
        4729
        4736
        4742
        4744
        4748
        4751
        4753
        4758
        4767
        4771
        4773
        4784
        4788
        4790
        4795
        4799
        4805
        4813
        4815
        4816
        4817
        4824
        4825
        4827
        4840
        4852
        4860
        4862
        4871
        4872
        4887
        4890
        4907
        4910
        4924
        4926
        4934
        4939
        4950
        4951
        4953
        4964
        4978
        4983
        4985
        4989
        4998
        5001
        5017
        5019
        5022
        5026
        5035
        5055
        5057
        5058
        5059
        5062
        5065
        5067
        5068
        5074
        5101
        5104
        5114
        5121
        5124
        5126
        5131
        5136
        5137
        5149
        5151
        5155
        5161
        5180
        5203
        5225
        5233
        5253
        5261
        5277
        5279
        5281
        5289
        5290
        5302
        5306
        5307
        5313
        5327
        5333
        5338
        5363
        5366
        5370
        5391
        5392
        5396
        5402
        5407
        5433
        5437
        5443
        5450
        5461
        5465
        5466
        5467
        5470
        5473
        5480
        5485
        5491
        5493
        5495
        5497
        5498
        5505
        5512
        5516
        5517
        5525
        5529
        5532
        5536
        5538
        5543
        5552
        5556
        5586
        5595
        5599
        5603
        5608
        5626
        5627
        5633
        5635
        5657
        5659
        5676
        5681
        5685
        5702
        5704
        5724
        5727
        5731
        5737
        5740
        5748
        5754
        5756
        5759
        5763
        5782
        5788
        5799
        5811
        5821
        5823
        5836
        5846
        5848
        5849
        5854
        5880
        5881
        5901
        5906
        5915
        5916
        5929
        5931
        5933
        5936
        5939
        5941
        5961
        5963
        5966
        5969
        5970
        5972
        5976
        5990
        5993
        5998
        6000
        6002
        6003
        6004
        6005
        6007
        6018
        6019
        6046
        6047
        6048
        6058
        6066
        6068
        6072
        6075
        6076
        6082
        6088
        6090
        6107
        6113
        6117
        6123
        6126
        6134
        6143
        6148
        6152
        6171
        6177
        6190
        6220
        6225
        6231
        6233
        6235
        6249
        6253
        6274
        6276
        6288
        6291
        6292
        6301
        6310
        6321
        6328
        6331
        6368
        6372
        6383
        6393
        6396
        6429
        6430
        6437
        6439
        6440
        6455
        6463
        6468
        6469
        6497
        6502
        6531
        6540
        6551
        6571
        6579
        6583
        6584
        6604
        6606
        6608
        6614
        6615
        6620
        6640
        6641
        6644
        6646
        6650
        6666
        6667
        6672
        6682
        6691
        6705
        6714
        6718
        6721
        6726
        6729
        6743
        6745
        6766
        6772
        6783
        6787
        6794
        6799
        6818
        6837
        6853
        6873
        6884
        6897
        6913
        6925
        6946
        6950
        6964
        6967
        6969
        6971
        6973
        6987
        6989
        6994
        6997
        7030
        7041
        7047
        7052
        7062
        7070
        7081
        7088
        7098
        7101
        7103
        7107
        7122
        7129
        7131
        7141
        7146
        7149
        7153
        7168
        7174
        7178
        7184
        7195
        7201
        7212
        7215
        7235
        7238
        7253
        7262
        7268
        7294
        7298
        7304
        7308
        7317
        7331
        7344
        7355
        7358
        7363
        7364
        7373
        7378
        7384
        7386
        7401
        7404
        7411
        7412
        7431
        7432
        7435
        7445
        7463
        7465
        7470
        7471
        7477
        7483
        7488
        7496
        7499
        7504
        7512
        7516
        7524
        7525
        7551
        7558
        7564
        7566
        7572
        7573
        7574
        7600
        7604
        7606
        7612
        7614
        7621
        7630
        7631
        7639
        7651
        7661
        7667
        7695
        7715
        7723
        7734
        7735
        7738
        7740
        7754
        7762
        7764
        7766
        7767
        7788
        7790
        7794
        7800
        7805
        7807
        7810
        7812
        7816
        7824
        7826
        7862
        7867
        7871
        7882
        7885
        7887
        7897
        7915
        7927
        7967
        7970
        7996
        8011
        8012
        8019
        8021
        8041
        8050
        8053
        8071
        8092
        8097
        8098
        8101
        8102
        8112
        8118
        8135
        8156
        8167
        8169
        8181
        8184
        8189
        8193
        8195
        8205
        8223
        8243
        8244
        8246
        8250
        8253
        8256
        8257
        8262
        8273
        8295
        8296
        8297
        8323
        8326
        8328
        8336
        8338
        8341
        8342
        8347
        8349
        8358
        8363
        8372
        8380
        8406
        8407
        8408
        8414
        8421
        8423
        8428
        8429
        8431
        8433
        8438
        8454
        8455
        8472
        8479
        8480
        8491
        8493
        8497
        8502
        8504
        8508
        8518
        8519
        8523
        8524
        8537
        8539
        8545
        8547
        8559
        8572
        8591
        8618
        8620
        8626
        8637
        8651
        8656
        8674
        8721
        8743
        8769
        8773
        8776
        8781
        8789
        8793
        8798
        8799
        8800
        8808
        8814
        8815
        8824
        8832
        8834
        8844
        8845
        8849
        8850
        8855
        8860
        8874
        8876
        8878
        8879
        8885
        8908
        8910
        8913
        8926
        8934
        8937
        8942
        8945
        8946
        8947
        8953
        8959
        8989
        8990
