        12
        32
        35
        50
        55
        59
        71
        74
        94
        105
        107
        108
        115
        141
        149
        154
        157
        165
        173
        193
        195
        203
        207
        214
        217
        231
        260
        261
        266
        281
        285
        295
        304
        323
        332
        345
        347
        355
        358
        359
        361
        378
        381
        398
        413
        419
        422
        426
        429
        431
        437
        447
        454
        456
        466
        471
        474
        479
        482
        484
        486
        489
        492
        497
        499
        501
        507
        508
        517
        520
        524
        528
        533
        535
        551
        556
        557
        565
        566
        606
        607
        608
        612
        619
        623
        625
        649
        657
        660
        673
        675
        680
        682
        686
        703
        715
        733
        738
        740
        754
        771
        800
        803
        819
        836
        839
        841
        845
        853
        854
        856
        866
        882
        885
        887
        902
        908
        909
        919
        924
        925
        927
        934
        939
        944
        947
        953
        956
        958
        983
        985
        988
        989
        1010
        1012
        1023
        1026
        1027
        1046
        1057
        1060
        1072
        1077
        1084
        1086
        1089
        1096
        1098
        1105
        1106
        1120
        1121
        1122
        1133
        1134
        1147
        1148
        1155
        1171
        1178
        1179
        1188
        1197
        1204
        1211
        1214
        1215
        1216
        1218
        1221
        1223
        1230
        1236
        1239
        1244
        1258
        1264
        1269
        1277
        1280
        1298
        1306
        1314
        1319
        1334
        1341
        1343
        1348
        1357
        1360
        1362
        1364
        1375
        1376
        1377
        1394
        1401
        1411
        1413
        1425
        1428
        1431
        1435
        1443
        1457
        1464
        1468
        1469
        1471
        1472
        1500
        1514
        1515
        1516
        1520
        1521
        1522
        1531
        1536
        1548
        1558
        1561
        1566
        1594
        1596
        1600
        1611
        1621
        1640
        1651
        1655
        1656
        1665
        1676
        1685
        1691
        1692
        1694
        1696
        1698
        1700
        1715
        1716
        1719
        1733
        1736
        1738
        1749
        1757
        1760
        1761
        1762
        1769
        1774
        1776
        1777
        1787
        1790
        1800
        1813
        1815
        1818
        1820
        1824
        1842
        1863
        1871
        1875
        1879
        1881
        1886
        1888
        1902
        1909
        1911
        1921
        1924
        1930
        1934
        1953
        1954
        1955
        1956
        1958
        1961
        1963
        1965
        1976
        1979
        1980
        1981
        1987
        1990
        1994
        1996
        1997
        2001
        2006
        2011
        2013
        2014
        2016
        2018
        2019
        2034
        2054
        2065
        2079
        2080
        2084
        2086
        2091
        2097
        2103
        2105
        2110
        2113
        2114
        2132
        2147
        2148
        2149
        2161
        2173
        2177
        2178
        2183
        2185
        2188
        2211
        2213
        2215
        2226
        2242
        2244
        2246
        2256
        2260
        2271
        2296
        2314
        2319
        2321
        2327
        2328
        2332
        2337
        2342
        2343
        2344
        2348
        2377
        2379
        2381
        2382
        2383
        2384
        2387
        2390
        2392
        2400
        2412
        2415
        2430
        2431
        2434
        2438
        2439
        2453
        2464
        2467
        2468
        2469
        2473
        2477
        2481
        2482
        2486
        2491
        2494
        2497
        2501
        2502
        2504
        2520
        2526
        2528
        2531
        2543
        2547
        2552
        2567
        2568
        2569
        2571
        2572
        2574
        2575
        2576
        2599
        2613
        2616
        2627
        2631
        2649
        2668
        2670
        2691
        2692
        2695
        2704
        2707
        2725
        2730
        2731
        2733
        2736
        2739
        2740
        2748
        2749
        2751
        2765
        2767
        2772
        2777
        2788
        2789
        2791
        2816
        2823
        2824
        2826
        2827
        2830
        2842
        2854
        2859
        2861
        2866
        2869
        2878
        2888
        2890
        2893
        2897
        2899
        2904
        2913
        2919
        2944
        2948
        2958
        2970
        2981
        2986
        2988
        2993
        3001
        3010
        3013
        3016
        3019
        3022
        3023
        3027
        3053
        3056
        3059
        3065
        3083
        3112
        3115
        3117
        3122
        3123
        3133
        3143
        3146
        3150
        3154
        3159
        3168
        3171
        3183
        3185
        3187
        3199
        3209
        3218
        3224
        3226
        3227
        3236
        3240
        3254
        3261
        3264
        3268
        3274
        3280
        3288
        3292
        3297
        3299
        3306
        3308
        3311
        3314
        3316
        3317
        3319
        3320
        3328
        3329
        3330
        3331
        3348
        3355
        3356
        3357
        3363
        3364
        3371
        3386
        3390
        3391
        3395
        3414
        3416
        3425
        3427
        3431
        3437
        3446
        3459
        3495
        3496
        3498
        3504
        3507
        3512
        3516
        3519
        3523
        3524
        3528
        3531
        3533
        3535
        3541
        3553
        3554
        3560
        3570
        3592
        3593
        3602
        3625
        3651
        3660
        3661
        3666
        3672
        3676
        3679
        3684
        3694
        3698
        3700
        3701
        3702
        3704
        3734
        3736
        3750
        3757
        3760
        3770
        3776
        3778
        3786
        3793
        3809
        3812
        3823
        3837
        3845
        3856
        3873
        3880
        3903
        3910
        3920
        3934
        3939
        3955
        3962
        3982
        3985
        3992
        4009
        4011
        4016
        4018
        4026
        4031
        4042
        4060
        4071
        4074
        4081
        4095
        4097
        4099
        4112
        4116
        4123
        4137
        4146
        4148
        4182
        4185
        4187
        4191
        4193
        4196
        4205
        4213
        4219
        4223
        4224
        4226
        4228
        4250
        4269
        4276
        4277
        4280
        4282
        4283
        4302
        4307
        4336
        4350
        4352
        4358
        4371
        4372
        4374
        4381
        4400
        4406
        4411
        4415
        4416
        4421
        4432
        4436
        4446
        4454
        4456
        4482
        4483
        4485
        4486
        4488
        4495
        4509
        4526
        4531
        4547
        4548
        4570
        4577
        4580
        4592
        4602
        4604
        4621
        4650
        4655
        4663
        4665
        4666
        4671
        4672
        4673
        4678
        4682
        4703
        4709
        4716
        4722
        4723
        4734
        4743
        4745
        4748
        4751
        4760
        4763
        4769
        4773
        4779
        4786
        4796
        4799
        4801
        4810
        4811
        4819
        4833
        4840
        4842
        4851
        4859
        4866
        4869
        4873
        4877
        4882
        4902
        4908
        4910
        4918
        4920
        4926
        4931
        4938
        4943
        4948
        4956
        4964
        4965
        4971
        4973
        4976
        4978
        4982
        4986
        4992
        4993
        4995
        4996
        4997
        4998
        4999
        5002
        5011
        5025
        5031
        5036
        5043
        5068
        5102
        5118
        5129
        5130
        5131
        5146
        5159
        5202
        5208
        5212
        5215
        5217
        5230
        5232
        5235
        5237
        5241
        5248
        5257
        5259
        5260
        5269
        5272
        5280
        5284
        5299
        5306
        5311
        5320
        5343
        5346
        5351
        5353
        5362
        5366
        5367
        5368
        5369
        5372
        5373
        5381
        5393
        5397
        5400
        5409
        5419
        5425
        5429
        5431
        5432
        5434
        5439
        5441
        5444
        5448
        5453
        5457
        5472
        5475
        5482
        5487
        5498
        5502
        5521
        5542
        5552
        5556
        5559
        5570
        5578
        5584
        5586
        5592
        5595
        5614
        5616
        5628
        5636
        5638
        5642
        5645
        5651
        5662
        5665
        5666
        5669
        5671
        5677
        5680
        5681
        5683
        5686
        5687
        5691
        5711
        5735
        5741
        5751
        5752
        5756
        5760
        5761
        5765
        5770
        5779
        5785
        5786
        5790
        5806
        5812
        5824
        5831
        5838
        5840
        5844
        5857
        5862
        5868
        5870
        5879
        5885
        5899
        5900
        5920
        5921
        5924
        5925
        5936
        5945
        5960
        5964
        5976
        5985
        6017
        6018
        6025
        6028
        6033
        6040
        6062
        6068
        6088
        6091
        6093
        6106
        6116
        6122
        6127
        6131
        6154
        6310
        6415
        6546
        6556
        6558
        6560
        6561
        6570
        6574
        6582
        6585
        6586
        6588
        6589
        6591
        6598
        6602
        6603
        6618
        6619
        6620
        6628
        6635
        6638
        6639
        6643
        6646
        6647
        6650
        6652
        6653
        6655
        6659
        6665
        6667
        6669
        6670
        6680
        6691
        6694
        6699
        6707
        6712
        6719
        6728
        6740
        6762
        6763
        6769
        6772
        6773
        6777
        6783
        6816
        6817
        6835
        6851
        6856
        6860
        6866
        6868
        6870
        6876
        6882
        6887
        6901
        6907
        6909
        6913
        6916
        6941
        6945
        6954
        6956
        6958
        6963
        6979
        6983
        6986
        6990
        6996
        6997
        7000
        7003
        7017
        7019
        7020
        7021
        7023
        7042
        7044
        7046
        7048
        7061
        7065
        7067
        7071
        7084
        7090
        7097
        7100
        7114
        7116
        7118
        7120
        7123
        7136
        7138
        7139
        7141
        7142
        7143
        7152
        7162
        7166
        7169
        7202
        7219
        7222
        7223
        7228
        7252
        7253
        7255
        7256
        7259
        7264
        7275
        7283
        7285
        7294
        7296
        7299
        7304
        7328
        7330
        7346
        7353
        7362
        7371
        7376
        7378
        7383
        7385
        7395
        7398
        7401
        7427
        7436
        7437
        7445
        7450
        7464
        7476
        7488
        7491
        7495
        7500
        7517
        7520
        7522
        7536
        7542
        7545
        7559
        7570
        7577
        7581
        7588
        7590
        7598
        7649
        7655
        7658
        7659
        7661
        7665
        7680
        7690
        7699
        7709
        7710
        7727
        7742
        7773
        7778
        7780
        7794
        7810
        7820
        7850
        7875
        7879
        7885
        7896
        7901
        7904
        7918
        7960
        7969
        7971
        7972
        7978
        8004
        8009
        8010
        8016
        8033
        8035
        8038
        8062
        8065
        8073
        8085
        8089
        8094
        8095
        8098
        8103
        8106
        8113
        8132
        8151
        8152
        8167
        8169
        8171
        8179
        8187
        8188
        8189
        8203
        8211
        8219
        8225
        8239
        8250
        8257
        8258
        8264
        8282
        8290
        8296
        8300
        8316
        8318
        8319
        8341
        8351
        8360
        8369
        8377
        8379
        8385
        8387
        8391
        8393
        8395
        8399
        8402
        8403
        8406
        8448
        8465
        8473
        8476
        8485
        8495
        8501
        8524
        8558
        8570
        8583
        8596
        8601
        8605
        8631
        8633
        8634
        8646
        8652
        8657
        8677
        8682
        8694
        8709
        8714
        8724
        8726
        8739
        8742
        8746
        8752
        8756
        8772
        8773
        8783
        8786
        8791
        8793
        8796
        8805
        8810
        8816
        8818
        8833
        8849
        8866
        8875
        8902
        8920
        8925
        8932
        8933
        8934
        8935
        8936
        8943
        8966
        8967
        8969
        8979
        8983
        8990
        8996
