        9
        33
        44
        49
        51
        54
        55
        64
        101
        111
        123
        130
        134
        145
        155
        160
        165
        168
        169
        173
        194
        195
        196
        211
        221
        223
        246
        248
        255
        268
        271
        275
        283
        293
        312
        329
        338
        339
        345
        346
        364
        373
        376
        378
        381
        392
        400
        402
        403
        406
        407
        410
        448
        471
        480
        481
        490
        498
        501
        503
        520
        526
        528
        531
        536
        546
        559
        563
        567
        571
        572
        581
        583
        584
        604
        614
        620
        624
        637
        642
        648
        653
        654
        655
        660
        664
        673
        675
        677
        678
        683
        694
        702
        705
        718
        731
        733
        734
        736
        765
        767
        771
        773
        774
        777
        798
        800
        802
        803
        808
        820
        825
        828
        829
        842
        845
        849
        851
        856
        858
        866
        877
        881
        896
        910
        914
        932
        934
        940
        947
        956
        958
        971
        1005
        1007
        1016
        1018
        1024
        1034
        1049
        1072
        1082
        1104
        1115
        1121
        1122
        1139
        1141
        1142
        1144
        1156
        1159
        1165
        1168
        1169
        1173
        1178
        1194
        1198
        1213
        1218
        1220
        1226
        1235
        1238
        1244
        1258
        1260
        1268
        1271
        1291
        1292
        1295
        1301
        1306
        1308
        1319
        1326
        1336
        1340
        1343
        1344
        1356
        1359
        1361
        1364
        1392
        1409
        1411
        1413
        1418
        1427
        1440
        1447
        1458
        1462
        1477
        1481
        1485
        1487
        1492
        1495
        1502
        1521
        1527
        1528
        1530
        1532
        1549
        1553
        1569
        1602
        1615
        1617
        1639
        1652
        1671
        1675
        1677
        1698
        1709
        1714
        1717
        1726
        1731
        1733
        1741
        1742
        1752
        1753
        1758
        1760
        1766
        1769
        1773
        1779
        1782
        1784
        1790
        1796
        1798
        1803
        1816
        1831
        1838
        1844
        1849
        1864
        1868
        1876
        1885
        1897
        1905
        1941
        1942
        1947
        1949
        1958
        1967
        1968
        1970
        1979
        1986
        2000
        2001
        2005
        2009
        2026
        2027
        2028
        2036
        2038
        2042
        2047
        2056
        2067
        2072
        2080
        2083
        2108
        2121
        2123
        2147
        2162
        2165
        2166
        2167
        2169
        2175
        2184
        2186
        2190
        2191
        2210
        2213
        2222
        2236
        2240
        2242
        2243
        2254
        2258
        2261
        2262
        2264
        2266
        2269
        2279
        2283
        2285
        2297
        2310
        2320
        2333
        2334
        2336
        2338
        2339
        2340
        2345
        2350
        2354
        2358
        2365
        2370
        2376
        2380
        2388
        2390
        2418
        2445
        2451
        2453
        2456
        2459
        2462
        2474
        2492
        2493
        2516
        2533
        2544
        2559
        2564
        2566
        2569
        2574
        2579
        2603
        2609
        2610
        2613
        2617
        2622
        2625
        2626
        2629
        2639
        2650
        2651
        2661
        2662
        2666
        2667
        2668
        2670
        2672
        2681
        2683
        2685
        2686
        2693
        2695
        2704
        2714
        2716
        2718
        2722
        2726
        2733
        2737
        2738
        2746
        2747
        2748
        2752
        2755
        2756
        2757
        2758
        2759
        2769
        2775
        2779
        2784
        2816
        2819
        2829
        2830
        2838
        2845
        2847
        2852
        2858
        2859
        2874
        2876
        2877
        2887
        2891
        2894
        2923
        2938
        2945
        2954
        2956
        2957
        2964
        2971
        2987
        2993
        3000
        3004
        3006
        3008
        3013
        3019
        3032
        3060
        3065
        3066
        3073
        3074
        3079
        3082
        3134
        3139
        3142
        3146
        3147
        3156
        3160
        3169
        3178
        3180
        3182
        3186
        3188
        3200
        3224
        3228
        3230
        3231
        3233
        3240
        3249
        3260
        3264
        3280
        3285
        3288
        3306
        3318
        3324
        3328
        3329
        3332
        3345
        3347
        3353
        3355
        3357
        3362
        3368
        3370
        3384
        3389
        3393
        3394
        3399
        3401
        3408
        3409
        3411
        3416
        3421
        3422
        3426
        3428
        3442
        3454
        3471
        3474
        3476
        3478
        3491
        3496
        3526
        3545
        3561
        3563
        3568
        3583
        3584
        3588
        3592
        3605
        3623
        3627
        3634
        3636
        3639
        3645
        3649
        3652
        3655
        3656
        3668
        3671
        3673
        3678
        3684
        3685
        3700
        3709
        3717
        3719
        3730
        3733
        3735
        3736
        3737
        3743
        3746
        3751
        3753
        3754
        3765
        3774
        3787
        3792
        3794
        3797
        3799
        3805
        3812
        3813
        3832
        3836
        3853
        3857
        3861
        3870
        3897
        3901
        3902
        3905
        3908
        3916
        3919
        3920
        3921
        3951
        3955
        3967
        3981
        3982
        3983
        3992
        3994
        3996
        3997
        4002
        4009
        4011
        4021
        4023
        4025
        4034
        4038
        4039
        4042
        4056
        4058
        4060
        4067
        4075
        4076
        4077
        4086
        4087
        4107
        4109
        4110
        4111
        4112
        4142
        4149
        4152
        4168
        4170
        4173
        4183
        4191
        4199
        4200
        4202
        4203
        4236
        4255
