        13
        14
        40
        50
        63
        64
        130
        131
        153
        155
        185
        210
        212
        318
        327
        346
        365
        374
        393
        398
        415
        478
        542
        573
        574
        580
        585
        586
        589
        590
        597
        601
        620
        629
        643
        682
        693
        709
        713
        732
        748
        752
        791
        802
        806
        852
        875
        895
        907
        988
        999
        1500
        1501
        1504
        1510
        1515
        1518
        1519
        1527
        1557
        1576
        1579
        1616
        1619
        1621
        1622
        1624
        1628
        1637
        1652
        1661
        1681
        1705
        1710
        1739
        1749
        1755
        1788
        1789
        1793
        1798
        1820
        1843
        1878
        1882
        1907
        1915
        1917
        1974
        1984
        1994
        1996
        1997
        1998
        1999
        2000
        2025
        2026
        2093
        2098
        2113
        2126
        2144
        2165
        2211
        2225
        2271
        2283
        2297
        2303
        2317
        2339
        2342
        2354
        2364
        2366
        2369
        2378
        2418
        2421
        2439
        2440
        2448
        2456
        2468
        2470
        2471
        2476
        2483
        2484
        2500
        2511
        2528
        2537
        2547
        2559
        2572
        2576
        2578
        2579
        2585
        2589
        2591
        2599
        2609
        2617
        2630
        2631
        2638
        2650
        2677
        2686
        2695
        2696
        2727
        2746
        2748
        2760
        2767
        2770
        2776
        2786
        2791
        2799
        2809
        2810
        2814
        2822
        2833
        2843
        2844
        2856
        2863
        2865
        2869
        2892
        2907
        2911
        2915
        2920
        2921
        2925
        2932
        2939
        2943
        2945
        2946
        2949
        2954
        2961
        2964
        2965
        2967
        2970
        2979
        2989
        3000
        3018
        3036
        3037
        3038
        3051
        3058
        3060
        3071
        3072
        3078
        3083
        3085
        3088
        3089
        3090
        3093
        3099
        3100
        3101
        3104
        3108
        3111
        3114
        3117
        3121
        3128
        3130
        3137
        3138
        3141
        3142
        3145
        3148
        3155
        3166
        3168
        3174
        3190
        3194
        3195
        3211
        3214
        3218
        3225
        3231
        3232
        3236
        3245
        3252
        3261
        3265
        3266
        3289
        3295
        3297
        3307
        3319
        3321
        3322
        3323
        3328
        3329
        3330
        3336
        3344
        3348
        3351
        3354
        3355
        3356
        3363
        3365
        3370
        3374
        3378
        3380
        3381
        3383
        3396
        3400
        3403
        3407
        3413
        3415
        3417
        3418
        3420
        3423
        3426
        3433
        3441
        3458
        3459
        3460
        3464
        3465
        3470
        3482
        3491
        3502
        3503
        3507
        3511
        3515
        3519
        3521
        3524
        3530
        3533
        3537
        3538
        3545
        3552
        3559
        3564
        3572
        3573
        3579
        3584
        3587
        3601
        3602
        3605
        3606
        3615
        3617
        3618
        3623
        3633
        3639
        3646
        3651
        3668
        3675
        3686
        3693
        3694
        3700
        3703
        3709
        3712
        3720
        3725
        3728
        3736
        3738
        3739
        3745
        3761
        3764
        3772
        3777
        3781
        3790
        3799
        3800
        3810
        3813
        3822
        3825
        3832
        3834
        3835
        3836
        3839
        3841
        3847
        3849
        3852
        3856
        3860
        3864
        3865
        3867
        3868
        3871
        3880
        3883
        3889
        3891
        3895
        3898
        3902
        3904
        3914
        3917
        3918
        3921
        3924
        3927
        3940
        3942
        3945
        3948
        3956
        3959
        3963
        3972
        3977
        3984
        3989
        3994
        3997
        4000
        4002
        4003
        4004
        4011
        4013
        4014
        4015
        4051
        4060
        4065
        4069
        4072
        4073
        4081
        4082
        4089
        4092
        4100
        4107
        4118
        4141
        4149
        4152
        4171
        4174
        4179
        4181
        4183
        4188
        4190
        4191
        4192
        4194
        4196
        4200
        4204
        4224
        4229
        4231
        4236
        4237
        4248
        4254
        4258
        4264
        4271
        4274
        4277
        4285
        4290
        4297
        4307
        4308
        4310
        4311
        4319
        4322
        4326
        4346
        4350
        4355
        4357
        4358
        4360
        4362
        4372
        4373
        4375
        4377
        4381
        4390
        4391
        4393
        4395
        4402
        4403
        4404
        4406
        4408
        4413
        4415
        4419
        4432
        4436
        4440
        4441
        4444
        4445
        4448
        4450
        4455
        4461
        4464
        4467
        4469
        4473
        4476
        4492
        4497
        4499
        4502
        4504
        4505
        4513
        4520
        4521
        4528
        4529
        4530
        4540
        4543
        4546
        4548
        4554
        4555
        4556
        4562
        4563
        4566
        4571
        4572
        4576
        4585
        4592
        4599
        4601
        4605
        4621
        4638
        4647
        4648
        4649
        4665
        4668
        4671
        4673
        4681
        4685
        4690
        4691
        4697
        4700
        4701
        4707
        4719
        4722
        4725
        4735
        4737
        4743
        4746
        4756
        4766
        4775
        4785
        4788
        4802
        4805
        4807
        4809
        4812
        4815
        4816
        4822
        4823
        4827
        4832
        4837
        4842
        4846
        4848
        4852
        4854
        4858
        4866
        4872
        4873
        4876
        4877
        4882
        4885
        4886
        4895
        4896
        4897
        4898
        4900
        4904
        4907
        4914
        4920
        4922
        4925
        4928
        4931
        4942
        4949
        4957
        4963
        4965
        4967
        4968
        4970
        4974
        4985
        4986
        4987
        4989
        4992
        5004
        5006
        5008
        5011
        5015
        5020
        5024
        5025
        5029
        5030
        5036
        5040
        5045
        5047
        5050
        5051
        5053
        5054
        5058
        5059
        5062
        5064
        5070
        5073
        5076
        5082
        5084
        5091
        5092
        5096
        5098
        5100
        5102
        5106
        5111
        5113
        5121
        5133
        5138
        5139
        5140
        5141
        5143
        5144
        5146
        5147
        5148
        5150
        5152
        5153
        5158
        5164
        5169
        5185
        5188
        5192
        5195
        5201
        5204
        5207
        5210
        5212
        5226
        5229
        5238
        5241
        5243
        5252
        5254
        5259
        5263
        5267
        5269
        5271
        5276
        5284
        5296
        5304
        5309
        5310
        5316
        5318
        5321
        5323
        5326
        5329
        5331
        5339
        5343
        5346
        5348
        5349
        5352
        5354
        5355
        5356
        5359
        5362
        5367
        5372
        5375
        5380
        5382
        5386
        5389
        5395
        5407
        5411
        5414
        5416
        5418
        5421
        5423
        5428
        5429
        5433
        5437
        5440
        5442
        5446
        5452
        5456
        5461
        5462
        5468
        5470
        5471
        5475
        5477
        5482
        5493
        5494
        5496
        5498
        5500
        5509
        5510
        5518
        5521
        5533
        5534
        5538
        5539
        5540
        5543
        5556
        5560
        5566
        5568
        5571
        5577
        5579
        5584
        5585
        5586
        5590
        5599
        5601
        5612
        5613
        5614
        5617
        5622
        5625
        5626
        5630
        5636
        5639
        5642
        5649
        5652
        5655
        5661
        5667
        5668
        5673
        5674
        5679
        5682
        5684
        5685
        5697
        5698
        5699
        5705
        5707
        5709
        5712
        5716
        5720
        5722
        5723
        5729
        5732
        5733
        5737
        5739
        5744
        5749
        5750
        5756
        5759
        5760
        5761
        5762
        5770
        5771
        5773
        5776
        5777
        5782
        5784
        5788
        5789
        5790
        5798
        5811
        5813
        5820
        5828
        5831
        5832
        5833
        5834
        5835
        5839
        5845
        5858
        5860
        5861
        5862
        5864
        5877
        5880
        5883
        5886
        5896
        5898
        5899
        5901
        5907
        5916
        5917
        5921
        5925
        5930
        5936
        5937
        5944
        5948
        5953
        5962
        5967
        5971
        5977
        5979
        5993
        6004
        6012
        6021
        6025
        6031
        6034
        6038
        6039
        6044
        6050
        6054
        6060
        6063
        6068
        6070
        6071
        6080
        6082
        6083
        6084
        6085
        6099
        6100
        6110
        6119
        6121
        6124
        6128
        6129
        6131
        6136
        6146
        6151
        6154
        6165
        6167
        6170
        6171
        6173
        6175
        6179
        6181
        6184
        6188
        6191
        6199
        6201
        6202
        6209
        6211
        6213
        6218
        6219
        6222
        6224
        6233
        6235
        6238
        6239
        6241
        6243
        6246
        6252
        6260
        6261
        6266
        6271
        6277
        6281
        6282
        6289
        6291
        6294
        6302
        6312
        6319
        6322
        6323
        6324
        6325
        6327
        6329
        6332
        6335
        6336
        6337
        6338
        6345
        6352
        6353
        6354
        6357
        6361
        6365
        6371
        6375
        6378
        6386
        6389
        6398
        6400
        6402
        6405
        6409
        6415
        6417
        6423
        6428
        6434
        6437
        6440
        6444
        6448
        6452
        6453
        6461
        6463
        6466
        6473
        6482
        6484
        6485
        6486
        6489
        6492
        6495
        6497
        6498
        6501
        6503
        6506
        6512
        6514
        6516
        6531
        6538
        6547
        6551
        6554
        6557
        6561
        6565
        6573
        6580
        6585
        6586
        6590
        6594
        6601
        6603
        6605
        6610
        6617
        6630
        6633
        6634
        6639
        6640
        6642
        6644
        6646
        6650
        6653
        6659
        6660
        6662
        6666
        6669
        6671
        6677
        6680
        6682
        6684
        6685
        6686
        6687
        6691
        6693
        6695
        6697
        6702
        6714
        6716
        6725
        6726
        6727
        6728
        6735
        6739
        6745
        6758
        6760
        6763
        6765
        6770
        6776
        6789
        6791
        6794
        6796
        6798
        6799
        6805
        6808
        6811
        6817
        6822
        6824
        6828
        6830
        6835
        6842
        6844
        6850
        6860
        6861
        6863
        6866
        6867
        6872
        6880
        6881
        6882
        6885
        6890
        6891
        6892
        6899
        6911
        6914
        6917
        6919
        6920
        6923
        6924
        6925
        6933
        6935
        6948
        6955
        6959
        6972
        6974
        6975
        6979
        6982
        6986
        6988
        6993
        7000
        7003
        7009
        7015
        7020
        7023
        7026
        7029
        7034
        7039
        7042
        7049
        7054
        7055
        7056
        7059
        7062
        7065
        7070
        7079
        7082
        7083
        7088
        7093
        7104
        7108
        7109
        7112
        7116
        7125
        7129
        7151
        7152
        7154
        7156
        7160
        7162
        7167
        7168
        7174
        7177
        7182
        7192
        7201
        7204
        7213
        7216
        7225
        7227
        7230
        7231
        7234
        7236
        7242
        7250
        7253
        7255
        7256
        7261
        7262
        7264
        7265
        7268
        7271
        7281
        7294
        7297
        7300
        7310
        7313
        7314
        7317
        7318
        7319
        7320
        7321
        7325
        7341
        7353
        7357
        7359
        7360
        7361
        7362
        7363
        7370
        7376
        7378
        7383
        7389
        7402
        7407
        7415
        7418
        7427
        7432
        7449
        7452
        7454
        7465
        7466
        7469
        7475
        7484
        7489
        7490
        7493
        7497
        7498
        7499
        7509
        7511
        7516
        7518
        7520
        7521
        7522
        7526
        7529
        7531
        7532
        7537
        7550
        7552
        7558
        7565
        7567
        7568
        7570
        7572
        7578
        7580
        7583
        7584
        7585
        7586
        7590
        7594
        7602
        7606
        7613
        7616
        7619
        7623
        7634
        7641
        7643
        7644
        7651
        7655
        7659
        7661
        7665
        7671
        7672
        7677
        7680
        7681
        7702
        7710
        7711
        7712
        7713
        7715
        7716
        7717
        7728
        7732
        7734
        7739
        7749
        7750
        7757
        7763
        7771
        7772
        7777
        7783
        7789
        7795
        7800
        7804
        7807
        7808
        7811
        7813
        7819
        7820
        7836
        7837
        7838
        7839
        7844
        7847
        7849
        7852
        7856
        7861
        7864
        7867
        7873
        7881
        7886
        7895
        7901
        7907
        7928
        7934
        7936
        7938
        7943
        7947
        7948
        7952
        7954
        7956
        7959
        7960
        7961
        7963
        7966
        7970
        7972
        7979
        7987
        7999
        8009
        8015
        8022
        8023
        8031
        8032
        8036
        8037
        8041
        8044
        8045
        8047
        8050
        8058
        8063
        8066
        8068
        8072
        8074
        8077
        8080
        8082
        8087
        8089
        8100
        8109
        8112
        8113
        8122
        8127
        8131
        8136
        8141
        8143
        8150
        8157
        8160
        8161
        8165
        8166
        8172
        8174
        8180
        8184
        8194
        8203
        8205
        8215
        8217
        8222
        8225
        8227
        8232
        8235
        8238
        8239
        8241
        8253
        8254
        8255
        8264
        8267
        8269
        8271
        8277
        8279
        8280
        8283
        8289
        8293
        8299
        8302
        8312
        8315
        8331
        8333
        8334
        8342
        8346
        8349
        8353
        8358
        8361
        8368
        8372
        8386
        8387
        8392
        8395
        8400
        8401
        8404
        8405
        8406
        8408
        8416
        8417
        8418
        8419
        8425
        8430
        8433
        8436
        8439
        8448
        8453
        8454
        8455
        8458
        8459
        8462
        8464
        8465
        8466
        8467
        8468
        8470
        8471
        8474
        8476
        8478
        8487
        8494
        8502
        8506
        8507
        8516
        8527
        8532
        8536
        8537
        8539
        8541
        8542
        8549
        8563
        8565
        8572
        8574
        8584
        8588
        8592
        8600
        8606
        8611
        8614
        8616
        8622
        8625
        8630
        8633
        8636
        8643
        8650
        8653
        8657
        8660
        8663
        8664
        8665
        8667
        8672
        8675
        8678
        8683
        8687
        8688
        8693
        8694
        8701
        8702
        8705
        8706
        8707
        8709
        8718
        8727
        8729
        8734
        8735
        8740
        8743
        8745
        8752
        8758
        8762
        8763
        8765
        8771
        8776
        8796
        8797
        8801
        8808
        8809
        8815
        8818
        8824
        8829
        8841
        8844
        8849
        8855
        8862
        8864
        8868
        8874
        8876
        8880
        8887
        8896
        8899
        8901
        8911
        8920
        8924
        8925
        8927
        8930
        8932
        8939
        8942
        8944
        8948
        8949
        8966
        8973
        8977
        8982
        8989
        8991
        8995
