        6
        12
        13
        17
        18
        19
        26
        28
        41
        42
        49
        53
        56
        62
        67
        73
        79
        81
        85
        89
        92
        97
        99
        100
        103
        104
        106
        110
        112
        117
        118
        119
        124
        125
        126
        131
        132
        133
        144
        147
        155
        157
        161
        164
        168
        172
        175
        177
        179
        181
        190
        194
        195
        196
        200
        203
        204
        210
        216
        218
        223
        231
        235
        254
        265
        273
        277
        280
        282
        287
        288
        290
        293
        300
        303
        308
        311
        324
        325
        329
        332
        340
        343
        351
        352
        354
        357
        362
        365
        366
        368
        370
        375
        377
        381
        383
        386
        387
        391
        397
        401
        404
        405
        412
        415
        417
        418
        420
        424
        428
        435
        437
        440
        442
        443
        448
        449
        451
        453
        457
        459
        463
        464
        467
        468
        471
        482
        485
        494
        500
        502
        503
        506
        508
        520
        525
        526
        533
        535
        538
        540
        543
        546
        547
        550
        553
        554
        556
        558
        562
        565
        570
        576
        577
        582
        585
        593
        594
        597
        601
        609
        613
        615
        620
        621
        625
        626
        627
        629
        631
        632
        633
        635
        637
        638
        639
        641
        643
        648
        655
        657
        660
        661
        662
        663
        668
        669
        670
        671
        678
        684
        685
        690
        697
        702
        703
        709
        713
        721
        722
        724
        725
        728
        731
        733
        734
        740
        744
        752
        758
        762
        771
        776
        778
        782
        788
        795
        798
        806
        813
        826
        828
        835
        839
        841
        842
        845
        856
        858
        859
        868
        870
        872
        874
        881
        885
        892
        895
        898
        899
        904
        907
        910
        912
        916
        918
        922
        924
        930
        937
        941
        942
        950
        951
        953
        954
        956
        957
        958
        960
        963
        964
        966
        967
        973
        974
        976
        977
        985
        989
        990
        999
        1003
        1005
        1007
        1011
        1019
        1022
        1023
        1027
        1037
        1039
        1043
        1045
        1046
        1053
        1058
        1060
        1067
        1068
        1070
        1073
        1082
        1087
        1088
        1089
        1090
        1092
        1093
        1107
        1111
        1112
        1121
        1124
        1125
        1128
        1135
        1136
        1139
        1140
        1141
        1148
        1150
        1153
        1159
        1162
        1169
        1177
        1186
        1194
        1200
        1204
        1206
        1207
        1212
        1213
        1217
        1221
        1231
        1234
        1235
        1238
        1239
        1241
        1243
        1248
        1253
        1255
        1257
        1263
        1266
        1269
        1273
        1276
        1282
        1290
        1291
        1294
        1295
        1299
        1303
        1307
        1314
        1318
        1320
        1323
        1326
        1329
        1331
        1337
        1340
        1348
        1351
        1358
        1363
        1364
        1367
        1371
        1372
        1385
        1397
        1402
        1404
        1406
        1410
        1413
        1423
        1424
        1425
        1433
        1434
        1435
        1439
        1443
        1452
        1455
        1457
        1463
        1474
        1478
        1483
        1484
        1487
        1488
        1490
        1493
        1499
        1501
        1502
        1503
        1509
        1514
        1517
        1518
        1520
        1529
        1533
        1537
        1540
        1544
        1548
        1552
        1556
        1560
        1564
        1574
        1577
        1582
        1587
        1596
        1599
        1602
        1603
        1604
        1609
        1613
        1616
        1619
        1620
        1628
        1631
        1634
        1638
        1640
        1647
        1651
        1652
        1657
        1665
        1668
        1673
        1675
        1689
        1690
        1698
        1700
        1707
        1710
        1714
        1717
        1718
        1722
        1724
        1728
        1730
        1734
        1741
        1743
        1744
        1750
        1752
        1754
        1760
        1763
        1767
        1771
        1773
        1776
        1782
        1785
        1795
        1799
        1803
        1812
        1813
        1817
        1821
        1828
        1829
        1836
        1837
        1841
        1846
        1850
        1851
        1854
        1856
        1860
        1870
        1879
        1881
        1888
        1889
        1891
        1892
        1896
        1900
        1904
        1905
        1906
        1909
        1917
        1919
        1927
        1930
        1934
        1941
        1947
        1952
        1953
        1954
        1958
        1959
        1963
        1969
        1972
        1989
        1990
        1999
        2005
        2009
        2013
        2018
        2023
        2026
        2034
        2038
        2043
        2050
        2052
        2059
        2065
        2077
        2085
        2086
        2087
        2093
        2096
        2097
        2099
        2102
        2103
        2105
        2106
        2107
        2109
        2112
        2115
        2117
        2118
        2120
        2122
        2132
        2135
        2138
        2142
        2150
        2151
        2154
        2156
        2162
        2168
        2172
        2174
        2180
        2186
        2187
        2191
        2197
        2198
        2201
        2205
        2212
        2215
        2228
        2230
        2231
        2232
        2244
        2248
        2256
        2258
        2259
        2263
        2274
        2279
        2288
        2292
        2301
        2304
        2307
        2308
        2312
        2315
        2318
        2319
        2321
        2323
        2325
        2329
        2339
        2342
        2344
        2345
        2347
        2350
        2353
        2361
        2370
        2371
        2375
        2379
        2396
        2399
        2402
        2405
        2410
        2412
        2419
        2423
        2427
        2433
        2435
        2438
        2442
        2453
        2456
        2462
        2465
        2471
        2491
        2496
        2499
        2507
        2508
        2514
        2515
        2520
        2524
        2528
        2534
        2537
        2538
        2542
        2543
        2551
        2555
        2559
        2565
        2577
        2578
        2586
        2587
        2589
        2591
        2602
        2604
        2605
        2606
        2607
        2609
        2610
        2611
        2614
        2622
        2623
        2626
        2628
        2636
        2642
        2647
        2649
        2651
        2652
        2657
        2660
        2664
        2666
        2667
        2671
        2672
        2673
        2677
        2682
        2691
        2692
        2693
        2695
        2696
        2705
        2706
        2707
        2711
        2716
        2728
        2736
        2739
        2740
        2743
        2751
        2754
        2755
        2759
        2760
        2767
        2772
        2778
        2784
        2790
        2799
        2803
        2808
        2818
        2820
        2821
        2823
        2827
        2830
        2837
        2843
        2848
        2852
        2854
        2855
        2857
        2862
        2863
        2865
        2870
        2871
        2884
        2885
        2889
        2890
        2891
        2895
        2896
        2897
        2901
        2911
        2917
        2929
        2934
        2944
        2946
        2951
        2953
        2956
        2965
        2970
        2982
        2985
        2990
        2995
        2996
        2999
        3002
        3007
        3008
        3014
        3016
        3021
        3023
        3025
        3027
        3029
        3032
        3035
        3039
        3046
        3052
        3053
        3057
        3062
        3067
        3069
        3072
        3075
        3083
        3089
        3093
        3098
        3099
        3106
        3107
        3113
        3115
        3117
        3133
        3136
        3145
        3152
        3155
        3157
        3164
        3166
        3167
        3170
        3174
        3175
        3176
        3179
        3181
        3182
        3183
        3186
        3188
        3193
        3196
        3202
        3210
        3211
        3214
        3215
        3218
        3224
        3227
        3235
        3238
        3250
        3258
        3260
        3263
        3266
        3268
        3278
        3279
        3283
        3288
        3290
        3303
        3306
        3310
        3312
        3316
        3320
        3332
        3333
        3334
        3337
        3350
        3352
        3355
        3361
        3365
        3370
        3371
        3375
        3377
        3381
        3384
        3386
        3387
        3391
        3400
        3407
        3409
        3410
        3414
        3415
        3417
        3421
        3422
        3425
        3434
        3436
        3438
        3439
        3441
        3452
        3456
        3458
        3466
        3468
        3470
        3473
        3483
        3485
        3487
        3488
        3495
        3498
        3501
        3506
        3516
        3518
        3522
        3527
        3534
        3541
        3545
        3548
        3550
        3553
        3563
        3566
        3569
        3571
        3572
        3579
        3580
        3582
        3586
        3590
        3592
        3594
        3596
        3599
        3603
        3609
        3612
        3613
        3615
        3617
        3620
        3628
        3632
        3634
        3638
        3644
        3655
        3657
        3663
        3667
        3672
        3681
        3684
        3686
        3687
        3688
        3692
        3695
        3698
        3702
        3711
        3714
        3718
        3719
        3722
        3725
        3733
        3747
        3753
        3761
        3764
        3767
        3770
        3776
        3781
        3784
        3785
        3786
        3787
        3789
        3798
        3803
        3804
        3806
        3808
        3809
        3811
        3813
        3823
        3824
        3832
        3840
        3842
        3846
        3848
        3852
        3863
        3867
        3875
        3876
        3877
        3883
        3885
        3895
        3900
        3909
        3915
        3924
        3925
        3928
        3929
        3930
        3931
        3943
        3947
        3949
        3954
        3958
        3963
        3970
        3971
        3973
        3985
        3986
        3988
        3989
        3993
        3996
        4000
        4002
        4007
        4010
        4012
        4013
        4017
        4023
        4027
        4030
        4034
        4040
        4044
        4047
        4050
        4051
        4053
        4056
        4058
        4060
        4062
        4063
        4065
        4070
        4074
        4076
        4085
        4086
        4089
        4092
        4101
        4102
        4103
        4109
        4114
        4116
        4120
        4121
        4127
        4131
        4133
        4138
        4140
        4147
        4149
        4150
        4161
        4168
        4172
        4179
        4180
        4182
        4183
        4192
        4197
        4198
        4206
        4208
        4212
        4217
        4220
        4222
        4224
        4225
        4228
        4236
        4240
        4242
        4247
        4253
        4258
        4261
        4266
        4272
        4281
        4285
        4289
        4291
        4297
        4300
        4301
        4302
        4309
        4310
        4311
        4314
        4318
        4324
        4325
        4334
        4347
        4352
        4354
        4361
        4362
        4366
        4368
        4371
        4372
        4374
        4379
        4380
        4381
        4382
        4385
        4386
        4392
        4398
        4399
        4405
        4410
        4414
        4417
        4419
        4424
        4426
        4431
        4436
        4440
        4445
        4456
        4460
        4467
        4471
        4477
        4480
        4490
        4494
        4496
        4502
        4503
        4507
        4515
        4520
        4535
        4543
        4548
        4556
        4558
        4559
        4569
        4571
        4579
        4585
        4590
        4595
        4607
        4614
        4621
        4626
        4631
        4633
        4637
        4644
        4647
        4648
        4653
        4656
        4659
        4662
        4664
        4669
        4675
        4679
        4685
        4686
        4691
        4693
        4696
        4699
        4704
        4706
        4708
        4712
        4715
        4717
        4722
        4737
        4738
        4741
        4745
        4747
        4748
        4753
        4754
        4760
        4766
        4770
        4773
        4783
        4786
        4790
        4793
        4796
        4801
        4804
        4810
        4811
        4814
        4817
        4819
        4828
        4834
        4836
        4837
        4847
        4859
        4865
        4869
        4872
        4878
        4887
        4893
        4899
        4902
        4907
        4909
        4912
        4923
        4925
        4928
        4933
        4935
        4937
        4941
        4942
        4947
        4949
        4950
        4953
        4956
        4959
        4965
        4977
        4979
        4985
        4989
        4993
        4999
        5002
        5005
        5024
        5026
        5030
        5036
        5037
        5050
        5054
        5056
        5064
        5068
        5070
        5076
        5083
        5087
        5088
        5095
        5097
        5103
        5117
        5119
        5120
        5121
        5124
        5131
        5135
        5138
        5139
        5144
        5145
        5148
        5151
        5155
        5159
        5162
        5164
        5165
        5172
        5176
        5184
        5189
        5192
        5200
        5204
        5215
        5218
        5221
        5222
        5225
        5226
        5228
        5236
        5239
        5249
        5252
        5254
        5256
        5260
        5265
        5266
        5269
        5273
        5277
        5282
        5283
        5285
        5289
        5299
        5301
        5307
        5311
        5317
        5319
        5324
        5330
        5331
        5335
        5337
        5343
        5345
        5348
        5350
        5352
        5355
        5357
        5362
        5363
        5364
        5370
        5371
        5376
        5379
        5385
        5386
        5387
        5393
        5396
        5397
        5399
        5401
        5407
        5411
        5420
        5427
        5429
        5430
        5431
        5432
        5436
        5438
        5445
        5447
        5448
        5451
        5452
        5457
        5459
        5465
        5469
        5477
        5480
        5481
        5489
        5492
        5497
        5498
        5505
        5509
        5510
        5517
        5518
        5522
        5523
        5526
        5527
        5528
        5531
        5534
        5536
        5538
        5552
        5558
        5559
        5562
        5566
        5569
        5573
        5583
        5590
        5592
        5596
        5605
        5617
        5618
        5619
        5621
        5627
        5633
        5635
        5640
        5644
        5646
        5649
        5654
        5659
        5664
        5665
        5671
        5672
        5674
        5678
        5681
        5689
        5692
        5699
        5701
        5704
        5707
        5711
        5720
        5723
        5725
        5733
        5737
        5738
        5742
        5746
        5748
        5750
        5751
        5755
        5759
        5763
        5766
        5774
        5776
        5786
        5788
        5791
        5794
        5800
        5803
        5808
        5810
        5814
        5817
        5834
        5836
        5840
        5843
        5847
        5852
        5854
        5857
        5866
        5875
        5879
        5880
        5887
        5890
        5895
        5905
        5909
        5916
        5919
        5922
        5929
        5942
        5947
        5951
        5956
        5957
        5959
        5960
        5967
        5977
        5978
        5982
        5988
        5991
        5998
        6007
        6008
        6012
        6013
        6015
        6019
        6020
        6023
        6032
        6037
        6042
        6046
        6051
        6059
        6064
        6070
        6073
        6081
        6082
        6083
        6086
        6090
        6092
        6093
        6094
        6096
        6097
        6101
        6110
        6113
        6116
        6117
        6119
        6120
        6123
        6128
        6134
        6135
        6137
        6144
        6145
        6151
        6156
        6161
        6166
        6170
        6174
        6176
        6187
        6191
        6192
        6194
        6201
        6203
        6204
        6213
        6214
        6215
        6221
        6226
        6228
        6238
        6240
        6242
        6247
        6250
        6256
        6260
        6267
        6271
        6274
        6280
        6284
        6293
        6294
        6301
        6303
        6317
        6319
        6325
        6329
        6333
        6336
        6345
        6351
        6354
        6359
        6367
        6369
        6372
        6380
        6384
        6389
        6393
        6397
        6401
        6404
        6409
        6410
        6416
        6418
        6424
        6426
        6432
        6442
        6443
        6445
        6450
        6457
        6460
        6463
        6464
        6466
        6469
        6477
        6482
        6484
        6485
        6490
        6496
        6500
        6512
        6513
        6520
        6522
        6528
        6532
        6534
        6544
        6546
        6550
        6552
        6559
        6561
        6564
        6565
        6569
        6570
        6579
        6583
        6584
        6585
        6592
        6596
        6602
        6604
        6605
        6608
        6609
        6613
        6614
        6621
        6623
        6628
        6631
        6632
        6636
        6640
        6643
        6645
        6647
        6655
        6665
        6666
        6672
        6675
        6679
        6684
        6693
        6697
        6706
        6707
        6709
        6713
        6717
        6719
        6725
        6728
        6733
        6735
        6739
        6743
        6747
        6749
        6753
        6757
        6761
        6762
        6771
        6774
        6780
        6783
        6786
        6790
        6794
        6804
        6812
        6814
        6815
        6816
        6819
        6820
        6822
        6824
        6826
        6829
        6830
        6832
        6835
        6836
        6837
        6839
        6843
        6844
        6846
        6853
        6859
        6862
        6865
        6868
        6871
        6873
        6880
        6889
        6890
        6892
        6897
        6898
        6899
        6901
        6902
        6903
        6906
        6907
        6910
        6912
        6914
        6916
        6923
        6924
        6925
        6936
        6941
        6943
        6946
        6948
        6967
        6970
        6971
        6972
        6973
        6974
        6976
        6982
        6984
        6987
        6990
        6991
        6992
        6993
        6994
        6998
        7000
        7002
        7014
        7016
        7018
        7022
        7023
        7025
        7029
        7031
        7039
        7042
        7046
        7049
        7057
        7058
        7059
        7063
        7066
        7072
        7075
        7082
        7085
        7086
        7090
        7096
        7100
        7104
        7106
        7113
        7116
        7121
        7124
        7130
        7138
        7141
        7146
        7154
        7156
        7158
        7160
        7161
        7164
        7167
        7170
        7176
        7179
        7180
        7183
        7185
        7186
        7188
        7195
        7197
        7202
        7205
        7208
        7212
        7217
        7221
        7223
        7229
        7230
        7233
        7236
        7240
        7243
        7244
        7249
        7250
        7254
        7262
        7268
        7270
        7277
        7280
        7290
        7294
        7302
        7305
        7308
        7323
        7326
        7335
        7341
        7345
        7351
        7354
        7358
        7369
        7372
        7373
        7375
        7376
        7378
        7388
        7389
        7394
        7406
        7407
        7410
        7413
        7421
        7424
        7427
        7439
        7450
        7452
        7455
        7457
        7458
        7462
        7463
        7464
        7465
        7467
        7468
        7469
        7471
        7473
        7478
        7485
        7493
        7494
        7500
        7505
        7508
        7510
        7513
        7517
        7522
        7529
        7531
        7535
        7543
        7546
        7553
        7556
        7558
        7564
        7565
        7572
        7573
        7574
        7577
        7579
        7580
        7583
        7586
        7589
        7596
        7602
        7611
        7620
        7621
        7623
        7625
        7627
        7630
        7635
        7641
        7644
        7649
        7657
        7658
        7660
        7662
        7663
        7665
        7667
        7669
        7671
        7672
        7683
        7696
        7699
        7703
        7709
        7714
        7716
        7720
        7725
        7726
        7727
        7730
        7734
        7736
        7741
        7749
        7752
        7759
        7761
        7765
        7768
        7771
        7775
        7779
        7780
        7789
        7791
        7792
        7796
        7797
        7798
        7800
        7803
        7806
        7810
        7813
        7814
        7824
        7826
        7856
        7983
        7996
        8012
        8013
        8021
        8257
        8259
        8262
        8275
        8276
        8280
        8281
        8282
        8283
        8285
        8286
        8287
        8290
        8293
        8294
        8296
        8298
        8300
        8301
        8302
        8303
        8304
        8310
        8311
        8312
        8313
        8317
        8320
        8329
        8333
        8334
        8335
        8337
        8339
        8340
        8343
        8344
        8347
        8351
        8352
        8360
        8361
        8364
        8366
        8369
        8371
        8373
        8378
        8379
        8384
        8388
        8390
        8391
        8399
        8401
        8406
        8410
        8411
        8417
        8418
        8428
        8431
        8436
        8438
        8439
        8444
        8446
        8449
        8461
        8465
        8472
        8475
        8479
        8483
        8487
        8490
        8493
        8498
        8501
        8502
        8505
        8507
        8509
        8513
        8518
        8520
        8523
        8525
        8532
        8535
        8545
        8546
        8550
        8553
        8554
        8556
        8557
        8559
        8570
        8574
        8577
        8581
        8583
        8584
        8585
        8588
        8589
        8591
        8598
        8599
        8602
        8606
        8608
        8609
        8610
        8611
        8616
        8623
        8624
        8629
        8630
        8639
        8640
        8641
        8642
        8647
        8648
        8649
        8652
        8660
        8664
        8674
        8677
        8688
        8693
        8694
        8703
        8704
        8706
        8708
        8709
        8710
        8713
        8721
        8724
        8727
        8734
        8738
        8741
        8749
        8752
        8755
        8763
        8767
        8770
        8773
        8775
        8783
        8785
        8789
        8797
        8798
        8808
        8809
        8813
        8814
        8818
        8824
        8836
        8843
        8847
        8850
        8863
        8865
        8875
        8884
        8887
        8888
        8890
        8894
        8898
        8904
        8906
        8908
        8912
        8916
        8927
        8928
        8929
        8933
        8938
        8940
        8944
        8947
        8950
        8954
        8955
        8956
        8959
        8983
        8987
        8988
        8989
        8992
        8994
        8995
