        16
        17
        18
        21
        22
        24
        25
        27
        30
        34
        41
        51
        57
        58
        70
        73
        77
        81
        88
        92
        97
        102
        108
        109
        114
        116
        117
        119
        123
        131
        136
        140
        142
        143
        148
        151
        152
        154
        155
        158
        159
        160
        162
        167
        172
        180
        183
        185
        188
        191
        198
        204
        223
        227
        228
        229
        237
        243
        246
        248
        252
        260
        269
        281
        284
        286
        290
        293
        294
        298
        304
        312
        314
        316
        319
        322
        327
        334
        339
        345
        347
        348
        365
        370
        372
        373
        381
        383
        384
        385
        387
        393
        395
        397
        413
        419
        421
        427
        432
        435
        437
        439
        440
        445
        447
        449
        456
        457
        458
        462
        466
        468
        472
        484
        487
        489
        494
        495
        496
        502
        504
        508
        510
        515
        517
        521
        522
        525
        529
        530
        532
        536
        538
        542
        547
        549
        550
        555
        562
        564
        570
        573
        579
        581
        585
        588
        589
        590
        592
        593
        594
        596
        598
        601
        602
        605
        608
        610
        611
        619
        631
        634
        638
        644
        648
        655
        665
        675
        677
        678
        681
        687
        688
        692
        695
        702
        703
        709
        714
        717
        721
        727
        728
        734
        737
        738
        743
        749
        751
        754
        757
        764
        778
        791
        793
        805
        806
        808
        809
        810
        812
        819
        822
        823
        824
        833
        843
        846
        854
        858
        861
        864
        868
        878
        880
        883
        886
        887
        888
        902
        905
        908
        912
        914
        918
        924
        929
        932
        933
        934
        942
        947
        949
        953
        958
        961
        970
        979
        981
        984
        988
        990
        1000
        1004
        1005
        1007
        1010
        1013
        1014
        1018
        1022
        1024
        1026
        1036
        1043
        1046
        1050
        1052
        1056
        1058
        1059
        1060
        1062
        1067
        1068
        1070
        1071
        1074
        1076
        1081
        1084
        1088
        1090
        1091
        1096
        1097
        1098
        1103
        1109
        1115
        1116
        1119
        1120
        1128
        1132
        1137
        1143
        1147
        1148
        1149
        1150
        1164
        1172
        1175
        1177
        1181
        1183
        1192
        1197
        1203
        1208
        1211
        1220
        1223
        1224
        1230
        1240
        1247
        1251
        1259
        1267
        1274
        1277
        1279
        1282
        1283
        1291
        1294
        1299
        1307
        1309
        1314
        1322
        1325
        1326
        1328
        1335
        1341
        1342
        1353
        1357
        1362
        1363
        1369
        1372
        1374
        1375
        1377
        1379
        1382
        1383
        1384
        1388
        1396
        1401
        1411
        1412
        1413
        1416
        1418
        1420
        1429
        1430
        1432
        1435
        1437
        1442
        1444
        1445
        1458
        1464
        1465
        1468
        1472
        1474
        1487
        1489
        1495
        1497
        1510
        1512
        1513
        1514
        1515
        1517
        1518
        1521
        1528
        1532
        1539
        1542
        1547
        1558
        1562
        1565
        1580
        1581
        1587
        1588
        1589
        1591
        1599
        1605
        1614
        1617
        1625
        1628
        1635
        1637
        1641
        1646
        1648
        1652
        1655
        1657
        1658
        1660
        1662
        1664
        1672
        1678
        1681
        1686
        1697
        1698
        1699
        1700
        1701
        1704
        1710
        1711
        1712
        1715
        1716
        1718
        1734
        1737
        1741
        1749
        1750
        1752
        1762
        1765
        1770
        1776
        1777
        1781
        1782
        1792
        1800
        1803
        1807
        1811
        1817
        1821
        1825
        1828
        1829
        1832
        1835
        1836
        1838
        1845
        1847
        1850
        1856
        1857
        1864
        1866
        1869
        1874
        1878
        1880
        1886
        1889
        1894
        1897
        1900
        1905
        1910
        1912
        1913
        1914
        1917
        1920
        1924
        1927
        1930
        1937
        1939
        1944
        1946
        1949
        1952
        1957
        1960
        1962
        1966
        1971
        1974
        1979
        1992
        1996
        1999
        2003
        2004
        2006
        2011
        2013
        2016
        2022
        2024
        2027
        2032
        2045
        2046
        2048
        2050
        2051
        2054
        2055
        2056
        2059
        2060
        2061
        2063
        2069
        2070
        2074
        2077
        2078
        2086
        2087
        2090
        2097
        2100
        2102
        2103
        2106
        2110
        2112
        2114
        2117
        2119
        2123
        2129
        2131
        2144
        2146
        2151
        2174
        2175
        2179
        2182
        2187
        2189
        2193
        2194
        2196
        2200
        2204
        2206
        2209
        2210
        2212
        2223
        2227
        2233
        2237
        2241
        2242
        2248
        2251
        2252
        2253
        2254
        2256
        2257
        2263
        2264
        2267
        2272
        2275
        2282
        2285
        2288
        2289
        2291
        2293
        2294
        2297
        2299
        2300
        2302
        2303
        2306
        2317
        2318
        2320
        2322
        2325
        2327
        2331
        2336
        2342
        2343
        2344
        2347
        2350
        2353
        2357
        2358
        2363
        2369
        2370
        2373
        2379
        2383
        2387
        2391
        2393
        2396
        2397
        2402
        2404
        2406
        2407
        2409
        2413
        2417
        2421
        2429
        2435
        2437
        2447
        2457
        2465
        2473
        2477
        2481
        2486
        2487
        2490
        2492
        2494
        2497
        2499
        2507
        2512
        2518
        2520
        2523
        2531
        2534
        2540
        2543
        2547
        2551
        2552
        2554
        2556
        2563
        2566
        2575
        2577
        2579
        2584
        2588
        2591
        2595
        2603
        2605
        2607
        2621
        2623
        2631
        2632
        2634
        2637
        2644
        2650
        2652
        2665
        2667
        2674
        2677
        2681
        2682
        2684
        2687
        2690
        2692
        2694
        2695
        2697
        2700
        2702
        2707
        2711
        2712
        2721
        2733
        2734
        2738
        2740
        2741
        2746
        2748
        2755
        2758
        2761
        2762
        2770
        2772
        2773
        2774
        2776
        2778
        2782
        2785
        2788
        2791
        2794
        2795
        2803
        2804
        2806
        2808
        2810
        2813
        2817
        2820
        2823
        2826
        2833
        2843
        2844
        2849
        2853
        2855
        2861
        2869
        2872
        2879
        2882
        2885
        2886
        2887
        2891
        2899
        2903
        2910
        2913
        2919
        2920
        2930
        2932
        2934
        2938
        2947
        2960
        2961
        2965
        2966
        2976
        2986
        2989
        2995
        3005
        3006
        3011
        3013
        3018
        3023
        3025
        3029
        3037
        3038
        3040
        3047
        3055
        3062
        3065
        3067
        3069
        3070
        3071
        3073
        3074
        3075
        3077
        3080
        3082
        3083
        3086
        3088
        3090
        3107
        3111
        3118
        3119
        3120
        3121
        3126
        3131
        3133
        3136
        3142
        3150
        3157
        3158
        3159
        3164
        3168
        3172
        3175
        3182
        3183
        3186
        3190
        3192
        3201
        3206
        3208
        3212
        3216
        3220
        3225
        3226
        3228
        3234
        3244
        3248
        3252
        3258
        3259
        3261
        3263
        3264
        3267
        3274
        3277
        3278
        3279
        3281
        3283
        3286
        3289
        3292
        3296
        3297
        3298
        3302
        3303
        3304
        3309
        3312
        3314
        3315
        3317
        3326
        3336
        3337
        3342
        3346
        3349
        3352
        3355
        3356
        3361
        3367
        3383
        3385
        3389
        3396
        3397
        3398
        3402
        3408
        3409
        3410
        3412
        3417
        3421
        3424
        3428
        3430
        3436
        3442
        3450
        3462
        3479
        3480
        3481
        3487
        3490
        3498
        3506
        3508
        3511
        3520
        3533
        3537
        3543
        3544
        3545
        3549
        3551
        3555
        3556
        3559
        3572
        3574
        3576
        3580
        3585
        3588
        3589
        3595
        3598
        3606
        3609
        3610
        3611
        3612
        3613
        3614
        3618
        3626
        3631
        3634
        3637
        3638
        3640
        3643
        3648
        3652
        3656
        3663
        3668
        3669
        3670
        3672
        3676
        3678
        3679
        3681
        3682
        3683
        3685
        3687
        3688
        3695
        3700
        3707
        3709
        3719
        3720
        3724
        3730
        3737
        3742
        3743
        3752
        3754
        3758
        3767
        3773
        3776
        3779
        3781
        3784
        3793
        3796
        3804
        3808
        3811
        3818
        3822
        3823
        3826
        3828
        3833
        3836
        3840
        3844
        3849
        3855
        3859
        3862
        3864
        3866
        3867
        3868
        3871
        3883
        3888
        3899
        3901
        3916
        3917
        3923
        3925
        3935
        3943
        3949
        3953
        3956
        3963
        3970
        3972
        3976
        3988
        3997
        4000
        4003
        4007
        4008
        4011
        4019
        4020
        4021
        4022
        4024
        4027
        4033
        4035
        4046
        4047
        4051
        4054
        4057
        4062
        4064
        4066
        4067
        4085
        4087
        4096
        4100
        4103
        4107
        4108
        4109
        4112
        4113
        4114
        4118
        4119
        4121
        4125
        4127
        4134
        4146
        4148
        4151
        4152
        4154
        4156
        4157
        4159
        4162
        4166
        4172
        4175
        4182
        4183
        4186
        4188
        4192
        4198
        4199
        4200
        4203
        4204
        4206
        4211
        4215
        4218
        4220
        4221
        4228
        4230
        4231
        4233
        4234
        4239
        4241
        4243
        4246
        4248
        4250
        4254
        4258
        4268
        4274
        4275
        4276
        4277
        4279
        4281
        4282
        4286
        4292
        4294
        4296
        4302
        4303
        4305
        4306
        4309
        4311
        4315
        4318
        4323
        4327
        4331
        4337
        4340
        4343
        4345
        4350
        4353
        4358
        4360
        4364
        4367
        4371
        4373
        4379
        4382
        4387
        4400
        4404
        4406
        4410
        4414
        4418
        4420
        4433
        4436
        4445
        4446
        4449
        4450
        4451
        4453
        4458
        4460
        4462
        4463
        4467
        4469
        4478
        4479
        4484
        4486
        4492
        4495
        4499
        4504
        4506
        4512
        4513
        4519
        4522
        4523
        4526
        4529
        4534
        4543
        4545
        4552
        4554
        4560
        4562
        4567
        4573
        4577
        4582
        4586
        4588
        4599
        4601
        4606
        4607
        4615
        4619
        4623
        4631
        4641
        4643
        4648
        4659
        4661
        4675
        4676
        4678
        4680
        4688
        4689
        4694
        4697
        4698
        4713
        4716
        4722
        4728
        4731
        4750
        4753
        4754
        4759
        4762
        4766
        4769
        4771
        4773
        4780
        4782
        4788
        4799
        4807
        4813
        4815
        4819
        4830
        4834
        4842
        4846
        4851
        4853
        4854
        4855
        4860
        4862
        4863
        4868
        4873
        4884
        4891
        4897
        4909
        4920
        4927
        4932
        4934
        4937
        4939
        4943
        4951
        4963
        4965
        4976
        4978
        4980
        4982
        4985
        4988
        4994
        5000
        5005
        5010
        5011
        5027
        5029
        5039
        5046
        5052
        5055
        5058
        5065
        5068
        5070
        5072
        5080
        5086
        5089
        5092
        5094
        5096
        5099
        5100
        5102
        5104
        5108
        5121
        5136
        5139
        5142
        5144
        5148
        5155
        5159
        5166
        5170
        5180
        5184
        5190
        5192
        5195
        5198
        5199
        5203
        5204
        5209
        5210
        5213
        5216
        5223
        5228
        5229
        5230
        5232
        5236
        5241
        5244
        5246
        5257
        5258
        5259
        5261
        5263
        5265
        5267
        5270
        5272
        5274
        5276
        5281
        5289
        5291
        5292
        5293
        5295
        5297
        5303
        5304
        5306
        5307
        5310
        5313
        5318
        5320
        5327
        5329
        5332
        5337
        5340
        5345
        5351
        5353
        5356
        5360
        5361
        5368
        5370
        5372
        5373
        5375
        5382
        5383
        5384
        5386
        5388
        5392
        5394
        5399
        5402
        5412
        5414
        5415
        5416
        5420
        5422
        5424
        5429
        5431
        5436
        5441
        5443
        5449
        5458
        5461
        5463
        5475
        5476
        5477
        5485
        5489
        5497
        5501
        5502
        5505
        5508
        5509
        5512
        5516
        5520
        5522
        5525
        5526
        5528
        5531
        5532
        5539
        5543
        5544
        5559
        5570
        5572
        5575
        5582
        5586
        5589
        5593
        5594
        5599
        5606
        5613
        5615
        5618
        5621
        5623
        5629
        5632
        5636
        5654
        5658
        5659
        5666
        5673
        5676
        5679
        5684
        5695
        5699
        5703
        5705
        5707
        5716
        5721
        5723
        5726
        5728
        5732
        5737
        5739
        5744
        5747
        5749
        5750
        5753
        5754
        5755
        5756
        5758
        5760
        5761
        5765
        5766
        5770
        5786
        5789
        5791
        5794
        5798
        5801
        5808
        5815
        5820
        5830
        5839
        5842
        5844
        5850
        5851
        5862
        5866
        5868
        5872
        5873
        5889
        5892
        5894
        5904
        5917
        5921
        5926
        5929
        5933
        5941
        5943
        5953
        5960
        5962
        5963
        5964
        5968
        5972
        5976
        5979
        5981
        5986
        5990
        5994
        6003
        6006
        6011
        6012
        6013
        6014
        6020
        6021
        6022
        6028
        6029
        6032
        6035
        6037
        6040
        6046
        6049
        6059
        6061
        6068
        6071
        6075
        6076
        6077
        6083
        6104
        6109
        6113
        6115
        6123
        6126
        6131
        6137
        6140
        6145
        6146
        6147
        6148
        6158
        6162
        6163
        6165
        6166
        6171
        6175
        6181
        6183
        6185
        6187
        6202
        6204
        6207
        6215
        6217
        6225
        6227
        6230
        6232
        6237
        6239
        6245
        6253
        6256
        6260
        6265
        6270
        6272
        6276
        6281
        6287
        6293
        6297
        6303
        6306
        6310
        6311
        6313
        6315
        6318
        6320
        6332
        6334
        6337
        6343
        6348
        6353
        6355
        6360
        6361
        6364
        6370
        6376
        6377
        6382
        6383
        6384
        6395
        6396
        6397
        6401
        6415
        6416
        6419
        6424
        6426
        6428
        6429
        6430
        6436
        6440
        6450
        6453
        6458
        6464
        6466
        6479
        6484
        6485
        6488
        6491
        6492
        6494
        6496
        6497
        6502
        6503
        6506
        6510
        6516
        6525
        6528
        6535
        6541
        6543
        6544
        6546
        6548
        6551
        6561
        6568
        6571
        6572
        6575
        6579
        6584
        6590
        6595
        6601
        6604
        6605
        6607
        6616
        6618
        6627
        6629
        6639
        6653
        6654
        6659
        6660
        6667
        6669
        6671
        6673
        6676
        6681
        6682
        6693
        6694
        6697
        6705
        6709
        6711
        6712
        6715
        6730
        6733
        6738
        6740
        6742
        6746
        6760
        6764
        6772
        6776
        6783
        6785
        6792
        6799
        6803
        6807
        6808
        6809
        6810
        6811
        6814
        6823
        6824
        6825
        6828
        6829
        6832
        6833
        6840
        6845
        6847
        6848
        6852
        6858
        6861
        6863
        6867
        6872
        6874
        6878
        6891
        6894
        6901
        6902
        6907
        6913
        6918
        6919
        6920
        6922
        6928
        6933
        6935
        6938
        6941
        6945
        6946
        6947
        6952
        6956
        6960
        6965
        6974
        6978
        6980
        6984
        6988
        6993
        6998
        7000
        7002
        7004
        7008
        7009
        7016
        7021
        7032
        7035
        7036
        7037
        7041
        7043
        7050
        7055
        7072
        7073
        7081
        7089
        7098
        7101
        7107
        7113
        7120
        7123
        7125
        7130
        7134
        7135
        7141
        7143
        7149
        7152
        7156
        7162
        7163
        7166
        7170
        7172
        7175
        7191
        7197
        7205
        7207
        7209
        7213
        7218
        7220
        7253
        7388
        7403
        7541
        7638
        7644
        7645
        7648
        7649
        7650
        7653
        7654
        7655
        7656
        7657
        7658
        7660
        7661
        7663
        7666
        7667
        7671
        7675
        7676
        7677
        7678
        7680
        7682
        7684
        7685
        7686
        7695
        7697
        7699
        7700
        7702
        7703
        7705
        7706
        7708
        7714
        7715
        7717
        7718
        7719
        7720
        7721
        7723
        7724
        7730
        7735
        7745
        7746
        7748
        7750
        7756
        7758
        7773
        7774
        7777
        7782
        7784
        7788
        7789
        7791
        7792
        7793
        7795
        7804
        7811
        7819
        7821
        7822
        7823
        7825
        7829
        7831
        7835
        7841
        7843
        7849
        7852
        7858
        7860
        7866
        7870
        7872
        7876
        7877
        7878
        7879
        7882
        7889
        7891
        7895
        7899
        7901
        7911
        7912
        7914
        7919
        7924
        7934
        7936
        7937
        7939
        7940
        7943
        7945
        7947
        7951
        7952
        7955
        7960
        7973
        7977
        7979
        7985
        7988
        7994
        7995
        8004
        8013
        8018
        8028
        8040
        8054
        8055
        8057
        8059
        8066
        8075
        8077
        8080
        8087
        8094
        8095
        8097
        8101
        8106
        8107
        8114
        8117
        8119
        8122
        8127
        8131
        8132
        8134
        8139
        8141
        8144
        8146
        8150
        8153
        8154
        8156
        8158
        8161
        8163
        8164
        8169
        8184
        8186
        8188
        8192
        8197
        8201
        8214
        8216
        8225
        8237
        8248
        8253
        8255
        8257
        8258
        8269
        8276
        8280
        8283
        8285
        8288
        8292
        8295
        8300
        8303
        8304
        8308
        8312
        8329
        8344
        8348
        8350
        8356
        8357
        8358
        8362
        8367
        8371
        8372
        8375
        8389
        8397
        8398
        8408
        8414
        8416
        8417
        8421
        8424
        8435
        8437
        8438
        8440
        8443
        8447
        8450
        8451
        8453
        8455
        8458
        8460
        8464
        8467
        8470
        8471
        8477
        8485
        8490
        8494
        8497
        8499
        8503
        8504
        8514
        8517
        8528
        8532
        8535
        8539
        8541
        8542
        8544
        8547
        8552
        8555
        8556
        8557
        8558
        8559
        8574
        8575
        8579
        8582
        8584
        8585
        8587
        8589
        8594
        8596
        8607
        8609
        8612
        8617
        8634
        8639
        8650
        8653
        8658
        8660
        8663
        8670
        8672
        8683
        8685
        8686
        8687
        8688
        8693
        8696
        8698
        8699
        8700
        8711
        8725
        8726
        8729
        8734
        8738
        8748
        8750
        8752
        8757
        8760
        8761
        8762
        8767
        8768
        8770
        8773
        8775
        8779
        8788
        8794
        8797
        8800
        8802
        8806
        8812
        8819
        8823
        8827
        8834
        8837
        8842
        8846
        8854
        8857
        8862
        8870
        8875
        8888
        8894
        8900
        8901
        8903
        8905
        8907
        8911
        8913
        8914
        8918
        8942
        8943
        8948
        8956
        8961
        8967
        8970
        8972
        8982
        8985
        8987
        8989
        8990
        8993
