        3
        6
        10
        25
        32
        34
        38
        48
        50
        57
        58
        59
        60
        64
        67
        69
        71
        79
        80
        85
        89
        92
        95
        99
        103
        104
        109
        119
        124
        127
        129
        130
        134
        145
        151
        155
        157
        162
        166
        168
        175
        178
        183
        186
        188
        191
        192
        202
        204
        207
        216
        225
        230
        232
        236
        243
        251
        256
        262
        264
        267
        268
        278
        282
        293
        301
        303
        312
        316
        318
        320
        322
        324
        327
        329
        332
        338
        346
        347
        351
        352
        353
        363
        374
        382
        391
        396
        398
        400
        401
        402
        405
        407
        410
        422
        429
        432
        436
        438
        443
        444
        446
        456
        458
        460
        461
        468
        475
        481
        487
        491
        502
        509
        526
        540
        544
        551
        559
        578
        580
        582
        586
        589
        594
        599
        602
        605
        606
        610
        612
        616
        624
        631
        633
        635
        637
        639
        658
        665
        676
        678
        683
        687
        701
        703
        709
        711
        719
        729
        732
        736
        738
        741
        742
        758
        762
        767
        769
        771
        776
        778
        779
        780
        783
        794
        796
        799
        803
        806
        815
        820
        828
        829
        832
        838
        849
        851
        860
        863
        865
        866
        867
        868
        874
        876
        886
        887
        894
        897
        900
        903
        906
        913
        916
        922
        924
        928
        935
        938
        947
        958
        965
        969
        970
        980
        982
        987
        989
        1011
        1013
        1014
        1015
        1019
        1020
        1022
        1028
        1035
        1045
        1054
        1057
        1059
        1063
        1068
        1080
        1084
        1090
        1099
        1102
        1105
        1112
        1114
        1120
        1127
        1138
        1144
        1147
        1154
        1159
        1169
        1177
        1180
        1187
        1189
        1195
        1197
        1199
        1207
        1208
        1210
        1213
        1218
        1225
        1229
        1230
        1233
        1237
        1239
        1241
        1242
        1243
        1246
        1251
        1254
        1256
        1257
        1258
        1259
        1262
        1263
        1267
        1269
        1274
        1278
        1283
        1285
        1288
        1291
        1292
        1293
        1297
        1302
        1307
        1313
        1315
        1321
        1323
        1329
        1337
        1347
        1350
        1353
        1359
        1368
        1391
        1402
        1423
        1447
        1510
        1511
        1512
        1513
        1514
        1515
        1516
        1548
        1573
        1724
        1743
        1810
        1821
        1823
        1827
        1829
        1835
        1840
        1842
        1843
        1846
        1847
        1848
        1849
        1850
        1852
        1853
        1864
        1871
        1874
        1878
        1883
        1887
        1891
        1895
        1905
        1907
        1919
        1923
        1925
        1929
        1932
        1937
        1940
        1944
        1950
        1956
        1960
        1965
        1968
        1970
        1974
        1984
        1988
        1996
        2000
        2007
        2012
        2120
        2121
        2122
        2123
        2124
        2125
        2148
        2157
        2160
        2166
        2173
        3095
        3098
        3105
        3113
        3117
        3121
        3125
        3133
        3139
        3149
        3154
        3255
        3258
        3259
        3264
        3271
        3276
        3293
        3295
        3305
        3312
        3318
        3326
        3328
        3329
        3330
        3335
        3342
        3343
        3348
        3350
        3357
        3358
        3360
        3365
        3375
        3385
        3387
        3388
        3391
        3400
        3402
        3405
        3408
        3414
        3418
        3421
        3427
        3432
        3436
        3439
        3442
        3447
        3452
        3461
        3467
        3468
        3469
        3474
        3475
        3476
        3486
        3489
        3491
        3500
        3502
        3504
        3515
        3520
        3523
        3529
        3531
        3536
        3538
        3543
        3544
        3546
        3551
        3552
        3553
        3559
        3563
        3566
        3573
        3586
        3590
        3594
        3596
        3603
        3604
        3610
        3613
        3614
        3624
        3627
        3629
        3631
        3632
        3637
        3640
        3644
        3647
        3649
        3657
        3659
        3799
        3814
        3826
        3851
        3894
        4092
        4095
        4097
        4106
        4109
        4113
        4114
        4121
        4129
        4130
        4135
        4137
        4141
        4142
        4143
        4144
        4148
        4149
        4153
        4154
        4158
        4159
        4160
        4161
        4169
        4170
        4174
        4194
        4210
        4220
        4225
        4227
        4231
        4239
        4240
        4242
        4244
        4246
        4258
        4262
        4266
        4281
        4282
        4283
        4284
        4289
        4306
        4311
        4312
        4327
        4330
        4333
        4334
        4340
        4344
        4349
        4350
        4354
        4357
        4361
        4362
        4367
        4370
        4372
        4373
        4374
        4375
        4376
        4377
        4379
        4385
        4390
        4391
        4392
        4393
        4395
        4397
        4398
        4408
        4411
        4412
        4414
        4421
        4428
        4429
        4433
        4436
        4438
        4440
        4441
        4445
        4448
        4451
        4459
        4476
        4480
        4483
        4486
        4489
        4490
        4491
        4503
        4504
        4510
        4512
        4519
        4525
        4526
        4527
        4530
        4539
        4543
        4544
        4545
        4553
        4557
        4559
        4564
        4569
        4575
        4576
        4579
        4583
        4585
        4589
        4592
        4596
        4598
        4602
        4605
        4607
        4616
        4617
        4633
        4635
        4639
        4640
        4643
        4646
        4654
        4657
        4660
        4662
        4670
        4671
        4673
        4689
        4695
        4700
        4703
        4704
        4718
        4722
        4726
        4729
        4730
        4734
        4735
        4737
        4738
        4739
        4740
        4745
        4749
        4761
        4768
        4773
        4778
        4786
        4787
        4788
        4789
        4794
        4805
        4808
        4812
        4825
        4834
        4836
        4838
        4839
        4846
        4852
        4861
        4868
        4874
        4876
        4877
        4878
        4885
        4891
        4894
        4895
        4907
        4910
        4918
        4920
        4921
        4937
        4938
        4940
        4945
        4950
        4953
        4961
        4965
        4968
        4969
        4974
        4976
        4979
        4982
        4986
        4989
        4991
        4993
        4994
        4995
        4997
        5002
        5006
        5008
        5010
        5012
        5018
        5024
        5037
        5041
        5044
        5052
        5065
        5070
        5072
        5074
        5075
        5076
        5077
        5078
        5081
        5084
        5091
        5098
        5103
        5110
        5115
        5135
        5147
        5155
        5156
        5166
        5180
        5186
        5192
        5193
        5208
        5216
        5219
        5225
        5228
        5230
        5234
        5238
        5246
        5258
        5272
        5278
        5289
        5301
        5307
        5313
        5323
        5330
        5331
        5332
        5335
        5337
        5340
        5341
        5348
        5350
        5351
        5357
        5359
        5361
        5363
        5366
        5367
        5368
        5369
        5371
        5374
        5375
        5378
        5382
        5384
        5390
        5392
        5395
        5396
        5398
        5410
        5422
        5435
        5441
        5444
        5452
        5466
        5469
        5470
        5473
        5484
        5485
        5494
        5498
        5504
        5507
        5512
        5515
        5517
        5523
        5526
        5528
        5535
        5538
        5542
        5544
        5546
        5549
        5556
        5565
        5566
        5572
        5582
        5583
        5584
        5586
        5588
        5596
        5599
        5602
        5606
        5611
        5614
        5619
        5627
        5634
        5636
        5638
        5640
        5646
        5668
        5669
        5671
        5673
        5684
        5689
        5696
        5697
        5703
        5715
        5726
        5735
        5739
        5741
        5758
        5769
        5780
        5801
        5802
        5818
        5827
        5835
        5847
        5855
        5932
        5933
        5936
        5940
        5946
        5955
        5958
        5968
        5975
        5977
        5982
        5984
        5986
        5987
        5989
        6002
        6006
        6009
        6019
        6024
        6027
        6029
        6031
        6032
        6038
        6048
        6062
        6065
        6067
        6068
        6070
        6072
        6074
        6076
        6087
        6093
        6095
        6098
        6108
        6114
        6121
        6123
        6127
        6128
        6131
        6132
        6139
        6154
        6162
        6170
        6173
        6174
        6177
        6179
        6185
        6187
        6194
        6199
        6205
        6212
        6214
        6222
        6228
        6233
        6234
        6238
        6240
        6248
        6257
        6258
        6262
        6264
        6269
        6274
        6276
        6280
        6282
        6283
        6294
        6297
        6302
        6304
        6313
        6315
        6317
        6318
        6328
        6330
        6334
        6336
        6338
        6341
        6347
        6350
        6351
        6355
        6357
        6364
        6368
        6369
        6373
        6376
        6378
        6383
        6389
        6393
        6395
        6398
        6401
        6404
        6407
        6414
        6418
        6429
        6430
        6434
        6440
        6445
        6450
        6457
        6464
        6466
        6471
        6478
        6488
        6490
        6493
        6499
        6503
        6505
        6509
        6512
        6517
        6525
        6528
        6531
        6536
        6541
        6547
        6548
        6549
        6552
        6555
        6560
        6561
        6570
        6586
        6587
        6593
        6595
        6602
        6607
        6611
        6613
        6619
        6626
        6628
        6632
        6635
        6636
        6638
        6640
        6645
        6647
        6652
        6656
        6668
        6671
        6673
        6676
        6677
        6679
        6680
        6690
        6694
        6695
        6702
        6707
        6709
        6710
        6713
        6715
        6722
        6723
        6738
        6742
        6749
        6752
        6755
        6758
        6766
        6770
        6773
        6778
        6781
        6782
        6784
        6790
        6792
        6794
        6800
        6805
        6813
        6814
        6819
        6825
        6840
        6852
        6854
        6864
        6865
        6866
        6867
        6869
        6874
        6880
        6884
        6889
        6892
        6899
        6903
        6906
        6910
        6913
        6914
        6923
        6928
        6932
        6936
        6938
        6940
        6942
        6948
        6957
        6959
        6968
        6969
        6975
        6983
        6985
        6986
        6989
        6994
        7000
        7008
        7011
        7019
        7025
        7030
        7034
        7035
        7038
        7042
        7049
        7053
        7067
        7076
        7079
        7085
        7096
        7112
        7113
        7117
        7123
        7127
        7131
        7132
        7133
        7134
        7138
        7139
        7140
        7141
        7142
        7143
        7145
        7152
        7153
        7156
        7157
        7159
        7161
        7163
        7165
        7170
        7172
        7174
        7179
        7180
        7187
        7188
        7189
        7196
        7199
        7202
        7204
        7209
        7212
        7214
        7216
        7219
        7221
        7225
        7226
        7233
        7234
        7235
        7243
        7246
        7257
        7260
        7266
        7267
        7268
        7271
        7272
        7275
        7283
        7284
        7287
        7294
        7295
        7301
        7302
        7306
        7307
        7308
        7310
        7313
        7315
        7316
        7318
        7320
        7322
        7323
        7324
        7325
        7326
        7329
        7330
        7331
        7332
        7340
        7341
        7347
        7353
        7360
        7365
        7366
        7369
        7372
        7378
        7383
        7393
        7395
        7396
        7398
        7401
        7402
        7403
        7410
        7414
        7417
        7422
        7425
        7430
        7436
        7447
        7453
        7459
        7463
        7465
        7470
        7478
        7481
        7486
        7492
        7497
        7499
        7507
        7508
        7512
        7518
        7532
        7534
        7538
        7544
        7546
        7552
        7553
        7556
        7564
        7567
        7573
        7574
        7575
        7580
        7587
        7588
        7590
        7591
        7592
        7596
        7601
        7605
        7607
        7608
        7611
        7612
        7621
        7624
        7626
        7627
        7636
        7637
        7641
        7644
        7651
        7654
        7657
        7660
        7669
        7670
        7673
        7680
        7681
        7689
        7690
        7692
        7696
        7698
        7699
        7705
        7707
        7708
        7710
        7729
        7730
        7734
        7735
        7736
        7738
        7746
        7747
        7753
        7755
        7763
        7766
        7773
        7776
        7783
        7795
        7800
        7802
        7806
        7808
        7815
        7817
        7826
        7828
        7832
        7843
        7845
        7847
        7848
        7849
        7850
        7851
        7852
        7853
        7854
        7855
        7856
        7858
        7859
        7862
        7864
        7868
        7870
        7871
        7873
        7875
        7878
        7881
        7883
        7884
        7885
        7889
        7890
        7893
        7894
        7901
        7908
        7909
        7913
        7920
        7927
        7929
        7936
        7937
        7941
        7946
        7950
        7957
        7963
        7972
        7973
        7975
        7978
        7981
        7985
        7991
        7995
        7996
        7999
        8002
        8009
        8010
        8015
        8018
        8019
        8024
        8027
        8029
        8034
        8037
        8041
        8045
        8052
        8064
        8068
        8073
        8074
        8076
        8078
        8080
        8082
        8086
        8088
        8095
        8097
        8098
        8099
        8100
        8102
        8104
        8106
        8107
        8110
        8111
        8114
        8115
        8118
        8119
        8121
        8122
        8123
        8124
        8126
        8127
        8129
        8130
        8137
        8141
        8147
        8149
        8150
        8154
        8159
        8160
        8163
        8164
        8165
        8169
        8172
        8174
        8176
        8178
        8180
        8181
        8183
        8186
        8189
        8192
        8194
        8197
        8203
        8205
        8206
        8209
        8211
        8212
        8214
        8216
        8218
        8219
        8220
        8221
        8225
        8226
        8228
        8229
        8238
        8239
        8240
        8247
        8249
        8250
        8254
        8260
        8267
        8268
        8270
        8273
        8275
        8276
        8278
        8279
        8280
        8283
        8284
        8288
        8289
        8290
        8295
        8297
        8298
        8301
        8305
        8306
        8309
        8316
        8317
        8321
        8323
        8332
        8335
        8337
        8339
        8342
        8344
        8350
        8353
        8357
        8358
        8364
        8367
        8373
        8374
        8376
        8380
        8389
        8394
        8401
        8402
        8403
        8405
        8407
        8410
        8418
        8420
        8421
        8423
        8427
        8429
        8434
        8435
        8447
        8448
        8450
        8456
        8457
        8458
        8462
        8463
        8468
        8472
        8476
        8483
        8484
        8486
        8490
        8493
        8495
        8497
        8498
        8500
        8501
        8506
        8507
        8515
        8518
        8524
        8525
        8526
        8528
        8533
        8535
        8537
        8539
        8541
        8542
        8547
        8550
        8556
        8557
        8558
        8561
        8563
        8564
        8568
        8570
        8572
        8574
        8580
        8585
        8587
        8590
        8591
        8592
        8595
        8596
        8599
        8601
        8606
        8607
        8609
        8611
        8613
        8614
        8618
        8620
        8623
        8625
        8626
        8633
        8636
        8637
        8638
        8643
        8653
        8659
        8663
        8664
        8666
        8668
        8669
        8670
        8674
        8678
        8681
        8683
        8696
        8698
        8700
        8702
        8704
        8708
        8709
        8711
        8712
        8716
        8717
        8722
        8725
        8727
        8728
        8733
        8742
        8757
        8759
        8760
        8770
        8772
        8775
        8777
        8782
        8787
        8795
        8796
        8798
        8799
        8802
        8806
        8808
        8815
        8818
        8821
        8822
        8827
        8839
        8842
        8844
        8850
        8852
        8853
        8858
        8861
        8862
        8863
        8865
        8866
        8867
        8870
        8872
        8875
        8878
        8882
        8884
        8886
        8889
        8890
        8891
        8894
        8896
        8900
        8901
        8904
        8911
        8921
        8922
        8923
        8924
        8932
        8935
        8939
        8942
        8946
        8951
        8955
        8957
        8959
        8963
        8967
        8970
        8973
        8975
        8976
        8977
        8984
        8989
        8995
