        1
        3
        6
        7
        8
        14
        20
        27
        28
        35
        40
        50
        52
        53
        54
        55
        58
        59
        62
        65
        66
        70
        72
        74
        75
        77
        78
        79
        80
        81
        82
        88
        90
        91
        92
        93
        98
        108
        110
        119
        120
        122
        124
        126
        128
        130
        132
        134
        147
        148
        154
        155
        157
        163
        165
        167
        172
        173
        174
        176
        181
        183
        192
        193
        195
        201
        203
        204
        213
        218
        220
        225
        229
        230
        232
        236
        247
        248
        250
        253
        257
        258
        269
        275
        279
        282
        283
        284
        290
        291
        292
        296
        298
        299
        302
        303
        304
        308
        312
        313
        315
        316
        317
        318
        320
        322
        325
        327
        328
        330
        333
        334
        335
        337
        338
        341
        355
        358
        363
        371
        372
        373
        376
        377
        378
        381
        389
        390
        391
        393
        401
        405
        408
        413
        415
        420
        427
        429
        433
        442
        448
        449
        450
        451
        453
        458
        472
        473
        476
        486
        487
        492
        494
        495
        499
        502
        504
        505
        508
        509
        510
        511
        514
        516
        518
        519
        520
        522
        523
        526
        528
        530
        532
        534
        538
        540
        542
        543
        546
        547
        549
        552
        555
        556
        558
        559
        561
        568
        573
        574
        577
        582
        586
        587
        595
        597
        607
        613
        617
        626
        627
        634
        637
        642
        645
        649
        654
        656
        659
        661
        666
        678
        681
        682
        683
        685
        692
        696
        697
        705
        708
        714
        715
        725
        727
        731
        735
        736
        739
        740
        741
        743
        746
        749
        757
        760
        763
        764
        765
        766
        768
        769
        772
        777
        779
        780
        783
        785
        787
        790
        800
        804
        805
        807
        808
        810
        812
        822
        829
        835
        840
        842
        846
        852
        860
        861
        864
        871
        876
        880
        888
        889
        895
        897
        903
        917
        920
        924
        929
        933
        934
        936
        940
        941
        944
        946
        951
        953
        960
        962
        966
        967
        971
        972
        973
        976
        979
        988
        999
        1000
        1015
        1023
        1028
        1037
        1039
        1042
        1050
        1061
        1064
        1066
        1068
        1071
        1073
        1074
        1075
        1076
        1080
        1087
        1092
        1093
        1100
        1102
        1111
        1115
        1117
        1121
        1122
        1124
        1128
        1131
        1132
        1136
        1137
        1143
        1151
        1154
        1158
        1160
        1163
        1166
        1168
        1173
        1175
        1182
        1191
        1195
        1196
        1198
        1199
        1204
        1209
        1211
        1214
        1219
        1224
        1230
        1232
        1239
        1246
        1248
        1251
        1252
        1253
        1257
        1260
        1262
        1264
        1276
        1277
        1283
        1286
        1292
        1297
        1300
        1305
        1312
        1321
        1323
        1334
        1336
        1340
        1347
        1348
        1352
        1364
        1367
        1369
        1381
        1385
        1390
        1391
        1395
        1396
        1400
        1403
        1408
        1410
        1415
        1416
        1418
        1423
        1426
        1430
        1433
        1446
        1457
        1458
        1460
        1463
        1467
        1475
        1481
        1482
        1488
        1491
        1496
        1499
        1504
        1505
        1513
        1525
        1528
        1532
        1534
        1542
        1545
        1547
        1549
        1551
        1553
        1556
        1560
        1563
        1564
        1566
        1570
        1574
        1580
        1583
        1585
        1588
        1593
        1595
        1601
        1604
        1605
        1611
        1617
        1618
        1619
        1621
        1623
        1629
        1632
        1635
        1636
        1638
        1642
        1647
        1649
        1651
        1652
        1653
        1658
        1660
        1662
        1664
        1667
        1668
        1670
        1671
        1672
        1673
        1676
        1682
        1686
        1687
        1689
        1690
        1696
        1700
        1704
        1707
        1710
        1713
        1723
        1727
        1728
        1730
        1733
        1735
        1738
        1743
        1744
        1745
        1755
        1758
        1764
        1767
        1773
        1774
        1781
        1785
        1786
        1795
        1800
        1804
        1807
        1809
        1816
        1822
        1831
        1836
        1838
        1844
        1848
        1853
        1858
        1859
        1865
        1867
        1872
        1873
        1875
        1880
        1883
        1884
        1886
        1888
        1896
        1901
        1903
        1912
        1917
        1918
        1924
        1926
        1930
        1937
        1941
        1944
        1951
        1958
        1961
        1970
        1971
        1973
        1975
        1979
        1983
        1990
        1992
        1995
        1999
        2002
        2006
        2008
        2011
        2015
        2017
        2024
        2025
        2026
        2029
        2030
        2035
        2038
        2041
        2044
        2049
        2056
        2059
        2062
        2064
        2067
        2072
        2075
        2076
        2087
        2088
        2092
        2095
        2098
        2100
        2101
        2108
        2118
        2121
        2123
        2124
        2127
        2129
        2135
        2136
        2138
        2139
        2140
        2146
        2149
        2153
        2156
        2159
        2162
        2165
        2168
        2169
        2178
        2179
        2181
        2184
        2190
        2191
        2194
        2200
        2201
        2203
        2205
        2209
        2213
        2214
        2219
        2225
        2228
        2229
        2230
        2235
        2237
        2240
        2241
        2243
        2244
        2250
        2251
        2252
        2257
        2262
        2265
        2274
        2275
        2278
        2279
        2286
        2287
        2289
        2293
        2295
        2299
        2307
        2311
        2314
        2316
        2320
        2329
        2330
        2337
        2343
        2346
        2348
        2374
        2376
        2377
        2382
        2385
        2389
        2392
        2393
        2400
        2402
        2403
        2414
        2425
        2431
        2436
        2438
        2448
        2449
        2452
        2455
        2459
        2464
        2468
        2475
        2481
        2482
        2483
        2486
        2487
        2488
        2492
        2504
        2507
        2508
        2510
        2512
        2514
        2515
        2518
        2521
        2523
        2525
        2526
        2527
        2530
        2531
        2532
        2533
        2534
        2537
        2545
        2553
        2554
        2557
        2559
        2561
        2563
        2564
        2565
        2566
        2570
        2576
        2579
        2581
        2582
        2583
        2587
        2594
        2597
        2599
        2600
        2602
        2603
        2608
        2612
        2616
        2617
        2620
        2621
        2625
        2626
        2628
        2629
        2632
        2639
        2640
        2644
        2647
        2649
        2650
        2655
        2660
        2664
        2666
        2667
        2674
        2677
        2679
        2682
        2686
        2695
        2696
        2699
        2702
        2709
        2714
        2719
        2726
        2730
        2735
        2740
        2745
        2751
        2754
        2757
        2760
        2773
        2776
        2778
        2783
        2784
        2788
        2789
        2792
        2795
        2796
        2798
        2805
        2806
        2811
        2816
        2817
        2823
        2826
        2827
        2836
        2838
        2840
        2842
        2863
        2871
        2872
        2873
        2875
        2881
        2882
        2883
        2885
        2887
        2888
        2890
        2895
        2901
        2905
        2910
        2914
        2917
        2918
        2920
        2921
        2922
        2924
        2928
        2930
        2938
        2943
        2953
        2955
        2957
        2959
        2962
        2963
        2966
        2970
        2972
        2981
        2982
        2984
        2987
        2996
        2999
        3007
        3008
        3010
        3012
        3015
        3016
        3020
        3026
        3028
        3033
        3036
        3040
        3044
        3048
        3051
        3052
        3057
        3061
        3067
        3072
        3079
        3084
        3088
        3093
        3105
        3106
        3110
        3113
        3125
        3128
        3133
        3137
        3146
        3149
        3150
        3155
        3163
        3166
        3168
        3170
        3174
        3178
        3180
        3187
        3188
        3191
        3193
        3195
        3200
        3206
        3213
        3226
        3231
        3234
        3253
        3270
        3274
        3277
        3279
        3283
        3289
        3299
        3300
        3303
        3304
        3310
        3314
        3315
        3317
        3321
        3331
        3333
        3339
        3340
        3343
        3348
        3351
        3358
        3359
        3363
        3372
        3373
        3377
        3380
        3384
        3389
        3391
        3394
        3397
        3398
        3400
        3402
        3403
        3405
        3406
        3408
        3413
        3416
        3419
        3423
        3429
        3432
        3438
        3440
        3443
        3455
        3458
        3460
        3462
        3467
        3471
        3472
        3475
        3489
        3490
        3496
        3507
        3511
        3523
        3526
        3529
        3532
        3533
        3534
        3545
        3551
        3553
        3556
        3559
        3572
        3574
        3575
        3577
        3582
        3583
        3586
        3589
        3593
        3596
        3598
        3611
        3615
        3619
        3625
        3627
        3631
        3633
        3637
        3638
        3650
        3653
        3661
        3667
        3669
        3672
        3674
        3677
        3679
        3690
        3694
        3696
        3698
        3704
        3711
        3712
        3715
        3722
        3723
        3730
        3739
        3742
        3747
        3750
        3756
        3759
        3760
        3762
        3763
        3765
        3766
        3770
        3772
        3773
        3774
        3775
        3776
        3782
        3795
        3803
        3806
        3809
        3810
        3815
        3822
        3826
        3829
        3832
        3836
        3840
        3842
        3846
        3849
        3852
        3856
        3860
        3862
        3864
        3874
        3875
        3877
        3878
        3879
        3880
        3884
        3890
        3900
        3908
        3915
        3916
        3918
        3924
        3927
        3931
        3936
        3937
        3939
        3941
        3942
        3944
        3948
        3955
        3958
        3960
        3961
        3965
        3967
        3969
        3971
        3975
        3980
        3984
        3988
        3990
        3992
        4001
        4004
        4006
        4008
        4014
        4017
        4021
        4026
        4028
        4029
        4030
        4031
        4039
        4041
        4045
        4050
        4054
        4057
        4064
        4066
        4073
        4083
        4087
        4093
        4096
        4099
        4103
        4107
        4110
        4112
        4114
        4119
        4120
        4124
        4128
        4132
        4135
        4136
        4140
        4145
        4152
        4154
        4166
        4174
        4178
        4181
        4185
        4191
        4193
        4196
        4200
        4202
        4206
        4217
        4221
        4223
        4226
        4228
        4229
        4234
        4236
        4243
        4244
        4246
        4252
        4256
        4263
        4273
        4274
        4275
        4281
        4282
        4283
        4287
        4292
        4305
        4308
        4312
        4313
        4325
        4327
        4332
        4334
        4339
        4340
        4341
        4350
        4356
        4362
        4367
        4371
        4374
        4378
        4382
        4385
        4386
        4387
        4389
        4391
        4392
        4395
        4397
        4403
        4405
        4408
        4412
        4413
        4415
        4416
        4418
        4419
        4420
        4429
        4441
        4447
        4450
        4457
        4460
        4466
        4472
        4473
        4481
        4482
        4484
        4486
        4488
        4493
        4501
        4512
        4514
        4526
        4533
        4544
        4550
        4558
        4560
        4564
        4566
        4567
        4571
        4582
        4597
        4603
        4612
        4626
        4628
        4629
        4631
        4633
        4636
        4638
        4640
        4642
        4643
        4662
        4663
        4669
        4671
        4677
        4678
        4679
        4681
        4683
        4685
        4690
        4692
        4693
        4695
        4700
        4701
        4704
        4705
        4706
        4708
        4710
        4713
        4725
        4727
        4729
        4731
        4733
        4742
        4751
        4752
        4755
        4758
        4768
        4769
        4774
        4775
        4779
        4790
        4795
        4796
        4800
        4804
        4816
        4832
        4837
        4844
        4846
        4849
        4856
        4858
        4859
        4860
        4862
        4863
        4866
        4867
        4868
        4870
        4875
        4879
        4880
        4884
        4893
        4894
        4897
        4898
        4909
        4911
        4912
        4915
        4923
        4924
        4926
        4929
        4930
        4931
        4932
        4934
        4937
        4938
        4941
        4942
        4943
        4945
        4948
        4949
        4952
        4953
        4954
        4955
        4956
        4958
        4959
        4962
        4965
        4973
        4975
        4979
        4981
        4982
        4990
        4991
        4995
        4997
        5001
        5004
        5005
        5006
        5008
        5010
        5011
        5016
        5019
        5025
        5026
        5031
        5035
        5039
        5043
        5045
        5047
        5048
        5051
        5054
        5055
        5056
        5057
        5058
        5062
        5064
        5065
        5070
        5073
        5074
        5075
        5076
        5077
        5078
        5079
        5082
        5083
        5084
        5088
        5090
        5092
        5098
        5099
        5100
        5104
        5109
        5111
        5112
        5115
        5116
        5122
        5126
        5128
        5129
        5130
        5131
        5132
        5135
        5136
        5138
        5147
        5148
        5149
        5155
        5158
        5160
        5164
        5165
        5166
        5169
        5172
        5173
        5174
        5180
        5181
        5182
        5184
        5185
        5188
        5191
        5196
        5197
        5200
        5204
        5213
        5216
        5220
        5222
        5224
        5225
        5226
        5229
        5230
        5232
        5235
        5236
        5237
        5239
        5250
        5254
        5255
        5256
        5261
        5262
        5265
        5268
        5270
        5273
        5274
        5276
        5283
        5287
        5288
        5289
        5290
        5293
        5295
        5301
        5302
        5305
        5306
        5307
        5308
        5311
        5312
        5316
        5317
        5320
        5322
        5326
        5329
        5339
        5341
        5343
        5345
        5349
        5353
        5354
        5358
        5360
        5363
        5367
        5368
        5369
        5370
        5372
        5375
        5378
        5379
        5380
        5385
        5388
        5401
        5404
        5405
        5407
        5412
        5414
        5420
        5427
        5428
        5432
        5435
        5438
        5443
        5444
        5446
        5450
        5451
        5453
        5456
        5462
        5464
        5469
        5475
        5476
        5478
        5483
        5490
        5491
        5492
        5494
        5496
        5498
        5499
        5502
        5503
        5504
        5506
        5507
        5508
        5511
        5520
        5524
        5527
        5531
        5538
        5542
        5543
        5545
        5547
        5553
        5556
        5557
        5559
        5561
        5564
        5565
        5567
        5568
        5569
        5570
        5577
        5579
        5581
        5587
        5588
        5594
        5598
        5603
        5604
        5606
        5614
        5616
        5620
        5624
        5625
        5628
        5630
        5632
        5637
        5639
        5645
        5647
        5652
        5653
        5656
        5657
        5659
        5662
        5665
        5677
        5678
        5679
        5688
        5691
        5692
        5695
        5697
        5701
        5705
        5709
        5713
        5714
        5716
        5718
        5719
        5721
        5724
        5727
        5728
        5736
        5738
        5740
        5743
        5744
        5750
        5751
        5752
        5753
        5754
        5758
        5764
        5769
        5771
        5772
        5774
        5775
        5779
        5782
        5787
        5792
        5794
        5796
        5801
        5803
        5804
        5805
        5808
        5811
        5814
        5826
        5827
        5828
        5829
        5835
        5837
        5839
        5845
        5849
        5858
        5860
        5864
        5866
        5871
        5876
        5877
        5882
        5884
        5885
        5891
        5898
        5905
        5910
        5912
        5916
        5917
        5919
        5921
        5924
        5928
        5937
        5939
        5941
        5943
        5945
        5951
        5953
        5955
        5957
        5958
        5959
        5961
        5963
        5969
        5971
        5974
        5977
        5978
        5981
        5983
        5985
        5987
        5989
        5991
        5993
        5998
        5999
        6001
        6004
        6007
        6012
        6027
        6031
        6035
        6047
        6048
        6053
        6060
        6069
        6071
        6076
        6080
        6081
        6088
        6090
        6093
        6097
        6099
        6105
        6107
        6109
        6111
        6112
        6122
        6125
        6126
        6129
        6130
        6136
        6142
        6149
        6151
        6153
        6155
        6158
        6160
        6166
        6178
        6179
        6183
        6185
        6187
        6189
        6191
        6203
        6218
        6220
        6224
        6228
        6232
        6235
        6241
        6246
        6251
        6256
        6259
        6261
        6262
        6264
        6265
        6268
        6270
        6275
        6284
        6285
        6289
        6293
        6294
        6299
        6301
        6307
        6315
        6316
        6323
        6332
        6340
        6349
        6351
        6353
        6355
        6356
        6362
        6368
        6369
        6370
        6373
        6380
        6387
        6392
        6394
        6396
        6400
        6403
        6407
        6418
        6421
        6431
        6432
        6442
        6446
        6447
        6449
        6457
        6458
        6461
        6464
        6470
        6472
        6473
        6482
        6484
        6489
        6497
        6505
        6507
        6517
        6518
        6523
        6526
        6527
        6541
        6542
        6543
        6545
        6552
        6553
        6556
        6557
        6558
        6562
        6565
        6570
        6571
        6577
        6580
        6583
        6586
        6587
        6591
        6595
        6596
        6597
        6606
        6610
        6615
        6616
        6618
        6620
        6629
        6631
        6632
        6633
        6634
        6638
        6640
        6642
        6643
        6645
        6646
        6651
        6652
        6654
        6656
        6657
        6659
        6660
        6661
        6662
        6666
        6668
        6670
        6672
        6677
        6678
        6688
        6693
        6696
        6703
        6706
        6713
        6716
        6718
        6719
        6720
        6722
        6724
        6726
        6727
        6728
        6729
        6734
        6735
        6740
        6743
        6752
        6753
        6754
        6757
        6767
        6770
        6771
        6772
        6773
        6778
        6779
        6781
        6784
        6792
        6793
        6796
        6798
        6800
        6803
        6818
        6821
        6822
        6826
        6830
        6839
        6841
        6849
        6850
        6854
        6859
        6864
        6865
        6868
        6873
        6874
        6878
        6880
        6882
        6884
        6885
        6886
        6891
        6892
        6902
        6905
        6906
        6908
        6909
        6910
        6918
        6920
        6921
        6925
        6929
        6941
        6943
        6945
        6950
        6952
        6956
        6958
        6959
        6960
        6961
        6966
        6973
        6979
        6980
        6982
        6985
        6991
        6992
        7005
        7011
        7017
        7022
        7027
        7028
        7036
        7038
        7049
        7051
        7055
        7056
        7059
        7062
        7069
        7070
        7071
        7075
        7076
        7086
        7089
        7092
        7099
        7100
        7103
        7114
        7116
        7117
        7124
        7127
        7128
        7129
        7131
        7132
        7134
        7135
        7136
        7144
        7145
        7152
        7155
        7160
        7163
        7165
        7170
        7171
        7172
        7173
        7177
        7179
        7180
        7182
        7183
        7186
        7188
        7193
        7199
        7202
        7214
        7216
        7220
        7221
        7227
        7234
        7237
        7242
        7245
        7247
        7254
        7255
        7264
        7268
        7272
        7273
        7284
        7286
        7288
        7302
        7304
        7306
        7310
        7314
        7317
        7321
        7324
        7328
        7332
        7335
        7337
        7338
        7348
        7349
        7350
        7353
        7354
        7356
        7359
        7365
        7375
        7379
        7381
        7382
        7386
        7389
        7397
        7399
        7400
        7401
        7407
        7410
        7416
        7425
        7427
        7431
        7437
        7438
        7441
        7443
        7444
        7445
        7447
        7448
        7450
        7454
        7465
        7466
        7468
        7472
        7476
        7479
        7484
        7495
        7496
        7498
        7505
        7507
        7509
        7510
        7511
        7512
        7514
        7516
        7518
        7520
        7522
        7524
        7529
        7532
        7538
        7540
        7544
        7550
        7553
        7563
        7580
        7586
        7591
        7597
        7610
        7614
        7617
        7622
        7629
        7632
        7633
        7637
        7639
        7642
        7643
        7658
        7669
        7674
        7678
        7679
        7682
        7683
        7685
        7686
        7689
        7691
        7692
        7693
        7694
        7697
        7698
        7700
        7702
        7704
        7712
        7718
        7719
        7723
        7727
        7729
        7736
        7737
        7740
        7747
        7749
        7753
        7756
        7757
        7758
        7759
        7760
        7771
        7780
        7783
        7785
        7792
        7793
        7795
        7803
        7804
        7808
        7817
        7819
        7823
        7829
        7833
        7838
        7840
        7841
        7852
        7858
        7869
        7871
        7873
        7874
        7882
        7884
        7889
        7892
        7895
        7897
        7898
        7903
        7907
        7909
        7911
        7912
        7914
        7919
        7927
        7934
        7936
        7939
        7940
        7942
        7949
        7954
        7960
        7963
        7965
        7967
        7973
        7975
        7978
        7980
        7983
        7984
        7986
        7987
        7990
        7991
        7999
        8006
        8009
        8012
        8015
        8028
        8030
        8041
        8042
        8047
        8048
        8052
        8053
        8060
        8067
        8074
        8079
        8086
        8089
        8091
        8097
        8098
        8101
        8102
        8103
        8104
        8111
        8114
        8120
        8134
        8135
        8137
        8145
        8147
        8149
        8153
        8156
        8158
        8160
        8161
        8162
        8163
        8165
        8168
        8173
        8174
        8176
        8182
        8185
        8189
        8192
        8196
        8199
        8200
        8204
        8208
        8210
        8215
        8216
        8221
        8222
        8224
        8228
        8235
        8240
        8246
        8257
        8258
        8264
        8280
        8284
        8286
        8289
        8290
        8302
        8303
        8305
        8311
        8315
        8321
        8326
        8329
        8331
        8336
        8339
        8342
        8343
        8346
        8349
        8354
        8362
        8366
        8372
        8374
        8379
        8385
        8389
        8394
        8397
        8401
        8406
        8411
        8412
        8420
        8425
        8429
        8431
        8436
        8439
        8442
        8444
        8445
        8456
        8459
        8466
        8472
        8473
        8474
        8480
        8484
        8485
        8489
        8497
        8498
        8500
        8501
        8509
        8510
        8516
        8521
        8532
        8533
        8534
        8535
        8536
        8538
        8540
        8541
        8542
        8546
        8547
        8550
        8551
        8557
        8559
        8560
        8561
        8563
        8564
        8567
        8571
        8573
        8575
        8576
        8578
        8580
        8582
        8593
        8595
        8618
        8622
        8623
        8624
        8626
        8627
        8629
        8634
        8636
        8644
        8645
        8647
        8649
        8651
        8653
        8661
        8663
        8664
        8667
        8669
        8672
        8687
        8690
        8695
        8701
        8702
        8704
        8706
        8715
        8718
        8720
        8729
        8733
        8735
        8737
        8740
        8741
        8743
        8744
        8746
        8759
        8761
        8763
        8768
        8770
        8771
        8772
        8774
        8775
        8778
        8780
        8781
        8784
        8786
        8788
        8791
        8799
        8801
        8802
        8804
        8805
        8809
        8810
        8812
        8820
        8821
        8822
        8824
        8828
        8830
        8831
        8832
        8834
        8835
        8837
        8838
        8842
        8845
        8849
        8850
        8851
        8855
        8857
        8858
        8865
        8867
        8868
        8878
        8879
        8880
        8881
        8883
        8885
        8890
        8891
        8895
        8896
        8899
        8900
        8903
        8906
        8908
        8909
        8910
        8913
        8915
        8916
        8917
        8918
        8919
        8920
        8921
        8922
        8928
        8932
        8935
        8936
        8938
        8939
        8940
        8943
        8946
        8948
        8949
        8951
        8953
        8955
        8959
        8961
        8962
        8965
        8970
        8972
        8973
        8974
        8981
        8983
        8984
        8986
        8987
        8988
        8990
        8991
        8992
        8994
