        4
        5
        7
        8
        10
        12
        21
        23
        30
        35
        40
        44
        49
        52
        58
        65
        67
        73
        79
        82
        83
        87
        91
        95
        101
        102
        103
        111
        113
        114
        118
        120
        123
        126
        131
        133
        137
        139
        143
        147
        149
        152
        159
        162
        165
        167
        170
        171
        173
        176
        181
        183
        195
        198
        199
        205
        209
        211
        214
        217
        221
        223
        224
        228
        230
        232
        238
        241
        245
        246
        249
        250
        254
        261
        267
        268
        273
        276
        277
        280
        282
        284
        285
        287
        290
        293
        296
        298
        302
        304
        308
        310
        316
        320
        328
        334
        336
        339
        344
        347
        349
        350
        352
        357
        359
        365
        367
        369
        372
        374
        378
        385
        386
        388
        392
        395
        399
        403
        407
        410
        416
        423
        428
        435
        437
        445
        447
        448
        458
        459
        461
        465
        466
        469
        475
        482
        483
        489
        490
        491
        498
        499
        501
        502
        506
        510
        511
        513
        514
        515
        516
        522
        523
        531
        534
        538
        546
        548
        555
        560
        561
        562
        566
        568
        571
        574
        580
        581
        582
        589
        590
        591
        593
        594
        599
        600
        603
        606
        612
        615
        617
        618
        619
        620
        621
        622
        624
        627
        629
        631
        635
        637
        641
        643
        644
        645
        646
        648
        651
        653
        655
        656
        659
        662
        665
        669
        673
        675
        676
        677
        681
        686
        687
        696
        699
        704
        712
        716
        718
        725
        730
        734
        738
        741
        746
        753
        759
        763
        764
        767
        768
        770
        774
        777
        779
        780
        789
        791
        793
        796
        797
        804
        812
        814
        815
        827
        829
        830
        836
        838
        847
        848
        849
        850
        853
        855
        856
        860
        862
        864
        866
        869
        875
        882
        883
        884
        887
        890
        891
        892
        897
        900
        902
        905
        921
        923
        924
        926
        929
        930
        933
        935
        939
        942
        943
        946
        950
        952
        955
        960
        962
        964
        969
        971
        973
        974
        979
        981
        986
        987
        989
        991
        992
        1001
        1002
        1011
        1015
        1022
        1024
        1026
        1029
        1033
        1043
        1050
        1051
        1054
        1059
        1061
        1066
        1068
        1073
        1074
        1080
        1082
        1086
        1088
        1090
        1091
        1092
        1094
        1097
        1099
        1107
        1111
        1112
        1114
        1121
        1124
        1125
        1129
        1132
        1133
        1135
        1137
        1140
        1142
        1148
        1152
        1158
        1160
        1162
        1166
        1171
        1175
        1179
        1191
        1193
        1195
        1196
        1200
        1202
        1205
        1206
        1208
        1213
        1215
        1218
        1222
        1223
        1225
        1226
        1235
        1236
        1244
        1253
        1260
        1261
        1263
        1265
        1267
        1268
        1271
        1274
        1277
        1284
        1294
        1300
        1304
        1312
        1319
        1320
        1321
        1324
        1330
        1345
        1347
        1348
        1351
        1352
        1353
        1355
        1356
        1357
        1358
        1359
        1362
        1371
        1373
        1375
        1377
        1379
        1381
        1383
        1384
        1387
        1389
        1392
        1397
        1400
        1402
        1403
        1404
        1406
        1407
        1408
        1414
        1415
        1417
        1420
        1422
        1427
        1430
        1434
        1435
        1436
        1437
        1438
        1440
        1441
        1447
        1450
        1451
        1452
        1454
        1455
        1457
        1459
        1460
        1464
        1467
        1470
        1472
        1476
        1487
        1488
        1494
        1495
        1497
        1498
        1499
        1502
        1506
        1509
        1514
        1517
        1519
        1521
        1523
        1525
        1527
        1529
        1530
        1536
        1540
        1541
        1544
        1545
        1548
        1549
        1555
        1557
        1567
        1568
        1571
        1575
        1577
        1583
        1586
        1587
        1601
        1602
        1604
        1607
        1609
        1611
        1614
        1615
        1620
        1621
        1623
        1625
        1626
        1628
        1632
        1636
        1645
        1647
        1648
        1653
        1656
        1657
        1658
        1664
        1666
        1667
        1668
        1673
        1677
        1680
        1684
        1686
        1689
        1690
        1700
        1704
        1705
        1718
        1719
        1733
        1736
        1737
        1741
        1742
        1745
        1751
        1756
        1759
        1763
        1766
        1768
        1771
        1774
        1777
        1780
        1783
        1787
        1791
        1792
        1795
        1802
        1803
        1805
        1810
        1811
        1816
        1817
        1819
        1821
        1823
        1828
        1831
        1840
        1845
        1849
        1862
        1865
        1867
        1868
        1879
        1880
        1882
        1883
        1885
        1895
        1903
        1904
        1906
        1912
        1921
        1925
        1928
        1930
        1931
        1932
        1936
        1937
        1940
        1941
        1944
        1948
        1949
        1955
        1959
        1962
        1972
        1973
        1974
        1975
        1976
        1977
        1981
        1982
        1983
        1985
        1987
        1992
        1997
        1999
        2010
        2013
        2017
        2020
        2028
        2030
        2040
        2042
        2045
        2051
        2060
        2063
        2067
        2068
        2073
        2074
        2077
        2078
        2079
        2083
        2085
        2088
        2091
        2092
        2094
        2095
        2096
        2097
        2101
        2104
        2116
        2118
        2121
        2123
        2124
        2125
        2126
        2128
        2129
        2132
        2134
        2139
        2143
        2147
        2150
        2155
        2156
        2159
        2163
        2166
        2168
        2174
        2177
        2183
        2184
        2186
        2198
        2199
        2200
        2203
        2210
        2211
        2214
        2217
        2221
        2225
        2231
        2232
        2233
        2234
        2237
        2238
        2240
        2242
        2247
        2251
        2255
        2256
        2263
        2268
        2269
        2272
        2277
        2283
        2291
        2295
        2297
        2302
        2306
        2311
        2312
        2313
        2315
        2316
        2317
        2318
        2320
        2322
        2324
        2325
        2327
        2331
        2332
        2335
        2336
        2339
        2342
        2344
        2347
        2348
        2353
        2354
        2358
        2359
        2360
        2363
        2370
        2375
        2381
        2382
        2387
        2388
        2393
        2395
        2402
        2405
        2408
        2410
        2411
        2414
        2415
        2417
        2420
        2424
        2429
        2432
        2434
        2439
        2441
        2444
        2453
        2455
        2456
        2457
        2459
        2462
        2466
        2467
        2468
        2469
        2471
        2472
        2474
        2477
        2480
        2483
        2485
        2487
        2489
        2491
        2492
        2493
        2494
        2496
        2497
        2504
        2507
        2511
        2514
        2515
        2516
        2517
        2518
        2519
        2521
        2523
        2525
        2526
        2528
        2529
        2532
        2534
        2536
        2537
        2548
        2549
        2551
        2556
        2560
        2573
        2574
        2575
        2577
        2578
        2582
        2587
        2591
        2596
        2601
        2603
        2605
        2612
        2615
        2617
        2618
        2623
        2631
        2636
        2644
        2649
        2652
        2653
        2655
        2659
        2667
        2670
        2672
        2675
        2682
        2687
        2689
        2694
        2696
        2697
        2699
        2701
        2710
        2711
        2713
        2715
        2717
        2721
        2722
        2723
        2728
        2729
        2730
        2733
        2737
        2742
        2744
        2748
        2750
        2760
        2765
        2767
        2768
        2770
        2771
        2773
        2777
        2781
        2782
        2785
        2789
        2793
        2794
        2798
        2801
        2803
        2806
        2808
        2810
        2813
        2814
        2815
        2819
        2823
        2826
        2831
        2836
        2840
        2844
        2846
        2851
        2852
        2855
        2856
        2858
        2864
        2867
        2872
        2873
        2878
        2879
        2881
        2882
        2887
        2890
        2893
        2898
        2900
        2902
        2904
        2906
        2912
        2914
        2916
        2921
        2923
        2928
        2929
        2933
        2936
        2938
        2942
        2944
        2946
        2948
        2950
        2951
        2953
        2955
        2963
        2966
        2967
        2973
        2977
        2979
        2983
        2985
        2988
        2991
        2992
        2994
        3005
        3018
        3021
        3025
        3026
        3037
        3038
        3042
        3046
        3048
        3055
        3057
        3063
        3074
        3077
        3081
        3082
        3084
        3092
        3093
        3099
        3103
        3109
        3110
        3111
        3115
        3116
        3117
        3119
        3123
        3125
        3131
        3134
        3136
        3139
        3140
        3141
        3142
        3145
        3148
        3151
        3152
        3155
        3158
        3159
        3165
        3169
        3171
        3174
        3175
        3181
        3182
        3184
        3186
        3187
        3188
        3192
        3193
        3194
        3199
        3202
        3204
        3213
        3214
        3217
        3219
        3222
        3223
        3226
        3229
        3231
        3236
        3238
        3241
        3248
        3249
        3255
        3256
        3258
        3262
        3267
        3270
        3278
        3285
        3286
        3288
        3291
        3293
        3296
        3303
        3308
        3310
        3313
        3314
        3316
        3319
        3322
        3328
        3330
        3336
        3342
        3349
        3350
        3356
        3362
        3365
        3367
        3370
        3375
        3381
        3387
        3400
        3403
        3405
        3411
        3412
        3416
        3418
        3424
        3426
        3435
        3436
        3439
        3444
        3445
        3446
        3447
        3451
        3454
        3457
        3466
        3468
        3471
        3478
        3480
        3481
        3483
        3484
        3485
        3492
        3494
        3496
        3497
        3498
        3499
        3500
        3503
        3507
        3509
        3512
        3513
        3517
        3522
        3529
        3531
        3535
        3538
        3545
        3551
        3554
        3558
        3561
        3565
        3572
        3579
        3584
        3588
        3590
        3592
        3601
        3604
        3605
        3607
        3610
        3613
        3619
        3620
        3623
        3628
        3630
        3636
        3637
        3638
        3640
        3642
        3644
        3652
        3661
        3662
        3668
        3674
        3678
        3679
        3681
        3683
        3686
        3689
        3690
        3692
        3693
        3694
        3700
        3701
        3702
        3703
        3704
        3705
        3707
        3709
        3711
        3715
        3723
        3728
        3730
        3731
        3752
        3758
        3761
        3769
        3776
        3777
        3783
        3786
        3787
        3791
        3802
        3804
        3805
        3806
        3808
        3811
        3815
        3816
        3817
        3820
        3821
        3823
        3824
        3830
        3832
        3834
        3835
        3837
        3838
        3839
        3842
        3844
        3846
        3847
        3848
        3853
        3854
        3858
        3860
        3863
        3865
        3866
        3867
        3871
        3872
        3874
        3878
        3879
        3881
        3882
        3885
        3888
        3889
        3893
        3898
        3902
        3904
        3907
        3909
        3914
        3915
        3919
        3920
        3928
        3933
        3936
        3938
        3944
        3949
        3952
        3953
        3954
        3959
        3961
        3963
        3965
        3972
        3976
        3980
        3981
        3983
        3984
        3986
        3990
        3991
        3992
        3994
        3996
        3997
        3999
        4002
        4003
        4004
        4009
        4014
        4019
        4022
        4024
        4026
        4027
        4029
        4032
        4034
        4037
        4040
        4043
        4045
        4050
        4055
        4056
        4059
        4061
        4062
        4066
        4069
        4076
        4077
        4080
        4081
        4083
        4089
        4096
        4098
        4099
        4101
        4102
        4103
        4109
        4110
        4112
        4115
        4116
        4124
        4131
        4134
        4137
        4140
        4148
        4157
        4160
        4163
        4164
        4166
        4174
        4177
        4180
        4181
        4185
        4186
        4190
        4191
        4195
        4197
        4203
        4207
        4208
        4211
        4212
        4216
        4218
        4222
        4224
        4228
        4231
        4232
        4239
        4241
        4242
        4243
        4244
        4248
        4250
        4253
        4257
        4258
        4264
        4266
        4270
        4273
        4275
        4276
        4279
        4281
        4284
        4286
        4287
        4294
        4296
        4297
        4298
        4299
        4300
        4301
        4302
        4303
        4305
        4310
        4312
        4314
        4331
        4332
        4333
        4337
        4338
        4343
        4354
        4355
        4356
        4361
        4365
        4366
        4368
        4372
        4375
        4379
        4381
        4382
        4391
        4392
        4393
        4397
        4403
        4408
        4409
        4410
        4411
        4415
        4422
        4423
        4424
        4425
        4426
        4429
        4430
        4431
        4437
        4439
        4440
        4447
        4449
        4458
        4460
        4462
        4467
        4469
        4472
        4476
        4477
        4479
        4480
        4485
        4488
        4490
        4493
        4495
        4502
        4504
        4512
        4513
        4514
        4517
        4518
        4519
        4521
        4527
        4531
        4532
        4533
        4535
        4539
        4543
        4550
        4553
        4562
        4564
        4566
        4572
        4581
        4588
        4602
        4605
        4611
        4613
        4614
        4616
        4618
        4623
        4631
        4632
        4635
        4640
        4641
        4646
        4647
        4651
        4661
        4664
        4667
        4668
        4669
        4673
        4674
        4675
        4678
        4679
        4686
        4689
        4690
        4693
        4699
        4706
        4707
        4708
        4711
        4712
        4713
        4714
        4716
        4717
        4720
        4721
        4724
        4725
        4726
        4733
        4737
        4745
        4754
        4755
        4768
        4776
        4777
        4779
        4783
        4786
        4788
        4803
        4804
        4806
        4813
        4816
        4818
        4821
        4823
        4831
        4835
        4838
        4841
        4846
        4847
        4848
        4860
        4862
        4864
        4868
        4872
        4875
        4878
        4882
        4883
        4884
        4889
        4893
        4900
        4902
        4903
        4911
        4914
        4917
        4924
        4926
        4928
        4929
        4931
        4933
        4936
        4938
        4939
        4941
        4945
        4950
        4954
        4956
        4960
        4962
        4965
        4973
        4974
        4984
        4989
        4994
        4998
        4999
        5000
        5003
        5006
        5008
        5009
        5011
        5012
        5014
        5015
        5017
        5021
        5026
        5029
        5038
        5040
        5051
        5053
        5054
        5056
        5057
        5059
        5060
        5064
        5070
        5072
        5075
        5079
        5081
        5087
        5090
        5091
        5092
        5094
        5096
        5097
        5098
        5099
        5103
        5104
        5107
        5113
        5119
        5124
        5127
        5129
        5134
        5139
        5140
        5148
        5149
        5150
        5152
        5157
        5159
        5170
        5174
        5175
        5176
        5177
        5179
        5180
        5187
        5188
        5192
        5198
        5202
        5206
        5208
        5211
        5213
        5219
        5221
        5223
        5226
        5228
        5240
        5244
        5245
        5247
        5248
        5249
        5252
        5256
        5258
        5260
        5262
        5265
        5267
        5269
        5271
        5276
        5278
        5279
        5284
        5287
        5290
        5295
        5297
        5299
        5300
        5310
        5311
        5314
        5319
        5328
        5331
        5332
        5334
        5335
        5340
        5345
        5348
        5349
        5352
        5355
        5357
        5358
        5359
        5364
        5367
        5368
        5369
        5372
        5373
        5379
        5381
        5382
        5384
        5389
        5395
        5398
        5402
        5403
        5405
        5406
        5414
        5416
        5418
        5421
        5424
        5427
        5428
        5430
        5434
        5435
        5436
        5437
        5440
        5448
        5450
        5451
        5455
        5457
        5460
        5464
        5470
        5472
        5473
        5477
        5480
        5489
        5498
        5499
        5505
        5508
        5511
        5513
        5519
        5524
        5527
        5533
        5535
        5543
        5546
        5551
        5553
        5557
        5559
        5561
        5563
        5565
        5576
        5579
        5583
        5587
        5588
        5590
        5594
        5600
        5603
        5609
        5610
        5611
        5615
        5618
        5621
        5624
        5638
        5641
        5644
        5646
        5651
        5653
        5655
        5662
        5665
        5667
        5668
        5673
        5678
        5679
        5685
        5687
        5690
        5691
        5699
        5702
        5703
        5704
        5716
        5717
        5718
        5720
        5721
        5723
        5729
        5736
        5737
        5741
        5742
        5748
        5752
        5768
        5769
        5779
        5781
        5785
        5786
        5787
        5789
        5790
        5792
        5793
        5797
        5800
        5801
        5802
        5809
        5811
        5812
        5817
        5818
        5819
        5825
        5830
        5836
        5843
        5845
        5849
        5850
        5856
        5859
        5867
        5880
        5884
        5885
        5888
        5891
        5903
        5909
        5910
        5911
        5918
        5923
        5933
        5942
        5943
        5946
        5951
        5955
        5956
        5957
        5958
        5962
        5963
        5970
        5973
        5975
        5981
        5982
        5986
        5988
        5990
        5991
        5992
        5994
        5997
        6001
        6004
        6007
        6014
        6017
        6024
        6029
        6030
        6031
        6032
        6034
        6036
        6037
        6043
        6047
        6053
        6054
        6063
        6065
        6070
        6083
        6084
        6097
        6098
        6100
        6101
        6103
        6104
        6108
        6112
        6117
        6121
        6127
        6128
        6129
        6136
        6141
        6148
        6150
        6154
        6157
        6158
        6160
        6166
        6169
        6171
        6173
        6174
        6177
        6180
        6190
        6194
        6197
        6198
        6208
        6212
        6215
        6218
        6219
        6228
        6233
        6238
        6239
        6241
        6242
        6243
        6245
        6247
        6253
        6254
        6255
        6259
        6260
        6262
        6267
        6270
        6273
        6275
        6279
        6286
        6287
        6291
        6295
        6298
        6301
        6309
        6310
        6316
        6324
        6329
        6330
        6331
        6337
        6338
        6341
        6343
        6346
        6347
        6349
        6351
        6352
        6367
        6374
        6375
        6384
        6388
        6390
        6394
        6395
        6396
        6397
        6399
        6400
        6405
        6406
        6409
        6412
        6413
        6420
        6422
        6430
        6431
        6435
        6437
        6440
        6443
        6445
        6446
        6448
        6451
        6452
        6453
        6459
        6461
        6464
        6468
        6479
        6481
        6486
        6487
        6488
        6493
        6495
        6502
        6503
        6506
        6507
        6509
        6510
        6512
        6516
        6517
        6518
        6520
        6522
        6523
        6525
        6526
        6529
        6531
        6532
        6533
        6534
        6535
        6536
        6544
        6547
        6548
        6551
        6554
        6558
        6562
        6564
        6568
        6571
        6572
        6573
        6574
        6576
        6579
        6581
        6586
        6589
        6592
        6705
        6710
        6743
        6744
        6912
        6915
        6919
        6925
        6926
        6928
        6936
        6937
        6938
        6939
        6940
        6941
        6943
        6944
        6947
        6948
        6949
        6950
        6951
        6952
        6957
        6958
        6959
        6960
        6961
        6962
        6965
        6970
        6972
        6973
        6974
        6975
        6979
        6985
        6988
        6999
        7002
        7004
        7008
        7014
        7015
        7017
        7023
        7027
        7029
        7038
        7040
        7041
        7042
        7043
        7046
        7047
        7048
        7049
        7050
        7051
        7052
        7056
        7057
        7061
        7068
        7071
        7073
        7074
        7075
        7079
        7081
        7082
        7083
        7087
        7089
        7096
        7098
        7100
        7107
        7109
        7110
        7111
        7114
        7117
        7119
        7122
        7124
        7125
        7126
        7128
        7131
        7133
        7134
        7136
        7138
        7142
        7143
        7145
        7146
        7147
        7148
        7150
        7152
        7154
        7161
        7167
        7168
        7176
        7180
        7183
        7186
        7189
        7193
        7194
        7203
        7211
        7213
        7218
        7220
        7221
        7224
        7225
        7229
        7230
        7232
        7233
        7234
        7239
        7243
        7244
        7245
        7248
        7254
        7255
        7258
        7263
        7264
        7265
        7267
        7269
        7272
        7273
        7275
        7277
        7282
        7287
        7289
        7290
        7292
        7296
        7299
        7300
        7301
        7308
        7309
        7312
        7314
        7315
        7316
        7320
        7321
        7325
        7330
        7331
        7333
        7335
        7337
        7339
        7343
        7344
        7346
        7348
        7349
        7350
        7354
        7358
        7359
        7365
        7367
        7368
        7369
        7372
        7375
        7376
        7377
        7382
        7383
        7385
        7386
        7387
        7391
        7392
        7402
        7408
        7409
        7411
        7416
        7418
        7419
        7421
        7422
        7423
        7426
        7427
        7428
        7430
        7432
        7433
        7442
        7444
        7445
        7446
        7448
        7453
        7454
        7456
        7457
        7462
        7463
        7465
        7466
        7473
        7482
        7483
        7484
        7485
        7487
        7490
        7495
        7498
        7499
        7501
        7503
        7505
        7506
        7507
        7508
        7509
        7510
        7516
        7519
        7522
        7523
        7526
        7527
        7528
        7532
        7534
        7535
        7536
        7537
        7538
        7539
        7540
        7546
        7549
        7550
        7551
        7552
        7553
        7554
        7568
        7569
        7571
        7572
        7573
        7577
        7579
        7595
        7598
        7600
        7604
        7610
        7620
        7624
        7625
        7627
        7628
        7638
        7640
        7643
        7660
        7665
        7666
        7668
        7669
        7673
        7675
        7679
        7682
        7683
        7685
        7688
        7693
        7696
        7700
        7702
        7706
        7707
        7708
        7714
        7717
        7722
        7723
        7725
        7731
        7733
        7734
        7735
        7736
        7737
        7739
        7740
        7743
        7744
        7749
        7752
        7753
        7755
        7756
        7757
        7761
        7763
        7771
        7776
        7777
        7778
        7781
        7782
        7784
        7785
        7786
        7787
        7791
        7795
        7800
        7802
        7804
        7805
        7806
        7810
        7812
        7813
        7816
        7817
        7823
        7824
        7825
        7831
        7833
        7834
        7839
        7846
        7850
        7853
        7856
        7857
        7862
        7863
        7864
        7868
        7871
        7872
        7873
        7875
        7878
        7886
        7888
        7890
        7892
        7893
        7903
        7905
        7907
        7908
        7910
        7911
        7913
        7921
        7922
        7925
        7927
        7928
        7932
        7933
        7936
        7939
        7941
        7942
        7944
        7945
        7947
        7950
        7952
        7955
        7956
        7958
        7963
        7972
        7974
        7984
        7989
        7998
        8002
        8003
        8004
        8006
        8014
        8015
        8020
        8026
        8038
        8039
        8040
        8047
        8048
        8050
        8052
        8053
        8054
        8057
        8063
        8065
        8069
        8071
        8077
        8082
        8083
        8085
        8093
        8096
        8102
        8103
        8115
        8118
        8119
        8121
        8128
        8130
        8132
        8133
        8134
        8140
        8141
        8142
        8143
        8146
        8148
        8150
        8153
        8155
        8161
        8168
        8169
        8172
        8175
        8176
        8186
        8191
        8197
        8207
        8211
        8218
        8220
        8223
        8227
        8229
        8231
        8233
        8236
        8238
        8239
        8240
        8241
        8242
        8253
        8256
        8262
        8267
        8270
        8281
        8282
        8284
        8288
        8290
        8293
        8298
        8300
        8316
        8324
        8325
        8328
        8331
        8337
        8342
        8343
        8345
        8347
        8352
        8361
        8363
        8365
        8369
        8373
        8376
        8377
        8383
        8390
        8393
        8394
        8395
        8398
        8399
        8401
        8402
        8403
        8405
        8406
        8407
        8409
        8412
        8413
        8416
        8417
        8419
        8421
        8422
        8427
        8429
        8432
        8441
        8442
        8443
        8445
        8446
        8449
        8456
        8458
        8460
        8461
        8462
        8463
        8466
        8468
        8469
        8472
        8474
        8483
        8488
        8491
        8493
        8498
        8502
        8505
        8507
        8510
        8512
        8519
        8521
        8522
        8525
        8526
        8530
        8538
        8539
        8542
        8544
        8547
        8548
        8550
        8555
        8564
        8566
        8572
        8577
        8579
        8580
        8583
        8587
        8602
        8613
        8615
        8616
        8620
        8621
        8625
        8626
        8631
        8638
        8640
        8641
        8642
        8643
        8646
        8648
        8651
        8652
        8653
        8657
        8658
        8660
        8662
        8663
        8664
        8666
        8667
        8669
        8673
        8675
        8676
        8677
        8680
        8681
        8684
        8686
        8690
        8692
        8696
        8701
        8702
        8704
        8705
        8707
        8709
        8712
        8716
        8720
        8722
        8723
        8724
        8725
        8726
        8727
        8729
        8730
        8739
        8741
        8742
        8744
        8749
        8751
        8752
        8753
        8754
        8756
        8763
        8765
        8767
        8768
        8771
        8772
        8774
        8778
        8779
        8780
        8781
        8783
        8786
        8790
        8792
        8795
        8796
        8798
        8800
        8803
        8811
        8817
        8819
        8822
        8824
        8827
        8829
        8832
        8835
        8836
        8837
        8842
        8844
        8846
        8848
        8850
        8851
        8855
        8857
        8860
        8862
        8864
        8872
        8874
        8875
        8876
        8879
        8887
        8893
        8896
        8899
        8902
        8915
        8918
        8923
        8924
        8927
        8929
        8930
        8935
        8940
        8946
        8950
        8958
        8963
        8967
        8968
        8974
        8975
        8978
        8986
        8993
