        1
        5
        6
        8
        12
        15
        26
        27
        28
        35
        36
        41
        43
        45
        65
        67
        68
        75
        78
        89
        91
        93
        94
        95
        102
        103
        109
        111
        121
        125
        126
        127
        129
        131
        135
        136
        141
        152
        153
        162
        164
        168
        172
        188
        194
        200
        203
        204
        208
        209
        211
        213
        216
        220
        221
        233
        235
        238
        240
        243
        245
        246
        247
        250
        254
        256
        258
        260
        264
        277
        284
        298
        301
        307
        308
        314
        318
        320
        324
        327
        331
        332
        334
        335
        338
        339
        343
        344
        347
        349
        351
        359
        360
        361
        362
        363
        364
        366
        370
        373
        375
        376
        377
        378
        380
        383
        391
        392
        394
        396
        397
        400
        401
        402
        409
        412
        416
        417
        419
        420
        425
        426
        428
        434
        437
        440
        442
        444
        450
        455
        457
        460
        465
        468
        470
        471
        474
        476
        481
        489
        492
        496
        498
        501
        503
        510
        516
        517
        524
        525
        526
        537
        542
        545
        547
        549
        550
        555
        556
        563
        566
        570
        572
        574
        578
        582
        587
        592
        593
        594
        596
        602
        605
        609
        612
        613
        614
        620
        621
        631
        643
        645
        651
        653
        656
        657
        660
        661
        665
        666
        673
        674
        678
        690
        693
        695
        697
        705
        710
        711
        715
        719
        722
        723
        732
        740
        743
        748
        750
        764
        768
        774
        775
        776
        781
        783
        786
        792
        795
        799
        800
        803
        809
        817
        818
        827
        831
        834
        835
        838
        849
        850
        861
        863
        867
        869
        872
        876
        888
        891
        892
        893
        894
        899
        900
        904
        906
        907
        911
        914
        920
        924
        931
        938
        940
        942
        951
        958
        962
        965
        968
        970
        976
        979
        982
        985
        989
        991
        1000
        1003
        1009
        1012
        1014
        1018
        1020
        1024
        1027
        1030
        1031
        1040
        1042
        1043
        1044
        1045
        1047
        1049
        1053
        1055
        1066
        1069
        1075
        1085
        1088
        1090
        1094
        1096
        1107
        1108
        1113
        1115
        1118
        1123
        1136
        1139
        1141
        1148
        1153
        1159
        1163
        1166
        1167
        1169
        1170
        1171
        1172
        1177
        1178
        1179
        1180
        1182
        1187
        1192
        1197
        1198
        1199
        1207
        1211
        1215
        1217
        1224
        1235
        1236
        1239
        1241
        1242
        1243
        1245
        1246
        1247
        1250
        1251
        1252
        1262
        1264
        1265
        1271
        1281
        1285
        1286
        1290
        1296
        1302
        1306
        1308
        1312
        1313
        1315
        1316
        1318
        1321
        1325
        1327
        1336
        1337
        1338
        1339
        1340
        1342
        1343
        1344
        1345
        1349
        1350
        1354
        1355
        1357
        1358
        1360
        1361
        1363
        1365
        1370
        1372
        1376
        1382
        1389
        1394
        1397
        1401
        1405
        1407
        1416
        1419
        1421
        1426
        1428
        1439
        1440
        1445
        1458
        1461
        1466
        1467
        1475
        1489
        1490
        1499
        1501
        1511
        1515
        1517
        1524
        1527
        1528
        1530
        1531
        1533
        1536
        1541
        1542
        1543
        1554
        1555
        1556
        1558
        1562
        1567
        1574
        1579
        1580
        1587
        1591
        1592
        1595
        1597
        1598
        1601
        1605
        1628
        1635
        1642
        1652
        1658
        1659
        1661
        1666
        1669
        1676
        1677
        1678
        1685
        1688
        1689
        1690
        1695
        1697
        1706
        1710
        1718
        1719
        1721
        1727
        1733
        1738
        1747
        1749
        1754
        1760
        1766
        1768
        1775
        1776
        1779
        1780
        1783
        1787
        1794
        1796
        1800
        1804
        1806
        1807
        1809
        1812
        1816
        1818
        1819
        1820
        1827
        1831
        1834
        1840
        1841
        1845
        1847
        1848
        1855
        1858
        1860
        1861
        1862
        1864
        1865
        1870
        1872
        1877
        1879
        1880
        1881
        1886
        1887
        1891
        1892
        1893
        1895
        1898
        1899
        1903
        1906
        1908
        1914
        1915
        1920
        1921
        1923
        1931
        1932
        1933
        1934
        1935
        1936
        1941
        1945
        1951
        1952
        1958
        1961
        1963
        1965
        1967
        1993
        1997
        1998
        2004
        2005
        2014
        2018
        2019
        2025
        2031
        2032
        2035
        2036
        2043
        2044
        2050
        2055
        2056
        2064
        2067
        2070
        2072
        2075
        2076
        2078
        2085
        2090
        2095
        2104
        2105
        2107
        2108
        2109
        2118
        2127
        2133
        2137
        2148
        2150
        2158
        2159
        2161
        2162
        2163
        2169
        2171
        2173
        2174
        2175
        2180
        2184
        2185
        2186
        2191
        2192
        2196
        2197
        2200
        2202
        2204
        2205
        2207
        2216
        2219
        2222
        2230
        2231
        2232
        2234
        2235
        2237
        2238
        2239
        2245
        2246
        2253
        2254
        2260
        2264
        2268
        2272
        2280
        2281
        2287
        2288
        2295
        2297
        2299
        2302
        2308
        2312
        2318
        2321
        2323
        2330
        2332
        2333
        2336
        2347
        2349
        2352
        2354
        2358
        2361
        2369
        2373
        2376
        2381
        2383
        2384
        2389
        2390
        2391
        2392
        2394
        2395
        2396
        2397
        2398
        2405
        2407
        2408
        2409
        2411
        2424
        2427
        2432
        2438
        2441
        2467
        2468
        2479
        2481
        2482
        2484
        2491
        2493
        2496
        2510
        2511
        2514
        2520
        2526
        2546
        2562
        2567
        2574
        2579
        2585
        2606
        2608
        2618
        2629
        2632
        2636
        2654
        2659
        2669
        2670
        2679
        2680
        2683
        2684
        2690
        2701
        2704
        2719
        2720
        2722
        2723
        2724
        2727
        2731
        2738
        2744
        2747
        2754
        2759
        2760
        2773
        2780
        2798
        2800
        2806
        2809
        2818
        2819
        2821
        2828
        2847
        2848
        2850
        2863
        2879
        2886
        2893
        2894
        2906
        2916
        2945
        2946
        2973
        2980
        2982
        3018
        3032
        3039
        3053
        3060
        3062
        3073
        3075
        3093
        3097
        3128
        3140
        3147
        3165
        3176
        3228
        3238
        3249
        3296
        3311
        3314
        3322
        3379
        3383
        3390
        3405
        3411
        3418
        3419
        3432
        3436
        3452
        3453
        3458
        3470
        3473
        3485
        3494
        3498
        3499
        3500
        3505
        3532
        3536
        3540
        3560
        3570
        3572
        3575
        3578
        3585
        3600
        3602
        3615
        3617
        3628
        3637
        3640
        3655
        3658
        3659
        3662
        3665
        3684
        3705
        3708
        3716
        3741
        3746
        3755
        3765
        3769
        3770
        3779
        3786
        3791
        3809
        3842
        3845
        3849
        3852
        3876
        3887
        3902
        3912
        3923
        3924
        3929
        3935
        3944
        3961
        3977
        3980
        3990
        3993
        3995
        4015
        4018
        4026
        4035
        4047
        4059
        4071
        4072
        4073
        4074
        4089
        4101
        4108
        4130
        4147
        4175
        4205
        4253
        4270
        4285
        4287
        4366
        4373
        4375
        4405
        4408
        4414
        4419
        4431
        4441
        4460
        4486
        4500
        4514
        4543
        4650
        4669
        4673
        4674
        4698
        4732
        4735
        4751
        4758
        4773
        4905
        4947
        4948
        4981
        4988
        4990
        4994
        5034
        5061
        5063
        5094
        5102
        5118
        5133
        5159
        5163
        5165
        5168
        5198
        5207
        5298
        5299
        5312
        5315
        5323
        5346
        5358
        5365
        5366
        5367
        5370
        5372
        5373
        5374
        5380
        5383
        5394
        5396
        5402
        5404
        5407
        5410
        5411
        5412
        5417
        5419
        5420
        5421
        5422
        5429
        5433
        5440
        5441
        5443
        5456
        5458
        5461
        5464
        5465
        5471
        5473
        5482
        5486
        5489
        5492
        5498
        5500
        5508
        5510
        5511
        5512
        5513
        5514
        5515
        5516
        5517
        5518
        5520
        5521
        5522
        5523
        5524
        5527
        5528
        5532
        5534
        5535
        5536
        5537
        5540
        5542
        5543
        5545
        5547
        5549
        5550
        5556
        5561
        5562
        5565
        5566
        5569
        5570
        5571
        5573
        5574
        5576
        5578
        5579
        5580
        5581
        5582
        5584
        5586
        5588
        5589
        5590
        5591
        5595
        5597
        5599
        5600
        5601
        5603
        5607
        5608
        5612
        5613
        5616
        5617
        5619
        5621
        5623
        5625
        5626
        5628
        5630
        5632
        5636
        5637
        5643
        5651
        5652
        5655
        5657
        5658
        5663
        5666
        5668
        5670
        5673
        5674
        5679
        5681
        5684
        5686
        5690
        5697
        5700
        5704
        5705
        5706
        5708
        5709
        5710
        5711
        5712
        5714
        5718
        5722
        5724
        5727
        5728
        5731
        5732
        5734
        5736
        5740
        5743
        5746
        5748
        5752
        5753
        5755
        5756
        5757
        5758
        5759
        5761
        5767
        5768
        5773
        5776
        5778
        5780
        5783
        5784
        5786
        5788
        5793
        5794
        5796
        5797
        5798
        5799
        5803
        5807
        5808
        5810
        5811
        5812
        5813
        5815
        5816
        5819
        5820
        5821
        5826
        5827
        5833
        5834
        5835
        5837
        5838
        5839
        5841
        5843
        5847
        5849
        5850
        5854
        5856
        5857
        5860
        5861
        5862
        5863
        5864
        5867
        5868
        5869
        5878
        5880
        5882
        5883
        5885
        5887
        5889
        5891
        5892
        5894
        5896
        5897
        5898
        5903
        5905
        5912
        5914
        5917
        5919
        5920
        5926
        5928
        5934
        5936
        5939
        5945
        5950
        5952
        5954
        5955
        5957
        5958
        5959
        5960
        5962
        5964
        5965
        5967
        5969
        5970
        5975
        5983
        5984
        5985
        5988
        5989
        5990
        5993
        6007
        6008
        6009
        6012
        6013
        6014
        6015
        6016
        6017
        6018
        6019
        6021
        6022
        6026
        6028
        6030
        6035
        6041
        6044
        6047
        6053
        6054
        6055
        6063
        6066
        6067
        6068
        6069
        6070
        6073
        6075
        6079
        6080
        6082
        6084
        6086
        6087
        6088
        6091
        6094
        6095
        6096
        6098
        6100
        6102
        6103
        6104
        6105
        6118
        6119
        6123
        6128
        6129
        6133
        6134
        6136
        6140
        6145
        6147
        6151
        6153
        6154
        6155
        6157
        6158
        6160
        6161
        6165
        6166
        6168
        6170
        6171
        6172
        6177
        6183
        6184
        6185
        6186
        6189
        6193
        6194
        6198
        6206
        6209
        6216
        6219
        6221
        6223
        6228
        6229
        6230
        6231
        6235
        6239
        6246
        6248
        6249
        6250
        6252
        6253
        6254
        6256
        6257
        6258
        6259
        6261
        6262
        6263
        6265
        6266
        6268
        6270
        6272
        6273
        6275
        6279
        6283
        6292
        6293
        6294
        6295
        6298
        6300
        6301
        6306
        6309
        6310
        6314
        6318
        6325
        6327
        6331
        6332
        6335
        6337
        6339
        6342
        6343
        6345
        6347
        6348
        6353
        6354
        6357
        6359
        6360
        6362
        6364
        6365
        6368
        6369
        6371
        6374
        6377
        6381
        6385
        6387
        6388
        6391
        6392
        6393
        6395
        6397
        6402
        6404
        6407
        6411
        6421
        6425
        6427
        6428
        6429
        6430
        6432
        6433
        6434
        6438
        6448
        6451
        6452
        6453
        6458
        6460
        6464
        6465
        6483
        6484
        6487
        6490
        6492
        6495
        6503
        6505
        6506
        6508
        6510
        6511
        6513
        6517
        6522
        6523
        6524
        6531
        6534
        6537
        6539
        6540
        6544
        6545
        6548
        6550
        6551
        6555
        6556
        6558
        6560
        6561
        6562
        6565
        6575
        6576
        6578
        6579
        6581
        6586
        6587
        6588
        6589
        6590
        6591
        6592
        6595
        6596
        6604
        6609
        6610
        6621
        6622
        6623
        6625
        6626
        6631
        6635
        6641
        6645
        6648
        6650
        6651
        6655
        6656
        6657
        6660
        6671
        6672
        6673
        6674
        6676
        6677
        6680
        6684
        6686
        6694
        6696
        6700
        6706
        6710
        6713
        6714
        6715
        6716
        6718
        6719
        6721
        6722
        6723
        6724
        6725
        6727
        6729
        6730
        6734
        6738
        6739
        6743
        6745
        6748
        6754
        6770
        6772
        6773
        6774
        6785
        6786
        6796
        6797
        6800
        6804
        6806
        6809
        6810
        6812
        6814
        6816
        6817
        6818
        6819
        6825
        6833
        6834
        6836
        6844
        6850
        6853
        6858
        6860
        6861
        6862
        6865
        6867
        6868
        6869
        6871
        6873
        6874
        6878
        6880
        6884
        6885
        6886
        6887
        6890
        6895
        6896
        6903
        6904
        6905
        6906
        6911
        6913
        6915
        6917
        6925
        6933
        6935
        6936
        6939
        6941
        6944
        6952
        6953
        6955
        6957
        6959
        6960
        6962
        6963
        6964
        6968
        6970
        6982
        6991
        6994
        6996
        7003
        7004
        7008
        7012
        7015
        7023
        7025
        7028
        7031
        7032
        7034
        7035
        7036
        7038
        7041
        7042
        7045
        7046
        7047
        7052
        7053
        7054
        7057
        7061
        7062
        7063
        7064
        7070
        7074
        7075
        7078
        7079
        7082
        7083
        7084
        7085
        7086
        7087
        7090
        7091
        7095
        7096
        7098
        7099
        7100
        7106
        7107
        7109
        7113
        7114
        7115
        7118
        7120
        7121
        7122
        7127
        7128
        7130
        7135
        7136
        7137
        7138
        7139
        7140
        7141
        7143
        7145
        7146
        7150
        7151
        7154
        7155
        7157
        7159
        7161
        7162
        7163
        7166
        7171
        7175
        7177
        7180
        7185
        7187
        7188
        7189
        7190
        7191
        7192
        7194
        7201
        7202
        7205
        7207
        7213
        7217
        7229
        7231
        7232
        7236
        7240
        7245
        7252
        7256
        7257
        7259
        7264
        7271
        7274
        7276
        7278
        7279
        7285
        7288
        7293
        7295
        7299
        7300
        7302
        7307
        7309
        7317
        7326
        7331
        7337
        7341
        7343
        7346
        7358
        7359
        7361
        7363
        7364
        7366
        7369
        7374
        7375
        7380
        7383
        7384
        7389
        7390
        7394
        7396
        7403
        7408
        7428
        7439
        7444
        7446
        7454
        7464
        7467
        7469
        7471
        7474
        7483
        7489
        7490
        7495
        7502
        7507
        7508
        7512
        7514
        7515
        7517
        7518
        7523
        7530
        7538
        7543
        7550
        7552
        7555
        7557
        7561
        7562
        7564
        7567
        7570
        7572
        7576
        7579
        7580
        7581
        7582
        7583
        7584
        7587
        7591
        7597
        7607
        7611
        7616
        7619
        7627
        7628
        7630
        7633
        7637
        7650
        7663
        7664
        7665
        7666
        7668
        7670
        7674
        7676
        7682
        7687
        7689
        7691
        7692
        7695
        7697
        7700
        7702
        7704
        7707
        7710
        7711
        7719
        7722
        7724
        7731
        7734
        7736
        7737
        7741
        7744
        7748
        7752
        7753
        7755
        7756
        7758
        7764
        7766
        7769
        7771
        7776
        7782
        7785
        7787
        7791
        7794
        7796
        7797
        7799
        7802
        7804
        7808
        7814
        7820
        7828
        7830
        7835
        7837
        7839
        7840
        7848
        7850
        7851
        7852
        7862
        7863
        7865
        7867
        7873
        7878
        7884
        7897
        7898
        7901
        7912
        7917
        7920
        7921
        7924
        7928
        7936
        7937
        7938
        7942
        7944
        7945
        7946
        7951
        7952
        7954
        7956
        7957
        7958
        7963
        7964
        7967
        7969
        7972
        7973
        7974
        7975
        7976
        7977
        7980
        7982
        7983
        7984
        7985
        7986
        7987
        7990
        7991
        7994
        7997
        8000
        8001
        8003
        8005
        8008
        8009
        8010
        8012
        8017
        8018
        8021
        8022
        8023
        8024
        8025
        8030
        8032
        8036
        8038
        8039
        8041
        8042
        8043
        8047
        8048
        8052
        8054
        8055
        8057
        8059
        8060
        8061
        8062
        8066
        8070
        8072
        8077
        8085
        8087
        8089
        8090
        8091
        8092
        8093
        8094
        8095
        8098
        8100
        8108
        8110
        8111
        8112
        8113
        8116
        8119
        8120
        8122
        8123
        8127
        8131
        8133
        8434
        8436
        8440
        8443
        8444
        8449
        8450
        8451
        8452
        8457
        8458
        8466
        8469
        8471
        8661
        8662
        8664
        8665
        8669
        8670
        8672
        8673
        8679
        8681
        8686
        8691
        8693
        8694
        8697
        8706
        8709
        8710
        8717
        8719
        8721
        8722
        8724
        8732
        8733
        8734
        8737
        8738
        8741
        8742
        8743
        8744
        8747
        8749
        8751
        8752
        8757
        8758
        8762
        8766
        8775
        8776
        8778
        8781
        8783
        8784
        8785
        8786
        8787
        8788
        8789
        8790
        8791
        8792
        8793
        8795
        8796
        8798
        8799
        8800
        8801
        8804
        8807
        8808
        8809
        8814
        8821
        8824
        8826
        8830
        8832
        8835
        8836
        8840
        8841
        8842
        8847
        8856
        8858
        8859
        8860
        8861
        8864
        8867
        8869
        8871
        8873
        8874
        8878
        8887
        8888
        8892
        8899
        8901
        8905
        8907
        8908
        8909
        8910
        8914
        8915
        8916
        8917
        8918
        8919
        8920
        8921
        8926
        8927
        8931
        8932
        8933
        8937
        8938
        8939
        8940
        8944
        8945
        8946
        8947
        8948
        8949
        8952
        8953
        8954
        8956
        8957
        8961
        8962
        8965
        8967
        8968
        8970
        8971
        8973
        8975
        8977
        8979
        8983
        8985
        8991
        8992
