        1
        6
        7
        8
        9
        10
        16
        27
        32
        35
        36
        38
        39
        40
        41
        44
        45
        46
        47
        49
        50
        51
        52
        56
        63
        65
        69
        71
        81
        86
        87
        90
        97
        99
        100
        101
        106
        115
        119
        121
        122
        138
        141
        144
        145
        151
        154
        160
        161
        163
        166
        169
        171
        172
        175
        177
        181
        187
        188
        189
        196
        199
        203
        204
        211
        213
        219
        226
        229
        231
        233
        234
        236
        237
        239
        243
        245
        246
        247
        254
        257
        259
        261
        268
        269
        270
        271
        272
        274
        278
        281
        286
        288
        291
        295
        297
        299
        300
        301
        303
        309
        310
        311
        312
        313
        314
        317
        319
        320
        322
        324
        326
        327
        329
        330
        332
        334
        341
        345
        346
        347
        349
        354
        356
        357
        360
        371
        374
        380
        381
        386
        387
        388
        389
        390
        391
        392
        393
        395
        397
        409
        412
        413
        414
        416
        418
        429
        432
        435
        436
        448
        455
        468
        470
        473
        474
        475
        476
        477
        478
        479
        481
        482
        483
        484
        485
        486
        487
        488
        495
        496
        498
        499
        504
        505
        506
        507
        508
        509
        510
        512
        513
        517
        518
        520
        521
        522
        523
        524
        525
        529
        534
        535
        537
        538
        539
        545
        550
        552
        554
        556
        557
        560
        562
        563
        564
        568
        569
        571
        572
        573
        579
        581
        583
        585
        586
        589
        590
        591
        598
        599
        600
        601
        605
        606
        607
        608
        610
        611
        613
        614
        616
        617
        618
        621
        624
        628
        631
        633
        635
        636
        639
        641
        644
        645
        646
        647
        648
        649
        650
        652
        653
        654
        655
        656
        657
        658
        664
        670
        671
        673
        679
        680
        683
        684
        686
        689
        690
        691
        692
        693
        700
        704
        705
        706
        709
        710
        713
        717
        719
        733
        739
        740
        748
        751
        753
        758
        763
        767
        774
        775
        777
        786
        789
        791
        799
        801
        802
        804
        806
        810
        815
        821
        822
        826
        828
        829
        830
        831
        832
        833
        834
        835
        836
        837
        841
        842
        843
        844
        845
        848
        850
        859
        861
        862
        866
        867
        870
        872
        875
        878
        881
        883
        897
        898
        899
        902
        903
        914
        915
        922
        924
        925
        926
        927
        931
        934
        936
        937
        938
        942
        943
        945
        948
        951
        957
        958
        960
        961
        962
        965
        967
        969
        970
        971
        973
        975
        977
        978
        979
        981
        985
        988
        992
        994
        995
        999
        1003
        1004
        1014
        1022
        1025
        1030
        1037
        1040
        1041
        1042
        1050
        1051
        1060
        1065
        1068
        1071
        1072
        1077
        1088
        1090
        1092
        1097
        1108
        1116
        1127
        1128
        1130
        1134
        1136
        1138
        1142
        1146
        1151
        1152
        1153
        1154
        1173
        1174
        1175
        1176
        1177
        1182
        1183
        1186
        1187
        1189
        1190
        1191
        1199
        1200
        1202
        1204
        1205
        1207
        1208
        1209
        1210
        1213
        1216
        1223
        1225
        1236
        1239
        1243
        1247
        1248
        1251
        1253
        1254
        1257
        1270
        1272
        1273
        1275
        1278
        1280
        1281
        1282
        1287
        1289
        1291
        1292
        1293
        1299
        1301
        1302
        1303
        1307
        1308
        1310
        1312
        1313
        1314
        1323
        1325
        1326
        1329
        1330
        1331
        1335
        1336
        1337
        1339
        1340
        1348
        1351
        1354
        1358
        1361
        1362
        1366
        1370
        1375
        1377
        1378
        1381
        1386
        1389
        1390
        1396
        1404
        1406
        1413
        1416
        1417
        1421
        1428
        1436
        1438
        1440
        1441
        1443
        1446
        1447
        1449
        1450
        1451
        1452
        1465
        1472
        1473
        1475
        1477
        1478
        1482
        1483
        1485
        1488
        1489
        1491
        1492
        1506
        1507
        1512
        1513
        1517
        1520
        1525
        1532
        1538
        1540
        1541
        1553
        1554
        1557
        1568
        1571
        1573
        1575
        1579
        1584
        1587
        1592
        1595
        1596
        1597
        1598
        1599
        1600
        1602
        1603
        1604
        1605
        1608
        1609
        1611
        1612
        1614
        1623
        1626
        1635
        1645
        1646
        1647
        1653
        1654
        1657
        1660
        1662
        1665
        1667
        1669
        1685
        1686
        1688
        1689
        1691
        1692
        1697
        1705
        1706
        1713
        1714
        1718
        1721
        1727
        1731
        1732
        1736
        1737
        1738
        1741
        1742
        1744
        1746
        1748
        1751
        1762
        1765
        1768
        1769
        1771
        1774
        1775
        1777
        1780
        1782
        1787
        1789
        1798
        1799
        1805
        1807
        1809
        1810
        1817
        1820
        1830
        1832
        1835
        1837
        1838
        1839
        1842
        1847
        1848
        1858
        1865
        1866
        1869
        1877
        1878
        1881
        1883
        1885
        1887
        1889
        1890
        1893
        1894
        1897
        1898
        1899
        1905
        1910
        1916
        1918
        1919
        1921
        1922
        1923
        1928
        1929
        1931
        1932
        1935
        1938
        1939
        1940
        1941
        1942
        1943
        1944
        1945
        1948
        1950
        1951
        1952
        1954
        1956
        1957
        1960
        1962
        1965
        1968
        1972
        1974
        1976
        1981
        1982
        1984
        1986
        1987
        1988
        1989
        1990
        1993
        1994
        1997
        1999
        2001
        2003
        2005
        2009
        2010
        2013
        2024
        2025
        2027
        2029
        2030
        2032
        2036
        2040
        2043
        2045
        2047
        2053
        2056
        2059
        2060
        2062
        2073
        2078
        2079
        2081
        2086
        2088
        2091
        2099
        2101
        2104
        2108
        2111
        2113
        2117
        2118
        2123
        2124
        2129
        2137
        2141
        2146
        2157
        2162
        2167
        2176
        2177
        2179
        2188
        2199
        2208
        2213
        2218
        2219
        2230
        2231
        2237
        2238
        2241
        2246
        2247
        2251
        2260
        2264
        2266
        2268
        2269
        2276
        2277
        2279
        2284
        2285
        2286
        2288
        2300
        2303
        2304
        2313
        2319
        2326
        2327
        2328
        2332
        2341
        2344
        2347
        2348
        2349
        2352
        2353
        2354
        2356
        2357
        2360
        2361
        2363
        2364
        2366
        2368
        2369
        2373
        2377
        2381
        2382
        2386
        2388
        2393
        2401
        2402
        2407
        2409
        2414
        2417
        2426
        2427
        2436
        2438
        2439
        2442
        2449
        2461
        2469
        2471
        2475
        2482
        2483
        2485
        2490
        2492
        2498
        2499
        2501
        2502
        2506
        2508
        2509
        2513
        2514
        2517
        2519
        2522
        2526
        2527
        2528
        2530
        2533
        2543
        2549
        2550
        2555
        2557
        2561
        2571
        2574
        2575
        2576
        2577
        2579
        2582
        2585
        2586
        2589
        2597
        2599
        2605
        2607
        2610
        2612
        2614
        2615
        2620
        2622
        2624
        2631
        2640
        2644
        2645
        2647
        2658
        2662
        2664
        2665
        2670
        2671
        2687
        2688
        2690
        2691
        2692
        2696
        2698
        2700
        2709
        2711
        2714
        2721
        2724
        2735
        2747
        2750
        2753
        2756
        2758
        2759
        2762
        2767
        2768
        2771
        2772
        2776
        2779
        2781
        2783
        2786
        2787
        2788
        2792
        2795
        2796
        2800
        2802
        2803
        2804
        2807
        2808
        2809
        2811
        2813
        2817
        2820
        2821
        2822
        2823
        2827
        2828
        2829
        2830
        2836
        2838
        2842
        2845
        2846
        2847
        2848
        2849
        2852
        2854
        2855
        2856
        2857
        2861
        2863
        2868
        2870
        2872
        2879
        2882
        2884
        2889
        2894
        2899
        2908
        2913
        2918
        2921
        2927
        2929
        2930
        2931
        2932
        2934
        2935
        2937
        2939
        2941
        2949
        2954
        2956
        2960
        2968
        2970
        2972
        2974
        2977
        2981
        2989
        2994
        2996
        3002
        3003
        3004
        3006
        3008
        3009
        3010
        3011
        3012
        3015
        3018
        3020
        3022
        3023
        3025
        3028
        3030
        3032
        3038
        3039
        3043
        3045
        3053
        3055
        3056
        3057
        3058
        3059
        3061
        3064
        3065
        3068
        3074
        3075
        3077
        3078
        3088
        3089
        3092
        3093
        3094
        3097
        3099
        3101
        3102
        3107
        3111
        3112
        3113
        3116
        3120
        3125
        3129
        3130
        3133
        3138
        3151
        3153
        3156
        3160
        3163
        3165
        3167
        3173
        3181
        3183
        3190
        3191
        3192
        3196
        3207
        3209
        3212
        3217
        3218
        3219
        3220
        3223
        3224
        3227
        3228
        3229
        3231
        3233
        3237
        3238
        3239
        3240
        3242
        3250
        3258
        3263
        3266
        3272
        3273
        3281
        3282
        3285
        3287
        3288
        3290
        3293
        3298
        3299
        3303
        3304
        3308
        3318
        3319
        3320
        3323
        3325
        3326
        3327
        3338
        3341
        3342
        3351
        3352
        3357
        3366
        3370
        3372
        3373
        3376
        3379
        3380
        3384
        3398
        3401
        3403
        3405
        3418
        3423
        3431
        3433
        3438
        3442
        3443
        3446
        3447
        3449
        3450
        3452
        3453
        3454
        3456
        3459
        3460
        3461
        3462
        3463
        3464
        3465
        3466
        3468
        3470
        3473
        3475
        3479
        3480
        3482
        3483
        3486
        3492
        3493
        3495
        3497
        3499
        3500
        3504
        3506
        3513
        3515
        3518
        3523
        3529
        3530
        3533
        3539
        3541
        3543
        3546
        3553
        3554
        3555
        3561
        3564
        3567
        3568
        3571
        3577
        3584
        3586
        3590
        3591
        3593
        3595
        3599
        3600
        3602
        3604
        3605
        3607
        3608
        3613
        3615
        3616
        3617
        3622
        3627
        3628
        3631
        3632
        3637
        3656
        3658
        3659
        3665
        3666
        3668
        3669
        3673
        3679
        3681
        3684
        3685
        3686
        3688
        3690
        3691
        3693
        3694
        3695
        3701
        3702
        3703
        3704
        3709
        3712
        3714
        3716
        3718
        3721
        3723
        3724
        3728
        3730
        3746
        3751
        3753
        3754
        3757
        3760
        3762
        3764
        3766
        3769
        3770
        3773
        3775
        3776
        3778
        3779
        3782
        3784
        3786
        3787
        3788
        3789
        3792
        3796
        3797
        3798
        3799
        3801
        3802
        3803
        3806
        3807
        3808
        3811
        3812
        3816
        3817
        3822
        3824
        3826
        3831
        3840
        3844
        3847
        3849
        3853
        3861
        3864
        3866
        3870
        3871
        3875
        3876
        3882
        3885
        3887
        3895
        3901
        3907
        3911
        3912
        3915
        3916
        3917
        3918
        3919
        3920
        3925
        3926
        3927
        3928
        3929
        3930
        3931
        3933
        3935
        3937
        3938
        3939
        3940
        3945
        3947
        3949
        3951
        3954
        3956
        3957
        3958
        3959
        3960
        3962
        3968
        3971
        3975
        3976
        3977
        3978
        3979
        3980
        3981
        3985
        3986
        3987
        3988
        3989
        3990
        3996
        3997
        3998
        4002
        4003
        4004
        4006
        4007
        4008
        4009
        4010
        4014
        4016
        4017
        4020
        4024
        4026
        4028
        4030
        4032
        4034
        4035
        4036
        4037
        4040
        4041
        4042
        4043
        4046
        4047
        4050
        4052
        4053
        4058
        4063
        4066
        4068
        4069
        4070
        4078
        4084
        4086
        4088
        4089
        4090
        4097
        4099
        4101
        4102
        4103
        4105
        4116
        4119
        4125
        4127
        4128
        4139
        4141
        4142
        4150
        4158
        4160
        4161
        4162
        4166
        4170
        4173
        4174
        4175
        4180
        4182
        4184
        4200
        4202
        4206
        4207
        4210
        4212
        4218
        4221
        4222
        4229
        4231
        4232
        4233
        4235
        4236
        4239
        4240
        4244
        4246
        4252
        4253
        4261
        4262
        4265
        4271
        4272
        4275
        4284
        4287
        4289
        4291
        4294
        4296
        4297
        4298
        4300
        4312
        4315
        4316
        4317
        4318
        4319
        4321
        4324
        4333
        4336
        4337
        4338
        4339
        4347
        4351
        4353
        4355
        4356
        4357
        4362
        4363
        4365
        4368
        4369
        4370
        4375
        4378
        4390
        4391
        4392
        4396
        4397
        4404
        4406
        4407
        4408
        4409
        4411
        4412
        4413
        4414
        4418
        4419
        4420
        4421
        4422
        4429
        4431
        4432
        4435
        4447
        4448
        4451
        4461
        4467
        4470
        4473
        4476
        4484
        4485
        4497
        4498
        4503
        4504
        4505
        4508
        4509
        4510
        4511
        4515
        4521
        4523
        4525
        4529
        4531
        4535
        4537
        4540
        4546
        4562
        4564
        4565
        4566
        4572
        4575
        4578
        4581
        4582
        4584
        4596
        4598
        4601
        4615
        4618
        4620
        4624
        4628
        4629
        4634
        4637
        4639
        4640
        4641
        4642
        4644
        4645
        4646
        4648
        4650
        4651
        4653
        4655
        4656
        4660
        4661
        4662
        4663
        4664
        4665
        4672
        4673
        4675
        4677
        4683
        4686
        4687
        4688
        4689
        4690
        4691
        4694
        4699
        4709
        4711
        4713
        4716
        4720
        4722
        4727
        4731
        4733
        4735
        4736
        4738
        4742
        4744
        4756
        4762
        4766
        4771
        4772
        4775
        4783
        4784
        4786
        4789
        4791
        4792
        4795
        4797
        4799
        4800
        4803
        4805
        4813
        4814
        4815
        4816
        4820
        4821
        4823
        4827
        4829
        4830
        4832
        4839
        4842
        4853
        4854
        4856
        4861
        4868
        4870
        4871
        4873
        4878
        4879
        4881
        4883
        4891
        4896
        4900
        4902
        4903
        4905
        4907
        4910
        4911
        4912
        4914
        4923
        4924
        4925
        4926
        4928
        4929
        4932
        4933
        4934
        4935
        4938
        4939
        4940
        4941
        4942
        4943
        4946
        4948
        4949
        4950
        4952
        4955
        4957
        4958
        4962
        4965
        4966
        4971
        4974
        4976
        4978
        4982
        4983
        4989
        5001
        5004
        5005
        5006
        5010
        5012
        5016
        5017
        5019
        5022
        5023
        5027
        5028
        5032
        5038
        5042
        5043
        5049
        5051
        5052
        5058
        5060
        5063
        5066
        5069
        5072
        5075
        5078
        5080
        5081
        5085
        5091
        5092
        5094
        5096
        5100
        5103
        5104
        5106
        5115
        5119
        5121
        5122
        5126
        5130
        5132
        5133
        5136
        5139
        5140
        5142
        5147
        5148
        5149
        5150
        5151
        5153
        5155
        5156
        5159
        5160
        5163
        5164
        5165
        5167
        5168
        5169
        5170
        5174
        5179
        5180
        5181
        5182
        5183
        5184
        5188
        5193
        5195
        5196
        5208
        5235
        5387
        5396
        5648
        5654
        5655
        5657
        5658
        5659
        5660
        5664
        5669
        5670
        5671
        5678
        5679
        5685
        5688
        5689
        5691
        5697
        5699
        5700
        5702
        5705
        5706
        5710
        5711
        5712
        5713
        5714
        5716
        5719
        5720
        5721
        5723
        5724
        5725
        5727
        5728
        5729
        5730
        5731
        5732
        5738
        5740
        5744
        5745
        5747
        5752
        5753
        5757
        5759
        5761
        5762
        5763
        5765
        5766
        5768
        5770
        5772
        5773
        5778
        5780
        5781
        5782
        5785
        5788
        5789
        5791
        5794
        5795
        5796
        5797
        5799
        5801
        5805
        5812
        5813
        5814
        5819
        5821
        5826
        5831
        5835
        5851
        5856
        5859
        5860
        5862
        5864
        5872
        5878
        5888
        5892
        5899
        5900
        5908
        5915
        5918
        5919
        5923
        5925
        5926
        5929
        5932
        5935
        5937
        5938
        5942
        5946
        5949
        5954
        5964
        5970
        5971
        5973
        5974
        5983
        5986
        5994
        5995
        5996
        5999
        6004
        6006
        6010
        6013
        6014
        6015
        6016
        6017
        6021
        6022
        6023
        6026
        6039
        6042
        6046
        6049
        6050
        6055
        6057
        6059
        6061
        6066
        6067
        6069
        6071
        6075
        6076
        6078
        6080
        6084
        6088
        6090
        6094
        6095
        6096
        6100
        6101
        6102
        6105
        6108
        6110
        6115
        6116
        6117
        6123
        6124
        6126
        6134
        6148
        6150
        6155
        6157
        6158
        6159
        6163
        6165
        6166
        6167
        6172
        6174
        6175
        6178
        6189
        6190
        6191
        6199
        6200
        6213
        6218
        6219
        6220
        6223
        6225
        6228
        6231
        6233
        6235
        6236
        6237
        6239
        6242
        6243
        6245
        6246
        6247
        6253
        6254
        6263
        6266
        6267
        6273
        6277
        6278
        6286
        6288
        6289
        6293
        6295
        6301
        6302
        6303
        6304
        6305
        6308
        6310
        6319
        6324
        6327
        6328
        6329
        6332
        6339
        6340
        6341
        6345
        6346
        6350
        6360
        6362
        6363
        6365
        6366
        6367
        6368
        6374
        6375
        6389
        6390
        6392
        6395
        6397
        6400
        6401
        6404
        6408
        6412
        6413
        6416
        6420
        6421
        6424
        6425
        6427
        6430
        6431
        6434
        6445
        6448
        6458
        6461
        6462
        6465
        6470
        6483
        6485
        6486
        6493
        6498
        6505
        6507
        6509
        6513
        6518
        6519
        6520
        6529
        6533
        6538
        6540
        6550
        6557
        6571
        6572
        6575
        6578
        6581
        6584
        6585
        6589
        6590
        6596
        6597
        6598
        6600
        6601
        6602
        6603
        6606
        6607
        6610
        6614
        6615
        6616
        6617
        6631
        6634
        6643
        6646
        6649
        6654
        6657
        6658
        6661
        6663
        6668
        6672
        6677
        6678
        6681
        6683
        6689
        6692
        6694
        6697
        6701
        6702
        6710
        6712
        6714
        6715
        6725
        6726
        6727
        6734
        6737
        6740
        6747
        6748
        6749
        6751
        6753
        6758
        6759
        6760
        6761
        6766
        6768
        6769
        6770
        6773
        6777
        6778
        6779
        6781
        6784
        6787
        6788
        6790
        6791
        6794
        6802
        6803
        6807
        6810
        6812
        6813
        6816
        6821
        6823
        6826
        6828
        6832
        6833
        6835
        6836
        6841
        6842
        6850
        6853
        6863
        6865
        6867
        6868
        6869
        6875
        6882
        6886
        6890
        6904
        6913
        6914
        6917
        6924
        6931
        6934
        6936
        6941
        6942
        6943
        6946
        6948
        6949
        6950
        6951
        6953
        6955
        6956
        6959
        6960
        6961
        6962
        6963
        6966
        6969
        6970
        6971
        6973
        6974
        6975
        6982
        6986
        6987
        6988
        6989
        6991
        6994
        6997
        6998
        7001
        7002
        7004
        7006
        7010
        7013
        7015
        7016
        7020
        7021
        7022
        7038
        7039
        7043
        7045
        7050
        7055
        7060
        7072
        7074
        7080
        7084
        7087
        7088
        7092
        7099
        7101
        7113
        7117
        7124
        7130
        7135
        7137
        7143
        7155
        7156
        7166
        7167
        7171
        7174
        7177
        7180
        7190
        7191
        7196
        7197
        7200
        7204
        7205
        7211
        7215
        7220
        7228
        7230
        7234
        7235
        7239
        7249
        7250
        7251
        7252
        7255
        7256
        7269
        7271
        7272
        7277
        7278
        7286
        7288
        7289
        7291
        7292
        7298
        7302
        7308
        7322
        7323
        7326
        7329
        7331
        7332
        7334
        7338
        7341
        7342
        7343
        7344
        7345
        7347
        7357
        7359
        7363
        7370
        7379
        7381
        7386
        7387
        7391
        7394
        7396
        7402
        7403
        7405
        7406
        7407
        7419
        7429
        7430
        7433
        7439
        7448
        7449
        7453
        7461
        7462
        7465
        7467
        7471
        7472
        7473
        7474
        7476
        7478
        7479
        7481
        7482
        7486
        7487
        7490
        7494
        7497
        7498
        7500
        7506
        7509
        7512
        7518
        7524
        7525
        7526
        7527
        7529
        7532
        7533
        7534
        7537
        7540
        7541
        7545
        7547
        7554
        7555
        7560
        7567
        7568
        7572
        7573
        7580
        7583
        7588
        7589
        7590
        7592
        7594
        7600
        7601
        7602
        7603
        7604
        7605
        7606
        7607
        7617
        7619
        7625
        7632
        7633
        7635
        7636
        7637
        7640
        7641
        7645
        7650
        7652
        7654
        7655
        7658
        7660
        7661
        7662
        7663
        7665
        7667
        7670
        7673
        7674
        7675
        7682
        7683
        7684
        7688
        7693
        7695
        7699
        7700
        7702
        7704
        7705
        7706
        7707
        7708
        7718
        7722
        7728
        7730
        7739
        7750
        7758
        7769
        7770
        7774
        7780
        7781
        7782
        7786
        7800
        7804
        7805
        7806
        7808
        7809
        7810
        7811
        7813
        7816
        7821
        7823
        7826
        7828
        7829
        7830
        7832
        7833
        7834
        7836
        7837
        7842
        7849
        7859
        7869
        7870
        7871
        7874
        7876
        7877
        7878
        7887
        7892
        7893
        7894
        7897
        7899
        7900
        7903
        7905
        7906
        7909
        7911
        7912
        7913
        7917
        7919
        7920
        7921
        7922
        7923
        7927
        7930
        7934
        7939
        7942
        7946
        7949
        7950
        7951
        7953
        7955
        7956
        7957
        7958
        7959
        7960
        7962
        7963
        7964
        7966
        7970
        7971
        7975
        7980
        7982
        7983
        7984
        7988
        7991
        7994
        7995
        7999
        8001
        8002
        8005
        8007
        8010
        8012
        8013
        8014
        8016
        8026
        8032
        8036
        8047
        8049
        8054
        8057
        8059
        8060
        8062
        8064
        8070
        8071
        8076
        8078
        8083
        8092
        8093
        8098
        8106
        8108
        8111
        8113
        8115
        8122
        8123
        8124
        8128
        8135
        8140
        8141
        8142
        8144
        8149
        8152
        8153
        8155
        8158
        8160
        8164
        8166
        8167
        8169
        8170
        8172
        8181
        8184
        8186
        8191
        8198
        8199
        8205
        8208
        8209
        8212
        8213
        8214
        8215
        8216
        8217
        8229
        8230
        8232
        8235
        8238
        8239
        8241
        8243
        8249
        8252
        8254
        8259
        8261
        8270
        8273
        8274
        8280
        8282
        8286
        8288
        8291
        8292
        8293
        8295
        8296
        8298
        8299
        8300
        8302
        8303
        8305
        8308
        8315
        8319
        8320
        8325
        8327
        8330
        8336
        8341
        8343
        8346
        8347
        8349
        8351
        8356
        8360
        8361
        8364
        8365
        8367
        8373
        8376
        8377
        8381
        8382
        8384
        8397
        8400
        8402
        8405
        8409
        8411
        8412
        8416
        8417
        8418
        8419
        8421
        8424
        8426
        8427
        8428
        8430
        8431
        8433
        8434
        8435
        8448
        8450
        8457
        8458
        8461
        8465
        8470
        8471
        8477
        8481
        8483
        8490
        8491
        8492
        8493
        8496
        8502
        8503
        8504
        8505
        8507
        8508
        8512
        8513
        8514
        8515
        8517
        8519
        8521
        8523
        8526
        8532
        8533
        8548
        8549
        8551
        8552
        8553
        8555
        8556
        8563
        8564
        8565
        8570
        8573
        8579
        8584
        8586
        8591
        8596
        8604
        8605
        8608
        8609
        8615
        8616
        8617
        8619
        8620
        8621
        8624
        8626
        8627
        8629
        8631
        8646
        8653
        8655
        8656
        8657
        8660
        8661
        8662
        8664
        8668
        8669
        8670
        8672
        8674
        8675
        8676
        8678
        8687
        8690
        8704
        8707
        8712
        8718
        8719
        8724
        8728
        8730
        8755
        8756
        8757
        8761
        8763
        8766
        8769
        8777
        8782
        8785
        8786
        8792
        8794
        8797
        8799
        8802
        8807
        8810
        8812
        8813
        8818
        8819
        8820
        8828
        8830
        8834
        8836
        8840
        8841
        8844
        8846
        8848
        8853
        8855
        8864
        8875
        8882
        8885
        8887
        8890
        8899
        8900
        8902
        8903
        8905
        8907
        8908
        8909
        8915
        8918
        8919
        8921
        8926
        8928
        8930
        8931
        8932
        8935
        8937
        8938
        8940
        8945
        8947
        8949
        8951
        8952
        8953
        8955
        8959
        8961
        8962
        8964
        8965
        8968
        8973
        8977
        8985
        8989
        8993
