        8
        15
        16
        26
        33
        39
        44
        48
        49
        52
        53
        55
        57
        58
        59
        62
        65
        67
        69
        76
        78
        80
        82
        84
        86
        87
        89
        90
        93
        94
        95
        96
        98
        99
        102
        104
        106
        109
        111
        112
        122
        126
        127
        138
        141
        144
        145
        148
        150
        156
        162
        163
        166
        167
        173
        175
        179
        181
        183
        186
        188
        191
        195
        196
        201
        204
        205
        213
        215
        219
        221
        225
        231
        233
        235
        248
        249
        282
        285
        305
        306
        309
        311
        312
        317
        318
        320
        321
        322
        323
        324
        327
        329
        330
        332
        333
        335
        337
        340
        342
        345
        351
        357
        360
        361
        365
        367
        370
        388
        390
        391
        392
        394
        396
        408
        411
        413
        415
        417
        419
        420
        426
        434
        435
        439
        442
        444
        445
        447
        448
        453
        456
        458
        460
        465
        467
        468
        476
        478
        480
        481
        482
        484
        501
        503
        507
        516
        517
        518
        523
        525
        528
        530
        532
        534
        537
        539
        540
        542
        544
        549
        552
        553
        567
        568
        572
        578
        589
        592
        601
        603
        606
        614
        616
        617
        621
        622
        625
        626
        629
        642
        647
        655
        657
        658
        661
        662
        665
        666
        684
        686
        693
        695
        696
        699
        701
        705
        710
        711
        712
        713
        726
        728
        731
        735
        738
        739
        740
        741
        746
        747
        748
        750
        752
        756
        760
        763
        767
        768
        769
        771
        775
        781
        798
        801
        805
        806
        809
        813
        814
        815
        822
        823
        825
        828
        829
        831
        833
        841
        843
        845
        846
        847
        852
        853
        862
        863
        883
        884
        885
        887
        888
        891
        893
        894
        900
        905
        906
        907
        911
        913
        917
        918
        919
        920
        921
        923
        927
        932
        933
        934
        935
        936
        937
        941
        944
        946
        947
        952
        956
        959
        960
        961
        962
        968
        969
        972
        974
        975
        976
        978
        979
        981
        987
        996
        1002
        1004
        1006
        1009
        1014
        1017
        1022
        1023
        1024
        1029
        1030
        1035
        1036
        1038
        1040
        1041
        1047
        1048
        1050
        1057
        1060
        1063
        1064
        1088
        1091
        1092
        1094
        1100
        1104
        1105
        1107
        1112
        1113
        1123
        1125
        1130
        1134
        1135
        1136
        1137
        1138
        1139
        1140
        1141
        1143
        1158
        1162
        1165
        1171
        1172
        1174
        1176
        1184
        1186
        1188
        1198
        1204
        1206
        1209
        1213
        1214
        1220
        1222
        1230
        1231
        1235
        1236
        1238
        1240
        1247
        1248
        1249
        1250
        1251
        1266
        1271
        1274
        1275
        1280
        1281
        1282
        1283
        1285
        1286
        1287
        1289
        1290
        1291
        1292
        1294
        1295
        1296
        1297
        1298
        1306
        1308
        1309
        1310
        1314
        1315
        1316
        1317
        1321
        1322
        1325
        1326
        1328
        1334
        1338
        1341
        1348
        1351
        1353
        1355
        1357
        1358
        1359
        1360
        1367
        1369
        1371
        1372
        1377
        1382
        1386
        1389
        1390
        1392
        1394
        1396
        1399
        1401
        1402
        1403
        1406
        1410
        1416
        1418
        1419
        1423
        1425
        1430
        1435
        1446
        1448
        1452
        1455
        1462
        1467
        1470
        1472
        1476
        1478
        1488
        1489
        1491
        1494
        1495
        1503
        1505
        1507
        1508
        1511
        1515
        1516
        1517
        1518
        1521
        1525
        1526
        1527
        1529
        1531
        1536
        1538
        1544
        1549
        1551
        1559
        1562
        1570
        1571
        1574
        1577
        1579
        1584
        1587
        1590
        1591
        1593
        1598
        1601
        1602
        1603
        1608
        1611
        1612
        1618
        1620
        1622
        1628
        1631
        1635
        1637
        1638
        1639
        1641
        1642
        1643
        1644
        1647
        1648
        1650
        1652
        1654
        1656
        1660
        1661
        1662
        1663
        1664
        1665
        1688
        1693
        1695
        1697
        1698
        1707
        1710
        1711
        1712
        1713
        1715
        1716
        1722
        1723
        1727
        1731
        1734
        1735
        1736
        1741
        1744
        1749
        1750
        1756
        1759
        1761
        1763
        1764
        1767
        1768
        1769
        1773
        1777
        1779
        1781
        1783
        1789
        1791
        1793
        1794
        1801
        1807
        1808
        1809
        1810
        1813
        1814
        1815
        1818
        1822
        1823
        1832
        1837
        1838
        1842
        1845
        1847
        1849
        1855
        1857
        1860
        1867
        1868
        1876
        1881
        1883
        1900
        1905
        1906
        1913
        1920
        1921
        1922
        1926
        1929
        1942
        1946
        1951
        1952
        1955
        1960
        1961
        1963
        1969
        1979
        1981
        1985
        1986
        2001
        2002
        2004
        2005
        2006
        2007
        2008
        2009
        2010
        2015
        2019
        2022
        2026
        2028
        2032
        2036
        2044
        2051
        2055
        2058
        2066
        2070
        2073
        2075
        2076
        2078
        2082
        2083
        2085
        2086
        2090
        2091
        2096
        2098
        2100
        2101
        2102
        2104
        2107
        2109
        2110
        2113
        2114
        2115
        2116
        2117
        2121
        2126
        2132
        2140
        2141
        2142
        2144
        2148
        2150
        2151
        2156
        2158
        2163
        2164
        2167
        2169
        2170
        2171
        2173
        2175
        2176
        2177
        2182
        2183
        2187
        2188
        2189
        2192
        2193
        2198
        2200
        2201
        2202
        2206
        2207
        2208
        2211
        2213
        2227
        2230
        2231
        2232
        2239
        2244
        2260
        2262
        2266
        2267
        2269
        2270
        2271
        2274
        2276
        2278
        2280
        2282
        2284
        2285
        2287
        2289
        2293
        2297
        2298
        2301
        2302
        2310
        2312
        2315
        2324
        2328
        2330
        2333
        2337
        2343
        2356
        2363
        2364
        2365
        2369
        2370
        2382
        2384
        2387
        2390
        2393
        2395
        2405
        2406
        2408
        2412
        2413
        2414
        2417
        2421
        2422
        2423
        2424
        2425
        2431
        2432
        2434
        2436
        2438
        2439
        2441
        2443
        2445
        2454
        2456
        2464
        2466
        2468
        2475
        2481
        2486
        2487
        2488
        2489
        2491
        2492
        2504
        2505
        2506
        2512
        2515
        2516
        2518
        2530
        2531
        2535
        2538
        2549
        2552
        2560
        2562
        2566
        2568
        2572
        2574
        2576
        2579
        2580
        2589
        2591
        2593
        2595
        2600
        2601
        2602
        2606
        2610
        2614
        2615
        2617
        2623
        2625
        2629
        2630
        2631
        2636
        2646
        2657
        2662
        2663
        2664
        2669
        2670
        2671
        2673
        2677
        2678
        2680
        2683
        2685
        2695
        2702
        2703
        2704
        2705
        2706
        2707
        2708
        2712
        2718
        2719
        2720
        2722
        2723
        2724
        2725
        2729
        2730
        2732
        2737
        2742
        2743
        2746
        2748
        2750
        2751
        2753
        2755
        2757
        2760
        2761
        2762
        2763
        2764
        2766
        2767
        2768
        2769
        2774
        2776
        2777
        2778
        2779
        2780
        2781
        2784
        2786
        2788
        2792
        2796
        2797
        2805
        2810
        2811
        2817
        2820
        2821
        2823
        2829
        2830
        2839
        2846
        2847
        2852
        2860
        2868
        2869
        2872
        2877
        2881
        2886
        2891
        2892
        2893
        2895
        2901
        2902
        2904
        2905
        2908
        2912
        2913
        2917
        2918
        2919
        2920
        2921
        2926
        2927
        2928
        2931
        2940
        2942
        2959
        2968
        2972
        2978
        2981
        2983
        2989
        2992
        2996
        2997
        3001
        3003
        3004
        3005
        3014
        3019
        3020
        3021
        3024
        3025
        3026
        3028
        3029
        3030
        3032
        3033
        3035
        3037
        3038
        3041
        3044
        3047
        3048
        3049
        3051
        3053
        3054
        3058
        3062
        3064
        3066
        3067
        3068
        3069
        3070
        3071
        3073
        3076
        3080
        3082
        3089
        3090
        3091
        3094
        3098
        3099
        3105
        3107
        3108
        3112
        3114
        3116
        3118
        3120
        3124
        3125
        3131
        3133
        3134
        3137
        3143
        3150
        3156
        3165
        3166
        3170
        3171
        3172
        3174
        3175
        3176
        3178
        3182
        3185
        3187
        3191
        3193
        3195
        3197
        3198
        3199
        3201
        3202
        3204
        3206
        3207
        3208
        3209
        3212
        3214
        3215
        3216
        3219
        3222
        3226
        3227
        3229
        3231
        3239
        3240
        3246
        3248
        3249
        3253
        3259
        3262
        3263
        3265
        3267
        3268
        3271
        3280
        3281
        3284
        3288
        3291
        3295
        3296
        3298
        3300
        3303
        3304
        3305
        3309
        3310
        3311
        3314
        3316
        3318
        3320
        3322
        3324
        3328
        3335
        3338
        3341
        3342
        3344
        3345
        3346
        3347
        3350
        3352
        3354
        3356
        3357
        3359
        3363
        3364
        3368
        3369
        3370
        3374
        3375
        3377
        3378
        3379
        3383
        3384
        3385
        3386
        3387
        3388
        3389
        3395
        3396
        3401
        3404
        3407
        3410
        3414
        3424
        3433
        3434
        3437
        3439
        3441
        3442
        3445
        3446
        3448
        3450
        3451
        3454
        3458
        3460
        3462
        3466
        3468
        3469
        3472
        3475
        3479
        3483
        3486
        3504
        3506
        3514
        3516
        3527
        3528
        3529
        3530
        3531
        3532
        3533
        3536
        3539
        3541
        3545
        3548
        3551
        3559
        3564
        3566
        3572
        3586
        3587
        3598
        3600
        3610
        3622
        3624
        3634
        3636
        3639
        3649
        3651
        3652
        3654
        3655
        3656
        3660
        3662
        3664
        3665
        3675
        3678
        3686
        3688
        3689
        3701
        3702
        3703
        3704
        3708
        3710
        3712
        3713
        3718
        3721
        3722
        3723
        3724
        3725
        3726
        3727
        3728
        3729
        3732
        3734
        3737
        3738
        3739
        3741
        3742
        3743
        3744
        3745
        3746
        3747
        3749
        3751
        3752
        3754
        3757
        3758
        3760
        3767
        3768
        3770
        3772
        3773
        3774
        3778
        3779
        3780
        3781
        3783
        3784
        3788
        3792
        3804
        3805
        3807
        3808
        3809
        3810
        3812
        3813
        3814
        3821
        3823
        3824
        3825
        3826
        3828
        3829
        3830
        3831
        3835
        3837
        3839
        3840
        3851
        3857
        3858
        3861
        3864
        3867
        3869
        3873
        3875
        3877
        3879
        3881
        3883
        3884
        3896
        3901
        3902
        3904
        3908
        3911
        3912
        3913
        3921
        3926
        3927
        3934
        3935
        3940
        3950
        3951
        3956
        3965
        3968
        3969
        3970
        3971
        3972
        3974
        3978
        3980
        3981
        3982
        3987
        3989
        3991
        3992
        3994
        3997
        3998
        4000
        4001
        4003
        4005
        4007
        4008
        4009
        4010
        4011
        4013
        4014
        4015
        4016
        4023
        4028
        4033
        4036
        4037
        4045
        4061
        4064
        4069
        4072
        4073
        4085
        4087
        4088
        4093
        4094
        4095
        4098
        4100
        4101
        4111
        4112
        4114
        4115
        4120
        4124
        4125
        4128
        4129
        4131
        4132
        4133
        4134
        4135
        4137
        4138
        4139
        4141
        4142
        4143
        4144
        4148
        4150
        4151
        4153
        4155
        4156
        4162
        4164
        4165
        4170
        4172
        4174
        4176
        4178
        4180
        4184
        4185
        4186
        4190
        4192
        4196
        4198
        4199
        4201
        4205
        4207
        4210
        4213
        4214
        4215
        4217
        4219
        4226
        4227
        4233
        4234
        4235
        4236
        4238
        4240
        4241
        4242
        4243
        4245
        4247
        4249
        4251
        4252
        4254
        4259
        4261
        4262
        4264
        4265
        4267
        4269
        4271
        4275
        4276
        4277
        4281
        4287
        4290
        4292
        4293
        4297
        4299
        4302
        4305
        4308
        4311
        4312
        4313
        4320
        4323
        4331
        4333
        4335
        4337
        4339
        4343
        4348
        4350
        4351
        4353
        4354
        4358
        4365
        4369
        4370
        4374
        4375
        4376
        4381
        4385
        4389
        4396
        4397
        4401
        4402
        4403
        4404
        4405
        4406
        4407
        4408
        4409
        4412
        4414
        4416
        4418
        4420
        4421
        4422
        4424
        4425
        4426
        4427
        4429
        4433
        4436
        4437
        4445
        4447
        4448
        4454
        4458
        4461
        4468
        4476
        4478
        4488
        4489
        4490
        4498
        4499
        4500
        4503
        4505
        4507
        4509
        4512
        4514
        4515
        4516
        4522
        4535
        4539
        4542
        4543
        4551
        4562
        4564
        4565
        4566
        4569
        4570
        4571
        4572
        4573
        4579
        4580
        4581
        4582
        4592
        4593
        4596
        4598
        4601
        4602
        4603
        4604
        4609
        4612
        4614
        4615
        4616
        4617
        4619
        4621
        4628
        4632
        4633
        4634
        4639
        4641
        4642
        4643
        4646
        4648
        4649
        4651
        4652
        4653
        4654
        4655
        4657
        4658
        4659
        4662
        4664
        4666
        4667
        4668
        4672
        4673
        4674
        4675
        4676
        4678
        4682
        4683
        4684
        4686
        4687
        4688
        4696
        4697
        4698
        4710
        4711
        4712
        4714
        4720
        4723
        4726
        4728
        4731
        4732
        4735
        4740
        4741
        4742
        4744
        4745
        4748
        4749
        4750
        4753
        4756
        4757
        4758
        4761
        4762
        4763
        4765
        4768
        4769
        4773
        4774
        4776
        4780
        4782
        4783
        4785
        4786
        4787
        4792
        4793
        4795
        4800
        4807
        4811
        4813
        4816
        4817
        4820
        4822
        4829
        4834
        4835
        4836
        4838
        4848
        4849
        4854
        4855
        4860
        4863
        4864
        4865
        4869
        4871
        4874
        4875
        4888
        4889
        4892
        4893
        4894
        4895
        4896
        4899
        4902
        4907
        4909
        4911
        4912
        4917
        4919
        4921
        4925
        4927
        4936
        4939
        4940
        4943
        4954
        4957
        4960
        4962
        4966
        4967
        4970
        4975
        4976
        4978
        4982
        4983
        4984
        4988
        4993
        4996
        4999
        5000
        5001
        5004
        5005
        5006
        5008
        5009
        5027
        5032
        5037
        5038
        5040
        5047
        5049
        5051
        5054
        5055
        5056
        5057
        5062
        5066
        5067
        5070
        5073
        5074
        5080
        5086
        5087
        5088
        5090
        5091
        5092
        5093
        5095
        5102
        5104
        5108
        5110
        5113
        5114
        5129
        5132
        5133
        5141
        5143
        5144
        5153
        5154
        5155
        5159
        5163
        5166
        5178
        5179
        5180
        5181
        5184
        5185
        5194
        5195
        5198
        5199
        5200
        5202
        5203
        5207
        5208
        5210
        5212
        5215
        5216
        5217
        5218
        5219
        5221
        5226
        5227
        5228
        5232
        5233
        5235
        5237
        5248
        5249
        5251
        5258
        5261
        5263
        5270
        5276
        5290
        5291
        5292
        5295
        5296
        5297
        5298
        5300
        5301
        5303
        5305
        5311
        5317
        5325
        5328
        5329
        5330
        5332
        5343
        5344
        5345
        5346
        5348
        5351
        5352
        5355
        5358
        5359
        5360
        5361
        5362
        5370
        5371
        5373
        5374
        5376
        5379
        5380
        5382
        5387
        5389
        5390
        5394
        5395
        5397
        5399
        5406
        5407
        5410
        5411
        5412
        5423
        5434
        5437
        5439
        5442
        5443
        5445
        5452
        5457
        5459
        5461
        5463
        5467
        5471
        5474
        5475
        5476
        5480
        5481
        5488
        5490
        5491
        5492
        5494
        5496
        5499
        5500
        5502
        5503
        5505
        5511
        5512
        5513
        5514
        5516
        5518
        5520
        5522
        5525
        5531
        5536
        5537
        5547
        5549
        5555
        5563
        5565
        5566
        5568
        5574
        5575
        5578
        5580
        5582
        5583
        5587
        5588
        5590
        5591
        5592
        5601
        5602
        5611
        5618
        5626
        5628
        5631
        5634
        5635
        5640
        5643
        5647
        5655
        5657
        5659
        5661
        5668
        5669
        5670
        5671
        5681
        5687
        5692
        5696
        5698
        5700
        5702
        5705
        5711
        5712
        5713
        5715
        5719
        5722
        5723
        5725
        5726
        5727
        5729
        5730
        5731
        5732
        5735
        5737
        5741
        5742
        5743
        5744
        5747
        5748
        5749
        5753
        5771
        5773
        5776
        5778
        5781
        5783
        5787
        5788
        5792
        5794
        5795
        5796
        5797
        5800
        5804
        5805
        5807
        5808
        5809
        5812
        5817
        5821
        5822
        5823
        5824
        5830
        5832
        5833
        5834
        5835
        5848
        5849
        5850
        5860
        5873
        5876
        5877
        5878
        5880
        5881
        5883
        5884
        5886
        5887
        5888
        5889
        5891
        5892
        5894
        5899
        5906
        5923
        5928
        5929
        5931
        5932
        5937
        5943
        5945
        5951
        5954
        5955
        5963
        5970
        5971
        5973
        5974
        5975
        5976
        5979
        5981
        5982
        5985
        5987
        5989
        5990
        5991
        5992
        6007
        6010
        6011
        6012
        6013
        6015
        6022
        6024
        6030
        6032
        6034
        6035
        6037
        6038
        6040
        6041
        6060
        6067
        6069
        6070
        6072
        6074
        6075
        6085
        6089
        6092
        6094
        6096
        6098
        6099
        6100
        6102
        6113
        6116
        6118
        6120
        6121
        6122
        6125
        6127
        6129
        6134
        6135
        6137
        6146
        6147
        6148
        6150
        6162
        6179
        6185
        6187
        6188
        6190
        6191
        6193
        6198
        6199
        6206
        6218
        6225
        6227
        6229
        6231
        6232
        6233
        6241
        6246
        6248
        6250
        6252
        6253
        6255
        6257
        6261
        6262
        6263
        6264
        6267
        6268
        6271
        6273
        6274
        6277
        6280
        6283
        6286
        6289
        6292
        6293
        6295
        6296
        6300
        6309
        6311
        6312
        6313
        6315
        6319
        6322
        6323
        6324
        6331
        6332
        6333
        6335
        6338
        6341
        6345
        6346
        6347
        6361
        6364
        6365
        6366
        6367
        6371
        6372
        6373
        6380
        6389
        6391
        6392
        6393
        6394
        6395
        6396
        6397
        6398
        6399
        6400
        6401
        6402
        6404
        6407
        6408
        6410
        6411
        6412
        6413
        6414
        6417
        6423
        6425
        6426
        6429
        6430
        6433
        6434
        6435
        6444
        6445
        6446
        6447
        6448
        6453
        6455
        6465
        6467
        6469
        6470
        6472
        6473
        6482
        6493
        6496
        6501
        6513
        6514
        6518
        6519
        6520
        6524
        6525
        6526
        6532
        6534
        6536
        6543
        6544
        6546
        6549
        6552
        6555
        6564
        6566
        6567
        6570
        6572
        6577
        6579
        6588
        6602
        6603
        6607
        6608
        6612
        6618
        6628
        6635
        6638
        6647
        6650
        6651
        6655
        6656
        6657
        6661
        6663
        6664
        6666
        6669
        6672
        6673
        6675
        6677
        6679
        6680
        6684
        6688
        6691
        6699
        6701
        6704
        6705
        6716
        6726
        6728
        6731
        6734
        6737
        6740
        6743
        6744
        6748
        6750
        6753
        6754
        6757
        6759
        6760
        6761
        6762
        6763
        6764
        6765
        6767
        6770
        6776
        6777
        6778
        6781
        6787
        6788
        6789
        6792
        6793
        6795
        6796
        6797
        6802
        6806
        6807
        6810
        6811
        6812
        6813
        6814
        6824
        6827
        6828
        6829
        6831
        6833
        6836
        6837
        6838
        6840
        6841
        6843
        6844
        6845
        6846
        6847
        6849
        6851
        6852
        6854
        6858
        6863
        6864
        6866
        6867
        6868
        6871
        6873
        6877
        6878
        6879
        6881
        6883
        6884
        6886
        6887
        6889
        6890
        6891
        6893
        6894
        6895
        6897
        6898
        6899
        6901
        6902
        6907
        6908
        6911
        6912
        6916
        6919
        6920
        6923
        6924
        6925
        6927
        6930
        6931
        6935
        6937
        6938
        6939
        6940
        6942
        6944
        6945
        6946
        6949
        6950
        6951
        6953
        6954
        6955
        6958
        6959
        6962
        6964
        6966
        6967
        6968
        6970
        6973
        6974
        6978
        6988
        7002
        7004
        7007
        7011
        7014
        7016
        7019
        7020
        7027
        7033
        7039
        7040
        7043
        7045
        7054
        7056
        7062
        7063
        7064
        7066
        7071
        7073
        7074
        7077
        7081
        7084
        7086
        7091
        7097
        7098
        7099
        7106
        7110
        7115
        7118
        7130
        7133
        7134
        7138
        7140
        7142
        7146
        7151
        7153
        7154
        7157
        7159
        7160
        7161
        7162
        7164
        7167
        7170
        7175
        7176
        7179
        7180
        7182
        7183
        7186
        7188
        7189
        7193
        7195
        7196
        7197
        7201
        7202
        7203
        7205
        7206
        7207
        7209
        7211
        7212
        7213
        7214
        7217
        7225
        7227
        7229
        7234
        7237
        7239
        7240
        7241
        7242
        7244
        7245
        7246
        7247
        7249
        7250
        7252
        7253
        7255
        7259
        7261
        7262
        7266
        7267
        7269
        7270
        7271
        7272
        7273
        7274
        7276
        7277
        7278
        7280
        7282
        7284
        7286
        7287
        7290
        7292
        7294
        7307
        7309
        7315
        7321
        7322
        7324
        7325
        7327
        7329
        7331
        7332
        7343
        7345
        7346
        7349
        7350
        7352
        7353
        7354
        7355
        7356
        7358
        7359
        7361
        7365
        7369
        7371
        7373
        7382
        7387
        7394
        7398
        7399
        7400
        7401
        7402
        7403
        7404
        7409
        7411
        7419
        7421
        7427
        7431
        7438
        7439
        7440
        7444
        7447
        7448
        7449
        7450
        7451
        7452
        7453
        7454
        7456
        7458
        7463
        7466
        7467
        7468
        7472
        7475
        7479
        7481
        7487
        7492
        7500
        7503
        7507
        7520
        7525
        7526
        7527
        7528
        7529
        7534
        7535
        7542
        7544
        7549
        7553
        7557
        7568
        7579
        7585
        7587
        7598
        7600
        7603
        7606
        7608
        7609
        7614
        7616
        7617
        7618
        7619
        7621
        7622
        7624
        7626
        7627
        7632
        7633
        7634
        7636
        7637
        7639
        7640
        7641
        7642
        7658
        7659
        7663
        7667
        7669
        7673
        7678
        7680
        7681
        7683
        7688
        7692
        7693
        7694
        7698
        7699
        7700
        7708
        7709
        7711
        7712
        7713
        7718
        7721
        7728
        7733
        7739
        7740
        7746
        7747
        7753
        7755
        7761
        7767
        7768
        7773
        7775
        7785
        7786
        7800
        7803
        7805
        7807
        7808
        7809
        7810
        7812
        7814
        7815
        7820
        7821
        7822
        7825
        7827
        7829
        7832
        7843
        7844
        7847
        7848
        7849
        7851
        7854
        7858
        7861
        7863
        7864
        7872
        7873
        7878
        7883
        7888
        7890
        7891
        7893
        7896
        7897
        7901
        7907
        7908
        7909
        7914
        7917
        7920
        7921
        7922
        7934
        7935
        7936
        7937
        7940
        7941
        7944
        7945
        7946
        7951
        7956
        7961
        7962
        7966
        7968
        7970
        7972
        7974
        7975
        7977
        7982
        7984
        7991
        7997
        7998
        8000
        8002
        8003
        8014
        8017
        8018
        8019
        8030
        8034
        8046
        8048
        8054
        8059
        8064
        8065
        8068
        8076
        8080
        8093
        8101
        8106
        8109
        8111
        8112
        8116
        8119
        8124
        8128
        8133
        8136
        8141
        8147
        8155
        8165
        8166
        8168
        8172
        8173
        8174
        8176
        8186
        8187
        8193
        8203
        8207
        8209
        8218
        8219
        8221
        8222
        8225
        8228
        8236
        8237
        8238
        8241
        8245
        8247
        8248
        8253
        8254
        8255
        8257
        8259
        8260
        8261
        8262
        8264
        8265
        8266
        8268
        8270
        8272
        8274
        8275
        8277
        8281
        8282
        8283
        8288
        8289
        8290
        8292
        8295
        8300
        8308
        8309
        8310
        8315
        8321
        8322
        8326
        8331
        8334
        8344
        8348
        8356
        8360
        8361
        8362
        8364
        8369
        8371
        8379
        8384
        8385
        8388
        8389
        8391
        8392
        8394
        8395
        8396
        8397
        8401
        8404
        8405
        8407
        8414
        8415
        8421
        8422
        8423
        8426
        8427
        8430
        8432
        8433
        8434
        8435
        8437
        8439
        8442
        8449
        8450
        8456
        8457
        8460
        8466
        8467
        8469
        8470
        8471
        8473
        8476
        8478
        8484
        8485
        8487
        8488
        8491
        8493
        8496
        8498
        8500
        8501
        8502
        8504
        8506
        8508
        8512
        8514
        8515
        8518
        8519
        8521
        8524
        8527
        8533
        8546
        8547
        8548
        8550
        8552
        8554
        8555
        8556
        8557
        8560
        8561
        8563
        8564
        8570
        8573
        8576
        8579
        8583
        8587
        8591
        8592
        8593
        8594
        8597
        8598
        8601
        8602
        8603
        8604
        8606
        8609
        8611
        8612
        8613
        8619
        8622
        8624
        8628
        8632
        8633
        8634
        8635
        8637
        8642
        8643
        8648
        8650
        8652
        8661
        8675
        8677
        8680
        8681
        8684
        8699
        8700
        8702
        8703
        8706
        8710
        8714
        8716
        8719
        8731
        8734
        8738
        8742
        8746
        8747
        8749
        8752
        8753
        8759
        8767
        8769
        8771
        8773
        8778
        8786
        8789
        8790
        8793
        8794
        8798
        8802
        8804
        8808
        8809
        8814
        8816
        8818
        8820
        8825
        8826
        8828
        8830
        8841
        8842
        8843
        8845
        8846
        8847
        8853
        8855
        8860
        8861
        8862
        8863
        8864
        8865
        8869
        8870
        8872
        8874
        8877
        8882
        8883
        8884
        8885
        8887
        8888
        8889
        8890
        8891
        8892
        8898
        8901
        8907
        8908
        8909
        8910
        8911
        8913
        8916
        8918
        8921
        8922
        8928
        8929
        8930
        8933
        8939
        8940
        8943
        8945
        8946
        8947
        8948
        8951
        8956
        8963
        8964
        8966
        8967
        8968
        8969
        8971
        8972
        8973
        8974
        8976
        8978
        8981
        8982
        8985
        8986
        8987
        8989
        8992
        8993
        8994
