        4
        6
        7
        21
        23
        33
        35
        39
        41
        44
        45
        46
        54
        56
        60
        61
        63
        67
        68
        70
        73
        75
        81
        93
        97
        99
        102
        104
        108
        110
        115
        118
        140
        146
        151
        152
        153
        155
        156
        157
        158
        159
        163
        180
        189
        192
        194
        195
        196
        198
        200
        201
        202
        204
        209
        210
        211
        214
        216
        219
        222
        234
        238
        244
        245
        247
        248
        250
        253
        256
        259
        267
        270
        272
        280
        284
        287
        288
        292
        298
        306
        308
        310
        311
        313
        317
        318
        323
        327
        329
        334
        336
        344
        360
        361
        363
        367
        368
        369
        371
        372
        375
        378
        379
        382
        384
        387
        390
        393
        394
        395
        400
        401
        404
        405
        406
        407
        409
        410
        411
        412
        414
        417
        418
        419
        420
        421
        423
        431
        432
        433
        434
        437
        438
        439
        443
        444
        450
        453
        455
        476
        479
        482
        490
        491
        492
        494
        498
        499
        501
        502
        505
        506
        508
        510
        511
        512
        515
        519
        521
        522
        526
        529
        530
        532
        534
        535
        540
        544
        547
        548
        552
        553
        554
        556
        558
        559
        560
        561
        562
        568
        577
        578
        579
        580
        581
        583
        584
        587
        588
        589
        594
        595
        596
        598
        602
        603
        604
        608
        609
        610
        613
        615
        618
        620
        624
        625
        626
        627
        628
        630
        631
        641
        642
        647
        649
        657
        658
        659
        660
        665
        666
        670
        671
        672
        673
        679
        683
        684
        687
        689
        690
        691
        692
        695
        703
        707
        711
        714
        715
        717
        720
        724
        725
        728
        737
        743
        745
        748
        749
        750
        751
        753
        754
        755
        757
        758
        759
        760
        764
        766
        767
        768
        769
        770
        774
        777
        778
        780
        781
        787
        788
        789
        791
        794
        795
        796
        799
        800
        801
        803
        804
        806
        815
        816
        817
        820
        822
        824
        825
        826
        828
        829
        830
        832
        839
        848
        849
        853
        854
        866
        873
        874
        876
        880
        881
        883
        884
        885
        887
        888
        891
        893
        894
        895
        896
        898
        899
        902
        905
        908
        920
        925
        926
        928
        929
        934
        935
        936
        939
        945
        947
        952
        955
        957
        961
        963
        966
        967
        969
        970
        972
        975
        976
        978
        981
        985
        991
        1003
        1004
        1007
        1010
        1012
        1014
        1015
        1017
        1021
        1027
        1032
        1034
        1042
        1047
        1060
        1062
        1063
        1065
        1066
        1067
        1069
        1073
        1086
        1087
        1095
        1096
        1101
        1102
        1103
        1104
        1105
        1114
        1116
        1118
        1119
        1121
        1124
        1125
        1126
        1127
        1128
        1129
        1130
        1131
        1133
        1134
        1137
        1147
        1149
        1150
        1152
        1153
        1158
        1160
        1171
        1179
        1182
        1183
        1184
        1185
        1189
        1190
        1192
        1193
        1194
        1197
        1202
        1208
        1211
        1212
        1214
        1215
        1216
        1217
        1221
        1227
        1228
        1234
        1235
        1236
        1237
        1238
        1239
        1240
        1241
        1243
        1252
        1255
        1256
        1258
        1261
        1264
        1265
        1266
        1269
        1271
        1274
        1275
        1306
        1308
        1315
        1323
        1330
        1333
        1336
        1349
        1355
        1360
        1362
        1363
        1364
        1367
        1369
        1370
        1374
        1378
        1380
        1382
        1384
        1388
        1389
        1390
        1394
        1398
        1403
        1404
        1406
        1412
        1418
        1431
        1434
        1445
        1447
        1459
        1460
        1464
        1468
        1470
        1471
        1472
        1473
        1475
        1476
        1477
        1479
        1480
        1488
        1490
        1493
        1497
        1500
        1501
        1502
        1509
        1514
        1526
        1527
        1537
        1538
        1539
        1542
        1543
        1544
        1547
        1567
        1585
        1586
        1602
        1603
        1604
        1607
        1610
        1612
        1614
        1617
        1618
        1620
        1624
        1626
        1627
        1636
        1637
        1638
        1641
        1642
        1645
        1647
        1649
        1650
        1652
        1655
        1657
        1658
        1660
        1661
        1662
        1663
        1665
        1666
        1667
        1672
        1677
        1678
        1681
        1683
        1684
        1685
        1686
        1687
        1689
        1690
        1691
        1692
        1693
        1694
        1696
        1700
        1701
        1707
        1710
        1711
        1712
        1718
        1722
        1725
        1728
        1730
        1731
        1733
        1734
        1739
        1740
        1742
        1746
        1749
        1751
        1752
        1753
        1755
        1757
        1758
        1759
        1762
        1763
        1767
        1768
        1771
        1775
        1779
        1782
        1784
        1788
        1791
        1802
        1806
        1809
        1810
        1811
        1813
        1815
        1818
        1819
        1821
        1823
        1829
        1832
        1833
        1835
        1839
        1840
        1841
        1842
        1846
        1847
        1855
        1860
        1864
        1865
        1867
        1868
        1871
        1872
        1873
        1874
        1875
        1880
        1881
        1882
        1888
        1908
        1910
        1911
        1913
        1916
        1917
        1919
        1920
        1921
        1924
        1925
        1931
        1932
        1934
        1937
        1944
        1952
        1955
        1959
        1962
        1969
        1983
        1989
        1993
        1998
        2000
        2009
        2021
        2022
        2023
        2025
        2029
        2031
        2039
        2048
        2051
        2053
        2057
        2060
        2062
        2064
        2068
        2075
        2079
        2089
        2094
        2102
        2104
        2108
        2109
        2114
        2121
        2129
        2130
        2143
        2147
        2155
        2166
        2170
        2173
        2181
        2182
        2183
        2184
        2185
        2187
        2189
        2190
        2192
        2193
        2195
        2197
        2199
        2203
        2204
        2219
        2225
        2226
        2229
        2234
        2235
        2236
        2237
        2239
        2246
        2260
        2263
        2277
        2283
        2296
        2299
        2300
        2301
        2302
        2304
        2307
        2310
        2312
        2322
        2324
        2328
        2330
        2331
        2332
        2333
        2335
        2336
        2349
        2359
        2364
        2366
        2368
        2373
        2376
        2377
        2386
        2389
        2390
        2391
        2392
        2393
        2394
        2397
        2399
        2423
        2424
        2426
        2427
        2429
        2432
        2435
        2436
        2438
        2439
        2440
        2441
        2443
        2445
        2446
        2450
        2455
        2456
        2458
        2459
        2461
        2465
        2469
        2470
        2472
        2473
        2475
        2477
        2479
        2482
        2483
        2484
        2485
        2487
        2488
        2489
        2491
        2492
        2498
        2500
        2502
        2503
        2506
        2508
        2509
        2511
        2517
        2519
        2527
        2534
        2536
        2542
        2543
        2545
        2547
        2548
        2549
        2551
        2557
        2558
        2560
        2561
        2567
        2568
        2570
        2571
        2573
        2574
        2582
        2586
        2594
        2599
        2600
        2607
        2608
        2610
        2615
        2616
        2623
        2626
        2630
        2638
        2640
        2641
        2648
        2649
        2656
        2658
        2663
        2664
        2665
        2666
        2671
        2672
        2682
        2688
        2691
        2692
        2694
        2695
        2697
        2698
        2699
        2711
        2712
        2713
        2715
        2725
        2727
        2728
        2729
        2731
        2732
        2733
        2734
        2735
        2737
        2739
        2740
        2741
        2742
        2745
        2746
        2747
        2748
        2750
        2751
        2752
        2754
        2757
        2759
        2764
        2765
        2783
        2784
        2786
        2787
        2789
        2791
        2793
        2796
        2797
        2800
        2801
        2808
        2809
        2810
        2811
        2814
        2818
        2822
        2824
        2826
        2828
        2837
        2839
        2843
        2849
        2853
        2854
        2856
        2869
        2870
        2872
        2873
        2876
        2877
        2879
        2881
        2883
        2885
        2887
        2890
        2892
        2893
        2895
        2896
        2897
        2899
        2905
        2908
        2911
        2912
        2913
        2914
        2915
        2916
        2917
        2918
        2920
        2921
        2923
        2924
        2925
        2927
        2928
        2931
        2940
        2942
        2943
        2948
        2958
        2964
        2965
        2966
        2974
        2985
        2987
        2989
        2991
        2993
        2995
        3000
        3015
        3020
        3021
        3023
        3030
        3031
        3034
        3039
        3044
        3047
        3051
        3052
        3057
        3058
        3062
        3064
        3066
        3070
        3072
        3074
        3076
        3082
        3084
        3085
        3086
        3087
        3089
        3097
        3104
        3113
        3114
        3119
        3125
        3126
        3135
        3140
        3146
        3147
        3152
        3160
        3162
        3164
        3166
        3170
        3174
        3180
        3182
        3184
        3186
        3191
        3192
        3194
        3195
        3196
        3197
        3198
        3200
        3204
        3213
        3214
        3215
        3228
        3238
        3240
        3242
        3243
        3244
        3250
        3256
        3257
        3258
        3264
        3267
        3270
        3271
        3272
        3273
        3277
        3281
        3283
        3284
        3285
        3291
        3294
        3300
        3302
        3304
        3308
        3311
        3313
        3315
        3318
        3319
        3320
        3329
        3330
        3331
        3336
        3337
        3343
        3344
        3345
        3350
        3352
        3353
        3354
        3355
        3357
        3364
        3369
        3371
        3372
        3376
        3377
        3378
        3379
        3383
        3384
        3385
        3395
        3396
        3398
        3400
        3401
        3402
        3405
        3407
        3415
        3421
        3422
        3426
        3430
        3434
        3436
        3440
        3445
        3447
        3450
        3453
        3456
        3468
        3471
        3473
        3474
        3475
        3478
        3482
        3485
        3487
        3495
        3498
        3501
        3512
        3513
        3515
        3516
        3521
        3529
        3530
        3545
        3551
        3553
        3554
        3567
        3569
        3575
        3576
        3582
        3586
        3600
        3602
        3605
        3606
        3607
        3613
        3617
        3620
        3623
        3628
        3629
        3630
        3632
        3635
        3636
        3640
        3641
        3643
        3646
        3652
        3653
        3657
        3658
        3665
        3667
        3671
        3672
        3673
        3674
        3675
        3684
        3687
        3690
        3692
        3698
        3703
        3705
        3707
        3709
        3713
        3718
        3719
        3722
        3736
        3738
        3740
        3746
        3754
        3755
        3760
        3762
        3763
        3764
        3765
        3767
        3770
        3771
        3773
        3778
        3781
        3782
        3786
        3787
        3789
        3794
        3798
        3800
        3801
        3805
        3806
        3807
        3810
        3812
        3814
        3817
        3819
        3830
        3832
        3837
        3839
        3841
        3842
        3847
        3848
        3852
        3855
        3859
        3864
        3876
        3878
        3879
        3881
        3883
        3889
        3890
        3892
        3898
        3901
        3906
        3908
        3909
        3910
        3911
        3914
        3915
        3916
        3921
        3923
        3924
        3925
        3927
        3929
        3941
        3942
        3943
        3954
        3956
        3960
        3962
        3965
        3968
        3969
        3973
        3975
        3976
        3979
        3983
        3985
        3986
        3989
        3992
        3993
        3995
        4001
        4003
        4006
        4013
        4016
        4030
        4033
        4038
        4040
        4041
        4044
        4045
        4047
        4063
        4065
        4066
        4071
        4080
        4088
        4090
        4092
        4093
        4095
        4100
        4102
        4104
        4107
        4112
        4124
        4126
        4127
        4129
        4131
        4138
        4139
        4142
        4143
        4144
        4145
        4146
        4149
        4151
        4152
        4155
        4160
        4163
        4177
        4178
        4179
        4180
        4181
        4182
        4185
        4186
        4189
        4190
        4191
        4196
        4200
        4201
        4202
        4204
        4209
        4211
        4212
        4219
        4221
        4222
        4226
        4229
        4230
        4231
        4236
        4241
        4242
        4243
        4244
        4245
        4247
        4248
        4250
        4251
        4252
        4253
        4257
        4259
        4261
        4262
        4273
        4278
        4285
        4289
        4299
        4301
        4302
        4303
        4305
        4306
        4307
        4313
        4316
        4319
        4325
        4329
        4332
        4333
        4341
        4346
        4348
        4352
        4353
        4355
        4366
        4367
        4370
        4372
        4373
        4374
        4381
        4385
        4386
        4388
        4389
        4390
        4391
        4392
        4394
        4396
        4399
        4402
        4404
        4406
        4407
        4408
        4411
        4413
        4414
        4415
        4417
        4422
        4424
        4426
        4428
        4429
        4430
        4432
        4434
        4435
        4436
        4437
        4438
        4439
        4441
        4443
        4444
        4448
        4451
        4452
        4455
        4457
        4458
        4460
        4462
        4464
        4465
        4467
        4470
        4472
        4474
        4478
        4481
        4483
        4485
        4496
        4502
        4504
        4505
        4506
        4507
        4508
        4510
        4516
        4517
        4518
        4534
        4535
        4540
        4542
        4548
        4551
        4554
        4557
        4560
        4562
        4563
        4564
        4567
        4572
        4573
        4577
        4578
        4580
        4583
        4589
        4591
        4593
        4594
        4596
        4598
        4601
        4603
        4607
        4610
        4613
        4620
        4626
        4633
        4634
        4635
        4636
        4637
        4638
        4641
        4643
        4648
        4649
        4650
        4654
        4657
        4658
        4659
        4660
        4663
        4664
        4668
        4671
        4672
        4673
        4676
        4678
        4682
        4683
        4684
        4685
        4686
        4687
        4688
        4690
        4691
        4694
        4699
        4709
        4711
        4712
        4713
        4715
        4716
        4719
        4723
        4724
        4725
        4726
        4727
        4728
        4731
        4732
        4738
        4739
        4744
        4754
        4755
        4756
        4757
        4759
        4763
        4764
        4765
        4770
        4771
        4772
        4773
        4780
        4782
        4783
        4785
        4786
        4787
        4789
        4791
        4792
        4795
        4796
        4797
        4801
        4802
        4803
        4805
        4806
        4809
        4810
        4817
        4818
        4820
        4821
        4823
        4824
        4825
        4827
        4828
        4829
        4830
        4832
        4833
        4834
        4836
        4840
        4841
        4846
        4851
        4855
        4856
        4861
        4863
        4865
        4866
        4868
        4878
        4882
        4884
        4885
        4886
        4887
        4888
        4889
        4890
        4891
        4893
        4894
        4895
        4896
        4897
        4898
        4899
        4903
        4904
        4905
        4906
        4911
        4912
        4914
        4915
        4917
        4929
        4941
        4946
        4949
        4952
        4957
        4959
        4962
        4979
        4980
        4985
        4993
        4994
        4997
        4999
        5001
        5004
        5005
        5008
        5009
        5010
        5013
        5014
        5015
        5016
        5021
        5022
        5024
        5025
        5040
        5041
        5042
        5043
        5050
        5053
        5056
        5058
        5060
        5061
        5063
        5064
        5065
        5069
        5072
        5073
        5074
        5077
        5083
        5084
        5086
        5087
        5089
        5090
        5091
        5098
        5102
        5106
        5107
        5108
        5111
        5113
        5116
        5118
        5125
        5127
        5128
        5129
        5133
        5135
        5137
        5140
        5146
        5148
        5150
        5151
        5153
        5160
        5161
        5169
        5170
        5174
        5178
        5186
        5188
        5194
        5195
        5197
        5202
        5205
        5206
        5210
        5214
        5215
        5217
        5218
        5220
        5228
        5236
        5237
        5239
        5240
        5242
        5244
        5246
        5249
        5250
        5254
        5255
        5256
        5257
        5259
        5262
        5264
        5267
        5271
        5272
        5273
        5278
        5279
        5280
        5285
        5287
        5289
        5294
        5299
        5303
        5308
        5309
        5316
        5320
        5325
        5331
        5334
        5335
        5339
        5343
        5346
        5347
        5349
        5350
        5355
        5358
        5364
        5367
        5368
        5370
        5373
        5374
        5376
        5379
        5388
        5393
        5400
        5401
        5403
        5404
        5411
        5412
        5413
        5423
        5427
        5429
        5431
        5433
        5435
        5436
        5437
        5438
        5446
        5455
        5459
        5460
        5466
        5467
        5468
        5470
        5471
        5474
        5480
        5482
        5484
        5490
        5494
        5496
        5497
        5501
        5503
        5504
        5505
        5506
        5510
        5517
        5526
        5527
        5528
        5531
        5532
        5533
        5535
        5536
        5538
        5540
        5541
        5542
        5543
        5546
        5549
        5551
        5554
        5556
        5558
        5559
        5560
        5562
        5564
        5568
        5569
        5576
        5578
        5582
        5584
        5585
        5588
        5589
        5590
        5591
        5596
        5597
        5598
        5601
        5607
        5623
        5627
        5631
        5633
        5638
        5639
        5640
        5641
        5644
        5646
        5647
        5649
        5650
        5651
        5652
        5653
        5654
        5655
        5660
        5666
        5667
        5669
        5671
        5674
        5679
        5681
        5682
        5684
        5685
        5687
        5688
        5689
        5690
        5692
        5694
        5695
        5700
        5703
        5707
        5708
        5710
        5715
        5717
        5718
        5721
        5724
        5726
        5729
        5730
        5731
        5733
        5734
        5736
        5738
        5739
        5740
        5742
        5743
        5744
        5747
        5749
        5751
        5752
        5754
        5757
        5759
        5761
        5763
        5766
        5768
        5769
        5771
        5776
        5782
        5786
        5789
        5790
        5794
        5798
        5799
        5800
        5801
        5803
        5804
        5806
        5809
        5810
        5811
        5812
        5813
        5816
        5817
        5820
        5823
        5825
        5826
        5832
        5833
        5838
        5843
        5845
        5847
        5850
        5851
        5852
        5853
        5855
        5859
        5860
        5861
        5862
        5863
        5864
        5866
        5870
        5876
        5878
        5881
        5889
        5897
        5898
        5900
        5906
        5907
        5910
        5913
        5914
        5915
        5916
        5925
        5926
        5928
        5929
        5933
        5942
        5946
        5947
        5950
        5957
        5960
        5967
        5971
        5973
        5979
        5983
        5984
        5986
        5989
        5995
        5997
        6003
        6004
        6005
        6007
        6008
        6009
        6010
        6011
        6013
        6017
        6018
        6019
        6020
        6021
        6024
        6033
        6040
        6041
        6042
        6044
        6046
        6049
        6055
        6060
        6065
        6066
        6068
        6071
        6084
        6086
        6091
        6095
        6098
        6101
        6107
        6113
        6114
        6116
        6117
        6122
        6127
        6130
        6133
        6145
        6147
        6148
        6150
        6151
        6152
        6153
        6154
        6156
        6157
        6159
        6160
        6162
        6164
        6165
        6166
        6168
        6173
        6174
        6176
        6179
        6180
        6181
        6184
        6185
        6186
        6187
        6189
        6190
        6191
        6193
        6195
        6197
        6198
        6199
        6201
        6202
        6203
        6210
        6212
        6214
        6215
        6216
        6217
        6218
        6221
        6223
        6226
        6227
        6228
        6230
        6231
        6233
        6235
        6236
        6238
        6240
        6241
        6243
        6245
        6247
        6249
        6250
        6251
        6252
        6254
        6255
        6256
        6258
        6268
        6271
        6272
        6274
        6275
        6282
        6285
        6287
        6291
        6292
        6293
        6294
        6300
        6302
        6303
        6307
        6308
        6309
        6313
        6314
        6317
        6319
        6320
        6322
        6323
        6325
        6327
        6335
        6336
        6337
        6341
        6344
        6345
        6347
        6348
        6349
        6350
        6351
        6353
        6354
        6361
        6362
        6363
        6366
        6367
        6368
        6369
        6370
        6390
        6391
        6392
        6394
        6397
        6399
        6403
        6406
        6416
        6419
        6420
        6426
        6437
        6441
        6446
        6449
        6463
        6469
        6476
        6477
        6478
        6479
        6490
        6491
        6494
        6498
        6501
        6502
        6503
        6504
        6506
        6507
        6508
        6511
        6512
        6513
        6514
        6517
        6518
        6521
        6522
        6523
        6524
        6525
        6526
        6529
        6530
        6534
        6541
        6542
        6545
        6547
        6548
        6549
        6552
        6553
        6555
        6557
        6558
        6560
        6561
        6562
        6563
        6564
        6565
        6566
        6567
        6570
        6572
        6573
        6575
        6576
        6577
        6580
        6583
        6591
        6592
        6594
        6595
        6600
        6601
        6607
        6609
        6610
        6611
        6613
        6615
        6620
        6623
        6627
        6628
        6633
        6635
        6637
        6641
        6643
        6644
        6646
        6647
        6648
        6650
        6651
        6652
        6653
        6655
        6658
        6659
        6660
        6662
        6663
        6664
        6665
        6668
        6670
        6672
        6674
        6675
        6677
        6679
        6680
        6683
        6684
        6685
        6686
        6688
        6698
        6701
        6703
        6704
        6709
        6713
        6714
        6715
        6718
        6720
        6721
        6723
        6724
        6725
        6731
        6732
        6733
        6734
        6735
        6736
        6737
        6739
        6741
        6745
        6747
        6749
        6750
        6751
        6755
        6756
        6757
        6758
        6761
        6762
        6765
        6770
        6771
        6772
        6775
        6776
        6780
        6791
        6792
        6794
        6795
        6796
        6798
        6801
        6802
        6804
        6805
        6807
        6809
        6810
        6811
        6812
        6813
        6818
        6820
        6821
        6822
        6823
        6824
        6825
        6827
        6829
        6830
        6831
        6835
        6836
        6838
        6839
        6840
        6842
        6848
        6849
        6854
        6859
        6863
        6864
        6865
        6866
        6867
        6869
        6870
        6871
        6874
        6875
        6876
        6878
        6879
        6880
        6881
        6882
        6883
        6884
        6885
        6886
        6887
        6888
        6890
        6892
        6893
        6894
        6903
        6904
        6907
        6909
        6914
        6921
        6926
        6930
        6931
        6936
        6941
        6942
        6943
        6946
        6949
        6952
        6953
        6958
        6959
        6969
        6971
        6972
        6973
        6974
        6976
        6977
        6981
        6982
        6983
        6984
        6985
        6986
        6988
        6990
        6991
        6992
        6993
        6994
        6996
        6998
        6999
        7000
        7002
        7003
        7004
        7005
        7006
        7007
        7008
        7011
        7012
        7013
        7016
        7022
        7024
        7028
        7032
        7038
        7039
        7046
        7047
        7053
        7054
        7058
        7059
        7060
        7064
        7065
        7067
        7069
        7071
        7073
        7074
        7075
        7077
        7078
        7080
        7081
        7083
        7088
        7090
        7093
        7095
        7096
        7097
        7100
        7113
        7114
        7116
        7117
        7120
        7121
        7122
        7126
        7130
        7132
        7138
        7140
        7141
        7142
        7147
        7148
        7149
        7150
        7152
        7153
        7154
        7155
        7156
        7158
        7159
        7160
        7165
        7167
        7176
        7184
        7186
        7191
        7198
        7200
        7201
        7202
        7203
        7205
        7206
        7207
        7211
        7212
        7215
        7218
        7219
        7220
        7223
        7224
        7225
        7226
        7227
        7230
        7232
        7234
        7238
        7241
        7244
        7245
        7246
        7248
        7250
        7256
        7258
        7259
        7262
        7268
        7271
        7272
        7273
        7282
        7283
        7284
        7287
        7288
        7292
        7295
        7296
        7298
        7300
        7301
        7305
        7308
        7310
        7319
        7320
        7323
        7324
        7327
        7328
        7329
        7330
        7333
        7334
        7336
        7338
        7339
        7344
        7345
        7355
        7356
        7361
        7363
        7364
        7366
        7367
        7368
        7370
        7371
        7372
        7373
        7374
        7375
        7376
        7377
        7382
        7383
        7384
        7385
        7386
        7391
        7394
        7395
        7396
        7398
        7403
        7405
        7409
        7412
        7414
        7422
        7427
        7428
        7437
        7438
        7440
        7442
        7446
        7460
        7461
        7462
        7464
        7467
        7470
        7471
        7472
        7473
        7474
        7475
        7477
        7478
        7479
        7482
        7483
        7485
        7487
        7497
        7498
        7501
        7509
        7511
        7512
        7513
        7514
        7516
        7519
        7520
        7522
        7524
        7527
        7532
        7533
        7536
        7537
        7539
        7542
        7543
        7545
        7548
        7549
        7550
        7551
        7553
        7554
        7557
        7559
        7563
        7566
        7567
        7569
        7573
        7575
        7578
        7580
        7590
        7594
        7597
        7610
        7616
        7622
        7624
        7625
        7626
        7630
        7631
        7634
        7635
        7637
        7639
        7645
        7648
        7650
        7653
        7655
        7656
        7657
        7658
        7660
        7661
        7662
        7663
        7664
        7666
        7668
        7670
        7673
        7674
        7677
        7678
        7682
        7683
        7684
        7685
        7686
        7687
        7688
        7689
        7690
        7692
        7694
        7695
        7696
        7699
        7702
        7703
        7704
        7707
        7708
        7711
        7726
        7729
        7730
        7731
        7732
        7734
        7735
        7737
        7738
        7740
        7742
        7743
        7744
        7747
        7750
        7752
        7754
        7755
        7759
        7761
        7772
        7775
        7776
        7777
        7779
        7780
        7781
        7783
        7784
        7785
        7790
        7791
        7792
        7793
        7794
        7796
        7797
        7801
        7802
        7804
        7805
        7808
        7809
        7810
        7812
        7813
        7814
        7815
        7817
        7819
        7823
        7826
        7830
        7834
        7835
        7837
        7838
        7839
        7841
        7843
        7844
        7848
        7850
        7852
        7853
        7854
        7855
        7857
        7859
        7864
        7866
        7871
        7872
        7874
        7875
        7877
        7879
        7881
        7882
        7883
        7887
        7893
        7899
        7900
        7908
        7909
        7910
        7916
        7921
        7922
        7923
        7924
        7925
        7926
        7927
        7929
        7935
        7936
        7937
        7940
        7942
        7943
        7944
        7945
        7947
        7952
        7955
        7959
        7960
        7963
        7964
        7975
        7977
        7981
        7982
        7985
        7986
        7988
        7994
        7995
        7997
        8000
        8003
        8004
        8006
        8010
        8012
        8013
        8020
        8021
        8023
        8024
        8025
        8026
        8027
        8028
        8030
        8032
        8035
        8036
        8037
        8039
        8041
        8048
        8049
        8054
        8057
        8058
        8060
        8062
        8063
        8066
        8067
        8068
        8075
        8077
        8078
        8079
        8088
        8089
        8091
        8093
        8094
        8095
        8096
        8097
        8098
        8101
        8102
        8104
        8106
        8107
        8108
        8109
        8117
        8118
        8119
        8121
        8122
        8123
        8126
        8127
        8128
        8131
        8132
        8137
        8138
        8146
        8148
        8150
        8155
        8156
        8159
        8160
        8161
        8171
        8181
        8182
        8183
        8184
        8185
        8187
        8190
        8194
        8197
        8201
        8202
        8205
        8206
        8210
        8214
        8217
        8218
        8219
        8220
        8221
        8222
        8223
        8225
        8227
        8229
        8230
        8232
        8233
        8235
        8236
        8241
        8248
        8250
        8252
        8265
        8266
        8274
        8275
        8276
        8277
        8279
        8280
        8281
        8283
        8287
        8289
        8294
        8297
        8302
        8303
        8304
        8308
        8309
        8310
        8312
        8313
        8315
        8316
        8319
        8321
        8322
        8330
        8331
        8332
        8333
        8334
        8335
        8348
        8349
        8352
        8353
        8354
        8356
        8358
        8362
        8364
        8375
        8376
        8378
        8379
        8381
        8385
        8388
        8389
        8390
        8392
        8396
        8397
        8398
        8402
        8404
        8407
        8410
        8411
        8413
        8414
        8416
        8418
        8419
        8420
        8421
        8429
        8431
        8441
        8442
        8443
        8445
        8448
        8451
        8469
        8476
        8482
        8486
        8489
        8490
        8491
        8494
        8497
        8498
        8500
        8504
        8505
        8514
        8517
        8534
        8538
        8542
        8545
        8547
        8548
        8549
        8551
        8552
        8554
        8558
        8559
        8562
        8564
        8566
        8567
        8569
        8570
        8572
        8577
        8580
        8581
        8585
        8587
        8593
        8594
        8595
        8596
        8598
        8602
        8604
        8607
        8610
        8625
        8626
        8627
        8628
        8634
        8636
        8638
        8641
        8642
        8643
        8645
        8646
        8652
        8653
        8657
        8658
        8659
        8661
        8662
        8664
        8665
        8666
        8668
        8669
        8670
        8674
        8675
        8677
        8678
        8679
        8680
        8683
        8684
        8687
        8688
        8689
        8690
        8691
        8696
        8697
        8698
        8699
        8700
        8701
        8702
        8705
        8706
        8707
        8709
        8710
        8711
        8712
        8714
        8715
        8716
        8718
        8719
        8720
        8721
        8723
        8730
        8731
        8733
        8740
        8741
        8747
        8751
        8915
