        2
        6
        7
        11
        12
        13
        14
        16
        17
        22
        23
        24
        25
        26
        27
        28
        32
        33
        34
        37
        38
        39
        43
        46
        47
        50
        54
        55
        58
        62
        63
        65
        66
        69
        71
        73
        74
        76
        79
        80
        81
        82
        83
        84
        92
        97
        98
        99
        100
        103
        105
        106
        107
        108
        111
        112
        115
        117
        124
        129
        130
        131
        132
        133
        134
        139
        140
        142
        144
        145
        153
        154
        159
        161
        162
        163
        165
        166
        167
        169
        171
        172
        173
        174
        178
        181
        182
        183
        185
        186
        187
        188
        190
        191
        194
        201
        202
        203
        204
        206
        207
        208
        217
        218
        219
        220
        224
        225
        231
        232
        234
        236
        238
        239
        240
        241
        243
        244
        250
        254
        256
        258
        259
        260
        261
        262
        265
        266
        267
        270
        271
        273
        274
        277
        282
        284
        291
        293
        294
        295
        302
        303
        304
        309
        310
        311
        312
        313
        315
        318
        319
        320
        321
        325
        327
        329
        332
        334
        335
        337
        343
        346
        347
        351
        352
        353
        354
        357
        358
        359
        362
        363
        365
        367
        368
        371
        373
        374
        376
        377
        380
        383
        384
        385
        386
        387
        389
        395
        397
        398
        399
        400
        405
        408
        409
        415
        416
        417
        418
        423
        424
        425
        432
        433
        434
        435
        438
        439
        441
        444
        448
        453
        455
        459
        460
        462
        464
        465
        466
        472
        476
        477
        478
        480
        484
        485
        487
        488
        490
        491
        492
        493
        496
        498
        499
        500
        504
        505
        507
        510
        513
        518
        520
        521
        523
        524
        526
        530
        531
        532
        534
        538
        542
        543
        544
        545
        546
        547
        548
        550
        554
        556
        557
        558
        560
        561
        563
        568
        569
        571
        574
        576
        579
        580
        582
        588
        590
        592
        599
        600
        602
        604
        605
        611
        612
        613
        616
        618
        623
        626
        627
        628
        634
        636
        637
        638
        640
        646
        651
        652
        653
        655
        656
        658
        662
        663
        668
        669
        670
        671
        688
        690
        691
        694
        695
        696
        697
        702
        711
        713
        715
        716
        717
        718
        720
        723
        727
        728
        729
        731
        732
        733
        734
        735
        738
        741
        749
        752
        754
        755
        756
        757
        758
        762
        769
        776
        778
        779
        783
        786
        787
        788
        790
        792
        793
        795
        796
        798
        799
        802
        803
        806
        810
        812
        814
        823
        826
        827
        828
        830
        831
        832
        834
        843
        845
        850
        851
        853
        854
        858
        859
        860
        862
        863
        865
        866
        868
        869
        870
        871
        872
        875
        877
        878
        883
        884
        885
        887
        889
        892
        893
        894
        895
        896
        899
        901
        914
        920
        921
        922
        929
        930
        932
        939
        941
        942
        943
        945
        950
        951
        952
        953
        954
        955
        959
        965
        967
        969
        972
        974
        975
        976
        978
        979
        980
        992
        1010
        1014
        1024
        1025
        1033
        1035
        1038
        1043
        1047
        1049
        1051
        1052
        1056
        1058
        1059
        1060
        1061
        1062
        1063
        1066
        1068
        1069
        1071
        1076
        1078
        1080
        1081
        1082
        1085
        1087
        1088
        1089
        1090
        1092
        1097
        1098
        1101
        1102
        1103
        1109
        1111
        1112
        1114
        1116
        1117
        1120
        1121
        1122
        1133
        1137
        1141
        1156
        1158
        1160
        1161
        1165
        1166
        1170
        1172
        1173
        1175
        1176
        1178
        1180
        1181
        1185
        1187
        1189
        1190
        1192
        1193
        1196
        1197
        1199
        1201
        1202
        1203
        1204
        1205
        1208
        1210
        1220
        1222
        1225
        1226
        1229
        1231
        1234
        1235
        1246
        1248
        1252
        1254
        1256
        1257
        1264
        1268
        1270
        1279
        1281
        1284
        1285
        1291
        1300
        1301
        1307
        1317
        1318
        1319
        1321
        1324
        1325
        1326
        1327
        1332
        1334
        1336
        1339
        1350
        1352
        1354
        1360
        1362
        1365
        1367
        1374
        1375
        1382
        1384
        1385
        1388
        1390
        1397
        1400
        1402
        1403
        1405
        1407
        1408
        1410
        1411
        1415
        1416
        1418
        1420
        1422
        1427
        1428
        1432
        1442
        1448
        1450
        1452
        1455
        1457
        1458
        1461
        1467
        1485
        1489
        1492
        1493
        1498
        1505
        1508
        1510
        1513
        1527
        1528
        1531
        1532
        1533
        1534
        1538
        1544
        1548
        1549
        1564
        1576
        1578
        1583
        1586
        1589
        1590
        1594
        1608
        1616
        1622
        1624
        1631
        1634
        1635
        1637
        1638
        1645
        1646
        1647
        1656
        1657
        1660
        1661
        1663
        1665
        1667
        1674
        1676
        1678
        1679
        1680
        1682
        1684
        1685
        1687
        1688
        1694
        1695
        1697
        1700
        1701
        1702
        1704
        1705
        1708
        1709
        1712
        1714
        1718
        1719
        1721
        1724
        1725
        1726
        1727
        1728
        1730
        1733
        1735
        1737
        1738
        1739
        1740
        1741
        1742
        1744
        1745
        1746
        1748
        1750
        1752
        1755
        1756
        1758
        1760
        1761
        1762
        1763
        1764
        1766
        1767
        1768
        1770
        1771
        1774
        1775
        1776
        1778
        1779
        1780
        1781
        1782
        1784
        1787
        1788
        1789
        1790
        1795
        1797
        1798
        1799
        1800
        1802
        1803
        1804
        1805
        1806
        1807
        1811
        1813
        1815
        1817
        1818
        1820
        1822
        1824
        1826
        1837
        1838
        1841
        1842
        1844
        1847
        1851
        1853
        1856
        1858
        1864
        1866
        1869
        1871
        1872
        1874
        1875
        1876
        1877
        1878
        1879
        1880
        1882
        1883
        1887
        1890
        1891
        1895
        1896
        1897
        1898
        1901
        1904
        1905
        1907
        1908
        1909
        1913
        1914
        1916
        1919
        1925
        1929
        1931
        1934
        1935
        1938
        1942
        1943
        1945
        1949
        1952
        1954
        1955
        1957
        1961
        1964
        1967
        1968
        1977
        1978
        1979
        1981
        1984
        1985
        1988
        1991
        1992
        1993
        1994
        1996
        1997
        2000
        2001
        2002
        2003
        2004
        2005
        2006
        2007
        2009
        2011
        2012
        2014
        2018
        2019
        2020
        2022
        2025
        2026
        2027
        2028
        2030
        2032
        2033
        2034
        2042
        2044
        2046
        2048
        2054
        2056
        2058
        2060
        2061
        2063
        2066
        2068
        2069
        2073
        2074
        2076
        2077
        2080
        2081
        2084
        2089
        2090
        2093
        2098
        2100
        2102
        2105
        2109
        2113
        2116
        2118
        2126
        2130
        2132
        2135
        2138
        2139
        2143
        2144
        2146
        2147
        2149
        2150
        2151
        2153
        2156
        2157
        2159
        2160
        2161
        2162
        2163
        2164
        2165
        2171
        2177
        2179
        2180
        2182
        2185
        2186
        2198
        2202
        2205
        2206
        2209
        2211
        2216
        2218
        2224
        2226
        2228
        2232
        2234
        2236
        2237
        2241
        2245
        2247
        2248
        2252
        2258
        2261
        2263
        2264
        2265
        2267
        2269
        2270
        2271
        2273
        2276
        2277
        2278
        2282
        2284
        2285
        2290
        2291
        2292
        2298
        2300
        2301
        2302
        2305
        2308
        2309
        2311
        2321
        2322
        2325
        2326
        2328
        2330
        2332
        2334
        2339
        2345
        2346
        2349
        2351
        2356
        2360
        2363
        2364
        2365
        2366
        2370
        2373
        2374
        2375
        2378
        2379
        2380
        2383
        2388
        2389
        2391
        2410
        2421
        2423
        2429
        2430
        2432
        2433
        2434
        2436
        2438
        2446
        2448
        2449
        2451
        2452
        2453
        2455
        2457
        2459
        2463
        2464
        2470
        2472
        2474
        2476
        2479
        2480
        2482
        2490
        2497
        2499
        2500
        2501
        2502
        2503
        2504
        2505
        2506
        2508
        2509
        2510
        2511
        2512
        2514
        2515
        2517
        2520
        2522
        2524
        2527
        2530
        2531
        2532
        2536
        2538
        2548
        2549
        2550
        2551
        2552
        2553
        2554
        2555
        2558
        2560
        2561
        2562
        2563
        2564
        2565
        2566
        2568
        2571
        2577
        2578
        2579
        2580
        2587
        2589
        2590
        2591
        2595
        2597
        2598
        2600
        2601
        2602
        2604
        2605
        2606
        2607
        2612
        2618
        2620
        2622
        2623
        2624
        2627
        2628
        2629
        2633
        2634
        2636
        2638
        2641
        2642
        2645
        2657
        2661
        2664
        2666
        2668
        2670
        2678
        2680
        2688
        2689
        2696
        2697
        2698
        2700
        2704
        2706
        2707
        2708
        2709
        2711
        2712
        2713
        2731
        2733
        2734
        2736
        2737
        2738
        2742
        2744
        2747
        2748
        2749
        2750
        2751
        2753
        2754
        2757
        2758
        2762
        2766
        2768
        2771
        2773
        2774
        2775
        2777
        2781
        2782
        2783
        2785
        2786
        2788
        2793
        2795
        2796
        2799
        2801
        2803
        2808
        2809
        2811
        2813
        2814
        2821
        2823
        2824
        2829
        2832
        2834
        2835
        2837
        2839
        2840
        2848
        2851
        2857
        2861
        2862
        2865
        2867
        2868
        2869
        2871
        2872
        2873
        2875
        2876
        2878
        2880
        2881
        2882
        2886
        2890
        2893
        2902
        2903
        2904
        2905
        2906
        2907
        2908
        2910
        2919
        2925
        2929
        2931
        2933
        2934
        2936
        2940
        2941
        2943
        2944
        2945
        2946
        2949
        2951
        2952
        2954
        2955
        2956
        2958
        2959
        2960
        2962
        2963
        2964
        2965
        2966
        2968
        2970
        2972
        2974
        2982
        2986
        2989
        2990
        2991
        2993
        2994
        2995
        2998
        3000
        3002
        3003
        3004
        3005
        3006
        3007
        3009
        3012
        3013
        3014
        3017
        3018
        3020
        3021
        3024
        3026
        3027
        3028
        3029
        3030
        3031
        3032
        3033
        3034
        3035
        3036
        3037
        3039
        3042
        3044
        3048
        3050
        3052
        3054
        3056
        3058
        3063
        3065
        3067
        3070
        3071
        3072
        3073
        3074
        3078
        3079
        3081
        3084
        3085
        3086
        3087
        3089
        3092
        3093
        3094
        3095
        3096
        3097
        3101
        3102
        3103
        3104
        3105
        3108
        3110
        3112
        3115
        3116
        3117
        3118
        3119
        3123
        3124
        3126
        3131
        3135
        3137
        3138
        3140
        3141
        3143
        3144
        3145
        3147
        3148
        3149
        3150
        3151
        3152
        3153
        3154
        3156
        3158
        3163
        3165
        3166
        3168
        3169
        3170
        3172
        3173
        3174
        3175
        3177
        3180
        3183
        3186
        3187
        3188
        3189
        3191
        3192
        3193
        3194
        3197
        3198
        3202
        3204
        3207
        3209
        3210
        3212
        3213
        3214
        3215
        3218
        3219
        3221
        3227
        3228
        3231
        3232
        3233
        3234
        3235
        3236
        3237
        3240
        3242
        3244
        3245
        3247
        3249
        3250
        3252
        3254
        3255
        3268
        3270
        3274
        3279
        3280
        3281
        3282
        3283
        3284
        3285
        3289
        3290
        3291
        3296
        3298
        3303
        3305
        3307
        3314
        3317
        3318
        3320
        3322
        3324
        3326
        3331
        3336
        3337
        3338
        3340
        3341
        3342
        3344
        3347
        3351
        3353
        3354
        3358
        3360
        3365
        3367
        3368
        3369
        3372
        3375
        3377
        3381
        3382
        3383
        3388
        3390
        3391
        3392
        3393
        3394
        3395
        3396
        3397
        3400
        3402
        3407
        3409
        3411
        3413
        3418
        3419
        3425
        3429
        3430
        3433
        3437
        3439
        3443
        3454
        3458
        3459
        3464
        3467
        3473
        3474
        3475
        3477
        3485
        3487
        3488
        3489
        3493
        3494
        3496
        3498
        3499
        3502
        3503
        3504
        3507
        3508
        3513
        3514
        3515
        3517
        3520
        3522
        3525
        3527
        3531
        3532
        3533
        3535
        3536
        3540
        3541
        3542
        3543
        3544
        3545
        3546
        3549
        3550
        3552
        3559
        3563
        3564
        3567
        3569
        3573
        3577
        3578
        3579
        3581
        3582
        3587
        3588
        3590
        3591
        3593
        3597
        3598
        3599
        3601
        3603
        3604
        3609
        3616
        3617
        3618
        3619
        3620
        3621
        3625
        3626
        3632
        3633
        3637
        3638
        3642
        3644
        3647
        3648
        3649
        3650
        3651
        3652
        3653
        3656
        3659
        3660
        3663
        3664
        3665
        3667
        3669
        3671
        3672
        3673
        3674
        3676
        3679
        3680
        3685
        3686
        3687
        3688
        3689
        3690
        3691
        3693
        3694
        3696
        3697
        3700
        3705
        3706
        3707
        3708
        3709
        3710
        3712
        3713
        3715
        3716
        3717
        3721
        3722
        3723
        3725
        3726
        3728
        3730
        3731
        3733
        3734
        3737
        3738
        3741
        3743
        3746
        3748
        3749
        3751
        3752
        3753
        3754
        3755
        3757
        3758
        3764
        3766
        3772
        3774
        3779
        3782
        3784
        3786
        3788
        3790
        3799
        3803
        3805
        3806
        3809
        3811
        3812
        3813
        3814
        3815
        3816
        3820
        3821
        3824
        3825
        3827
        3828
        3829
        3830
        3846
        3848
        3849
        3851
        3853
        3858
        3861
        3865
        3866
        3870
        3873
        3875
        3880
        3881
        3884
        3885
        3887
        3890
        3892
        3893
        3894
        3895
        3897
        3900
        3904
        3905
        3907
        3909
        3912
        3915
        3918
        3919
        3920
        3921
        3922
        3923
        3929
        3935
        3936
        3937
        3939
        3941
        3943
        3947
        3953
        3956
        3958
        3959
        3962
        3963
        3964
        3965
        3966
        3967
        3971
        3972
        3974
        3976
        3978
        3979
        3994
        3998
        4000
        4002
        4003
        4005
        4007
        4010
        4012
        4020
        4021
        4023
        4024
        4028
        4029
        4034
        4045
        4046
        4047
        4049
        4052
        4054
        4055
        4056
        4058
        4060
        4061
        4070
        4072
        4073
        4076
        4078
        4083
        4084
        4085
        4090
        4091
        4092
        4106
        4108
        4109
        4112
        4114
        4116
        4117
        4120
        4122
        4126
        4127
        4129
        4130
        4131
        4132
        4134
        4135
        4137
        4138
        4139
        4140
        4141
        4144
        4146
        4147
        4149
        4150
        4151
        4153
        4154
        4158
        4159
        4160
        4162
        4164
        4166
        4168
        4170
        4171
        4175
        4176
        4177
        4178
        4190
        4193
        4194
        4196
        4199
        4200
        4203
        4206
        4207
        4209
        4210
        4211
        4212
        4213
        4216
        4217
        4223
        4224
        4226
        4227
        4232
        4234
        4235
        4236
        4237
        4238
        4240
        4243
        4249
        4250
        4251
        4253
        4254
        4258
        4260
        4263
        4265
        4266
        4268
        4269
        4270
        4271
        4272
        4273
        4274
        4275
        4277
        4279
        4286
        4288
        4289
        4290
        4291
        4292
        4294
        4295
        4299
        4300
        4304
        4314
        4316
        4318
        4319
        4320
        4321
        4322
        4323
        4327
        4328
        4330
        4332
        4334
        4335
        4337
        4338
        4340
        4350
        4352
        4353
        4354
        4357
        4358
        4359
        4364
        4366
        4369
        4370
        4372
        4375
        4378
        4382
        4383
        4384
        4385
        4386
        4388
        4389
        4391
        4394
        4396
        4397
        4398
        4400
        4402
        4403
        4408
        4412
        4421
        4423
        4424
        4426
        4428
        4431
        4432
        4434
        4436
        4437
        4438
        4439
        4442
        4445
        4446
        4448
        4450
        4451
        4455
        4457
        4460
        4461
        4462
        4465
        4466
        4470
        4474
        4477
        4481
        4483
        4486
        4488
        4489
        4491
        4497
        4500
        4507
        4513
        4516
        4523
        4524
        4525
        4526
        4527
        4528
        4529
        4533
        4534
        4535
        4537
        4548
        4549
        4550
        4557
        4562
        4563
        4568
        4577
        4578
        4579
        4580
        4581
        4582
        4584
        4585
        4588
        4592
        4595
        4596
        4597
        4598
        4600
        4603
        4608
        4610
        4613
        4614
        4615
        4616
        4617
        4618
        4621
        4622
        4624
        4626
        4627
        4628
        4632
        4633
        4636
        4639
        4640
        4642
        4646
        4649
        4653
        4655
        4656
        4659
        4669
        4671
        4677
        4682
        4683
        4687
        4690
        4692
        4694
        4695
        4696
        4697
        4698
        4701
        4702
        4705
        4706
        4708
        4711
        4712
        4715
        4718
        4722
        4724
        4726
        4727
        4728
        4729
        4731
        4733
        4735
        4737
        4740
        4742
        4743
        4747
        4750
        4753
        4754
        4756
        4768
        4771
        4786
        4787
        4788
        4789
        4791
        4792
        4793
        4794
        4795
        4796
        4797
        4800
        4803
        4804
        4805
        4806
        4810
        4815
        4816
        4817
        4819
        4820
        4824
        4825
        4827
        4828
        4829
        4833
        4835
        4836
        4837
        4839
        4843
        4846
        4847
        4849
        4850
        4851
        4853
        4855
        4856
        4857
        4860
        4864
        4867
        4869
        4874
        4875
        4876
        4877
        4881
        4883
        4888
        4892
        4893
        4897
        4900
        4903
        4904
        4905
        4907
        4908
        4910
        4917
        4921
        4922
        4923
        4925
        4926
        4929
        4930
        4931
        4932
        4933
        4935
        4936
        4938
        4939
        4942
        4944
        4945
        4949
        4956
        4963
        4966
        4967
        4968
        4970
        4977
        4978
        4979
        4983
        4985
        4989
        4991
        4992
        4993
        4995
        4996
        4999
        5001
        5006
        5007
        5008
        5013
        5017
        5018
        5021
        5024
        5026
        5027
        5029
        5031
        5033
        5034
        5039
        5041
        5043
        5045
        5048
        5049
        5050
        5051
        5052
        5053
        5061
        5066
        5070
        5072
        5073
        5075
        5077
        5080
        5084
        5092
        5095
        5102
        5111
        5115
        5117
        5119
        5120
        5128
        5130
        5132
        5135
        5138
        5146
        5148
        5149
        5152
        5153
        5154
        5155
        5156
        5160
        5168
        5182
        5184
        5185
        5189
        5191
        5192
        5197
        5198
        5199
        5200
        5203
        5204
        5205
        5206
        5213
        5220
        5222
        5224
        5229
        5232
        5233
        5234
        5236
        5249
        5250
        5251
        5252
        5256
        5258
        5261
        5266
        5268
        5269
        5270
        5271
        5272
        5274
        5288
        5289
        5290
        5298
        5301
        5302
        5304
        5305
        5307
        5309
        5314
        5316
        5318
        5319
        5322
        5323
        5325
        5326
        5327
        5328
        5329
        5330
        5333
        5334
        5338
        5340
        5341
        5342
        5344
        5350
        5352
        5353
        5354
        5355
        5367
        5368
        5370
        5372
        5374
        5377
        5378
        5383
        5384
        5386
        5388
        5392
        5394
        5397
        5398
        5399
        5400
        5401
        5402
        5405
        5406
        5407
        5409
        5410
        5411
        5418
        5421
        5423
        5427
        5437
        5441
        5442
        5445
        5447
        5450
        5452
        5456
        5457
        5459
        5460
        5461
        5463
        5465
        5467
        5468
        5469
        5474
        5475
        5476
        5477
        5478
        5480
        5486
        5496
        5500
        5501
        5502
        5505
        5507
        5510
        5512
        5514
        5516
        5517
        5518
        5520
        5522
        5525
        5527
        5528
        5529
        5530
        5531
        5532
        5533
        5544
        5548
        5549
        5552
        5554
        5556
        5558
        5560
        5561
        5562
        5568
        5570
        5576
        5579
        5580
        5583
        5584
        5586
        5588
        5589
        5590
        5595
        5596
        5597
        5599
        5600
        5603
        5604
        5605
        5607
        5608
        5613
        5615
        5616
        5617
        5618
        5620
        5621
        5622
        5623
        5625
        5629
        5632
        5633
        5635
        5637
        5640
        5645
        5646
        5647
        5648
        5649
        5650
        5652
        5653
        5656
        5659
        5663
        5667
        5670
        5672
        5674
        5675
        5676
        5679
        5680
        5683
        5684
        5688
        5690
        5692
        5694
        5696
        5698
        5700
        5702
        5707
        5715
        5718
        5719
        5720
        5721
        5725
        5728
        5730
        5731
        5732
        5733
        5736
        5741
        5742
        5748
        5750
        5751
        5752
        5754
        5755
        5756
        5759
        5760
        5763
        5764
        5765
        5766
        5771
        5774
        5775
        5776
        5777
        5778
        5779
        5781
        5782
        5801
        5808
        5809
        5810
        5811
        5812
        5813
        5814
        5815
        5820
        5822
        5823
        5825
        5830
        5832
        5833
        5834
        5835
        5837
        5839
        5841
        5842
        5844
        5847
        5848
        5852
        5853
        5857
        5859
        5862
        5863
        5864
        5868
        5869
        5870
        5871
        5872
        5873
        5877
        5878
        5880
        5881
        5883
        5884
        5886
        5888
        5892
        5895
        5896
        5900
        5901
        5902
        5906
        5909
        5910
        5911
        5912
        5914
        5916
        5917
        5918
        5919
        5921
        5922
        5925
        5926
        5928
        5929
        5930
        5932
        5933
        5935
        5937
        5938
        5941
        5943
        5946
        5948
        5950
        5951
        5952
        5953
        5955
        5957
        5959
        5964
        5967
        5971
        5978
        5982
        5983
        5984
        5987
        5988
        5989
        5990
        5992
        5997
        5998
        6000
        6003
        6006
        6009
        6013
        6014
        6016
        6019
        6024
        6025
        6026
        6029
        6031
        6033
        6034
        6038
        6040
        6041
        6043
        6044
        6045
        6047
        6049
        6052
        6054
        6055
        6057
        6058
        6059
        6061
        6062
        6063
        6067
        6069
        6076
        6078
        6080
        6081
        6084
        6085
        6089
        6091
        6094
        6095
        6096
        6097
        6099
        6101
        6103
        6106
        6107
        6108
        6110
        6111
        6112
        6114
        6115
        6116
        6117
        6118
        6120
        6121
        6122
        6124
        6126
        6127
        6129
        6132
        6134
        6135
        6136
        6138
        6140
        6141
        6142
        6144
        6145
        6146
        6147
        6151
        6153
        6157
        6160
        6163
        6166
        6168
        6169
        6170
        6173
        6178
        6179
        6180
        6181
        6182
        6185
        6186
        6189
        6202
        6203
        6207
        6208
        6210
        6213
        6214
        6216
        6218
        6223
        6224
        6225
        6226
        6232
        6234
        6236
        6237
        6247
        6248
        6249
        6250
        6253
        6255
        6264
        6265
        6266
        6267
        6268
        6270
        6272
        6273
        6274
        6277
        6278
        6279
        6282
        6285
        6286
        6288
        6294
        6296
        6301
        6303
        6305
        6307
        6309
        6315
        6316
        6317
        6318
        6319
        6326
        6344
        6346
        6350
        6351
        6353
        6355
        6358
        6361
        6363
        6368
        6369
        6370
        6371
        6372
        6375
        6381
        6382
        6383
        6385
        6391
        6392
        6393
        6394
        6396
        6397
        6398
        6399
        6400
        6404
        6405
        6408
        6410
        6411
        6413
        6416
        6418
        6420
        6424
        6428
        6429
        6431
        6433
        6434
        6435
        6436
        6455
        6456
        6458
        6461
        6462
        6463
        6467
        6468
        6469
        6470
        6471
        6475
        6476
        6477
        6479
        6481
        6483
        6484
        6487
        6491
        6493
        6494
        6497
        6498
        6505
        6506
        6507
        6509
        6510
        6511
        6513
        6515
        6516
        6519
        6529
        6532
        6540
        6546
        6549
        6552
        6553
        6554
        6556
        6557
        6558
        6559
        6560
        6562
        6563
        6564
        6568
        6569
        6574
        6578
        6585
        6587
        6588
        6594
        6595
        6608
        6611
        6612
        6616
        6617
        6620
        6621
        6622
        6623
        6624
        6627
        6631
        6633
        6637
        6639
        6641
        6643
        6644
        6645
        6646
        6650
        6652
        6653
        6654
        6658
        6662
        6663
        6664
        6669
        6670
        6675
        6677
        6678
        6679
        6683
        6684
        6686
        6687
        6688
        6690
        6691
        6692
        6694
        6701
        6705
        6706
        6708
        6709
        6714
        6715
        6719
        6721
        6725
        6728
        6730
        6733
        6735
        6737
        6747
        6750
        6751
        6752
        6753
        6754
        6755
        6757
        6762
        6777
        6785
        6788
        6789
        6792
        6793
        6794
        6798
        6799
        6801
        6803
        6806
        6807
        6812
        6813
        6815
        6816
        6821
        6826
        6828
        6832
        6834
        6835
        6838
        6839
        6840
        6843
        6846
        6847
        6849
        6850
        6854
        6860
        6861
        6862
        6865
        6870
        6873
        6880
        6883
        6885
        6886
        6887
        6889
        6892
        6893
        6895
        6896
        6897
        6900
        6904
        6906
        6911
        6913
        6915
        6917
        6918
        6923
        6929
        6933
        6934
        6936
        6938
        6940
        6951
        6952
        6955
        6957
        6959
        6962
        6964
        6965
        6970
        6971
        6972
        6974
        6981
        6983
        6985
        6989
        6995
        6996
        6997
        6998
        7000
        7002
        7003
        7006
        7008
        7009
        7010
        7011
        7012
        7013
        7025
        7026
        7029
        7032
        7033
        7034
        7036
        7038
        7039
        7040
        7042
        7047
        7048
        7050
        7053
        7056
        7061
        7063
        7065
        7100
        7101
        7102
        7105
        7106
        7107
        7110
        7111
        7114
        7115
        7116
        7118
        7122
        7123
        7124
        7125
        7126
        7128
        7129
        7130
        7131
        7136
        7138
        7141
        7143
        7144
        7146
        7150
        7161
        7163
        7164
        7165
        7167
        7170
        7171
        7172
        7174
        7175
        7176
        7177
        7184
        7188
        7191
        7194
        7195
        7199
        7206
        7209
        7213
        7214
        7217
        7220
        7223
        7224
        7225
        7226
        7227
        7229
        7230
        7232
        7234
        7238
        7243
        7245
        7247
        7249
        7251
        7254
        7258
        7261
        7262
        7263
        7265
        7266
        7267
        7268
        7269
        7270
        7272
        7273
        7275
        7279
        7280
        7283
        7288
        7290
        7292
        7293
        7294
        7301
        7305
        7307
        7309
        7310
        7312
        7313
        7316
        7320
        7322
        7323
        7324
        7326
        7329
        7331
        7333
        7336
        7339
        7340
        7341
        7349
        7350
        7352
        7356
        7358
        7361
        7363
        7369
        7372
        7373
        7374
        7375
        7377
        7378
        7379
        7380
        7381
        7382
        7385
        7386
        7389
        7391
        7396
        7397
        7408
        7410
        7413
        7414
        7415
        7416
        7417
        7432
        7434
        7438
        7441
        7442
        7444
        7445
        7446
        7449
        7452
        7454
        7461
        7463
        7464
        7465
        7468
        7479
        7480
        7481
        7484
        7493
        7494
        7495
        7496
        7497
        7500
        7501
        7504
        7508
        7509
        7512
        7513
        7516
        7517
        7518
        7521
        7522
        7523
        7524
        7526
        7529
        7530
        7532
        7533
        7534
        7539
        7541
        7544
        7545
        7547
        7549
        7551
        7552
        7554
        7555
        7557
        7559
        7560
        7562
        7569
        7575
        7576
        7577
        7578
        7579
        7580
        7581
        7582
        7585
        7594
        7596
        7597
        7598
        7599
        7600
        7601
        7602
        7605
        7606
        7607
        7608
        7610
        7614
        7616
        7617
        7619
        7626
        7629
        7630
        7631
        7637
        7639
        7640
        7641
        7644
        7653
        7655
        7657
        7658
        7664
        7668
        7670
        7672
        7673
        7676
        7678
        7680
        7681
        7683
        7684
        7688
        7690
        7693
        7694
        7695
        7696
        7698
        7700
        7701
        7703
        7704
        7706
        7707
        7708
        7709
        7710
        7714
        7716
        7717
        7720
        7723
        7724
        7725
        7727
        7728
        7730
        7731
        7734
        7738
        7739
        7740
        7746
        7747
        7748
        7752
        7753
        7754
        7755
        7756
        7759
        7772
        7782
        7783
        7785
        7786
        7787
        7788
        7791
        7792
        7794
        7795
        7799
        7801
        7804
        7806
        7807
        7808
        7811
        7812
        7814
        7815
        7816
        7817
        7831
        7832
        7833
        7834
        7841
        7844
        7850
        7852
        7856
        7862
        7864
        7866
        7868
        7873
        7876
        7878
        7880
        7881
        7886
        7887
        7889
        7891
        7894
        7898
        7899
        7902
        7904
        7905
        7906
        7912
        7915
        7916
        7917
        7918
        7920
        7921
        7928
        7929
        7932
        7933
        7934
        7937
        7940
        7949
        7953
        7954
        7958
        7960
        7961
        7963
        7964
        7965
        7968
        7973
        7974
        7975
        7976
        7977
        7987
        7992
        7993
        7994
        7995
        7996
        7998
        8001
        8003
        8009
        8016
        8018
        8019
        8022
        8025
        8026
        8028
        8030
        8031
        8032
        8033
        8034
        8035
        8036
        8039
        8067
        8068
        8070
        8075
        8076
        8077
        8079
        8083
        8088
        8089
        8092
        8096
        8098
        8099
        8100
        8101
        8102
        8103
        8113
        8115
        8117
        8121
        8124
        8128
        8129
        8132
        8135
        8138
        8149
        8154
        8155
        8157
        8161
        8163
        8164
        8168
        8169
        8171
        8187
        8192
        8193
        8197
        8198
        8199
        8206
        8207
        8210
        8212
        8214
        8222
        8228
        8231
        8233
        8234
        8235
        8236
        8237
        8238
        8242
        8243
        8245
        8250
        8251
        8252
        8253
        8254
        8255
        8256
        8261
        8262
        8265
        8268
        8270
        8272
        8273
        8275
        8276
        8278
        8279
        8280
        8281
        8284
        8287
        8292
        8293
        8295
        8296
        8297
        8299
        8301
        8315
        8316
        8318
        8319
        8320
        8321
        8337
        8339
        8345
        8347
        8348
        8365
        8366
        8369
        8372
        8373
        8374
        8378
        8381
        8382
        8383
        8388
        8391
        8397
        8398
        8399
        8401
        8408
        8410
        8412
        8414
        8417
        8418
        8419
        8421
        8422
        8423
        8431
        8434
        8441
        8442
        8443
        8444
        8450
        8451
        8452
        8453
        8456
        8460
        8461
        8462
        8463
        8465
        8467
        8473
        8474
        8476
        8478
        8479
        8480
        8482
        8486
        8489
        8490
        8491
        8492
        8493
        8494
        8495
        8496
        8499
        8500
        8501
        8504
        8505
        8506
        8507
        8508
        8509
        8513
        8515
        8517
        8520
        8521
        8522
        8525
        8526
        8527
        8535
        8538
        8539
        8540
        8541
        8543
        8547
        8551
        8552
        8553
        8555
        8558
        8572
        8577
        8579
        8580
        8584
        8586
        8587
        8613
        8615
        8618
        8620
        8622
        8623
        8624
        8625
        8627
        8630
        8632
        8633
        8634
        8636
        8637
        8640
        8645
        8651
        8653
        8655
        8657
        8659
        8661
        8664
        8665
        8666
        8668
        8670
        8675
        8677
        8679
        8680
        8682
        8691
        8694
        8696
        8697
        8699
        8700
        8702
        8704
        8705
        8706
        8708
        8711
        8715
        8716
        8720
        8721
        8722
        8727
        8730
        8732
        8735
        8737
        8739
        8740
        8741
        8742
        8744
        8746
        8747
        8750
        8755
        8757
        8763
        8766
        8767
        8769
        8777
        8778
        8782
        8785
        8786
        8787
        8788
        8790
        8792
        8793
        8794
        8796
        8797
        8802
        8804
        8808
        8809
        8810
        8813
        8814
        8815
        8817
        8818
        8819
        8821
        8825
        8828
        8831
        8835
        8840
        8841
        8844
        8845
        8846
        8849
        8852
        8853
        8854
        8855
        8857
        8858
        8859
        8861
        8864
        8873
        8874
        8878
        8884
        8889
        8892
        8894
        8899
        8901
        8906
        8908
        8909
        8910
        8912
        8915
        8919
        8920
        8924
        8926
        8927
        8930
        8932
        8933
        8939
        8943
        8945
        8946
        8947
        8948
        8954
        8955
        8957
        8958
        8959
        8967
        8978
        8981
        8982
        8985
        8987
        8988
        8989
        8992
        8994
