        1
        6
        8
        9
        10
        12
        14
        15
        16
        19
        22
        24
        32
        36
        39
        44
        47
        48
        52
        53
        54
        55
        56
        62
        68
        69
        70
        71
        72
        74
        75
        76
        80
        82
        84
        85
        86
        87
        93
        95
        96
        97
        103
        106
        107
        108
        110
        111
        114
        116
        119
        120
        124
        125
        129
        131
        132
        134
        135
        136
        137
        140
        141
        143
        145
        147
        154
        158
        161
        166
        167
        168
        169
        170
        172
        173
        174
        175
        177
        188
        191
        193
        196
        197
        198
        204
        217
        220
        223
        229
        230
        231
        233
        236
        242
        244
        245
        246
        247
        248
        249
        251
        254
        257
        261
        264
        265
        268
        281
        283
        284
        287
        288
        292
        293
        294
        295
        307
        309
        311
        313
        314
        315
        316
        317
        318
        321
        323
        324
        325
        326
        330
        331
        338
        339
        341
        342
        345
        346
        347
        348
        350
        351
        355
        358
        359
        360
        363
        364
        366
        369
        370
        371
        372
        381
        383
        384
        388
        389
        390
        392
        393
        394
        395
        396
        400
        401
        402
        403
        404
        407
        408
        415
        416
        420
        422
        434
        436
        438
        439
        440
        441
        442
        444
        446
        448
        452
        453
        458
        461
        463
        468
        469
        470
        471
        472
        477
        478
        479
        489
        491
        493
        496
        497
        499
        501
        508
        515
        519
        524
        526
        527
        532
        535
        539
        545
        547
        548
        550
        551
        552
        554
        557
        559
        561
        568
        569
        574
        577
        579
        580
        582
        583
        589
        591
        593
        594
        595
        599
        600
        601
        602
        612
        613
        614
        616
        619
        623
        625
        627
        628
        630
        631
        632
        633
        634
        635
        636
        637
        638
        642
        643
        646
        647
        650
        656
        658
        664
        665
        668
        670
        675
        677
        680
        681
        684
        685
        687
        693
        695
        700
        701
        702
        703
        704
        707
        708
        709
        711
        715
        716
        722
        723
        724
        729
        730
        731
        732
        736
        737
        738
        739
        740
        752
        754
        760
        761
        763
        766
        770
        777
        778
        782
        783
        784
        786
        791
        792
        795
        799
        800
        802
        803
        806
        807
        808
        815
        816
        817
        818
        830
        833
        834
        835
        837
        839
        844
        845
        846
        849
        851
        852
        855
        856
        859
        860
        861
        862
        867
        870
        871
        874
        875
        876
        877
        878
        879
        882
        884
        885
        886
        887
        888
        891
        892
        893
        898
        899
        900
        903
        904
        905
        913
        917
        918
        921
        925
        926
        927
        928
        930
        937
        939
        941
        943
        948
        951
        957
        958
        963
        970
        972
        979
        981
        982
        983
        984
        994
        995
        997
        998
        999
        1001
        1003
        1004
        1006
        1012
        1013
        1014
        1022
        1024
        1025
        1032
        1033
        1034
        1035
        1036
        1037
        1039
        1045
        1046
        1058
        1060
        1072
        1073
        1075
        1078
        1079
        1080
        1083
        1084
        1085
        1087
        1089
        1096
        1102
        1103
        1105
        1107
        1108
        1109
        1110
        1112
        1113
        1117
        1119
        1121
        1126
        1128
        1131
        1133
        1134
        1135
        1141
        1142
        1143
        1147
        1151
        1152
        1154
        1156
        1157
        1158
        1161
        1162
        1164
        1169
        1172
        1173
        1179
        1181
        1191
        1193
        1195
        1197
        1202
        1204
        1207
        1209
        1210
        1211
        1213
        1217
        1218
        1219
        1222
        1223
        1224
        1225
        1227
        1229
        1233
        1236
        1240
        1242
        1243
        1244
        1248
        1252
        1253
        1258
        1259
        1261
        1267
        1268
        1270
        1272
        1273
        1274
        1275
        1276
        1278
        1279
        1282
        1283
        1285
        1286
        1287
        1289
        1292
        1293
        1296
        1297
        1300
        1302
        1303
        1310
        1312
        1313
        1316
        1318
        1319
        1323
        1331
        1333
        1339
        1341
        1342
        1344
        1347
        1349
        1350
        1353
        1355
        1356
        1357
        1359
        1360
        1362
        1363
        1364
        1365
        1366
        1369
        1370
        1372
        1382
        1383
        1384
        1389
        1391
        1400
        1401
        1405
        1407
        1414
        1416
        1417
        1424
        1425
        1426
        1430
        1432
        1434
        1435
        1441
        1444
        1445
        1446
        1448
        1458
        1460
        1461
        1462
        1463
        1464
        1465
        1467
        1470
        1473
        1474
        1475
        1476
        1479
        1482
        1485
        1486
        1492
        1493
        1500
        1501
        1503
        1505
        1506
        1512
        1514
        1515
        1517
        1519
        1525
        1529
        1531
        1533
        1534
        1536
        1537
        1540
        1542
        1543
        1545
        1548
        1549
        1553
        1554
        1556
        1558
        1561
        1563
        1564
        1568
        1570
        1576
        1577
        1578
        1581
        1584
        1586
        1587
        1588
        1589
        1592
        1594
        1596
        1598
        1602
        1604
        1605
        1609
        1611
        1613
        1616
        1617
        1619
        1620
        1623
        1624
        1626
        1627
        1628
        1630
        1633
        1639
        1640
        1641
        1642
        1646
        1648
        1651
        1652
        1656
        1661
        1671
        1673
        1674
        1675
        1676
        1684
        1685
        1687
        1689
        1691
        1695
        1698
        1699
        1701
        1710
        1711
        1712
        1716
        1720
        1721
        1725
        1726
        1730
        1731
        1735
        1736
        1738
        1740
        1742
        1743
        1748
        1751
        1752
        1754
        1755
        1756
        1762
        1763
        1766
        1768
        1770
        1772
        1773
        1775
        1776
        1778
        1779
        1780
        1782
        1787
        1788
        1790
        1792
        1794
        1796
        1799
        1801
        1802
        1804
        1805
        1811
        1816
        1818
        1819
        1824
        1827
        1829
        1831
        1833
        1835
        1837
        1839
        1841
        1844
        1849
        1853
        1856
        1857
        1859
        1860
        1861
        1863
        1864
        1866
        1871
        1880
        1882
        1884
        1888
        1891
        1893
        1895
        1897
        1899
        1902
        1910
        1911
        1912
        1913
        1915
        1917
        1919
        1921
        1923
        1925
        1930
        1931
        1932
        1933
        1934
        1935
        1939
        1941
        1942
        1943
        1944
        1945
        1946
        1952
        1954
        1955
        1956
        1959
        1962
        1963
        1970
        1973
        1975
        1977
        1980
        1983
        1984
        1989
        1993
        1994
        1998
        2000
        2003
        2004
        2005
        2010
        2013
        2014
        2016
        2017
        2018
        2022
        2023
        2024
        2027
        2029
        2037
        2040
        2042
        2044
        2045
        2046
        2048
        2049
        2050
        2052
        2055
        2057
        2058
        2059
        2061
        2066
        2067
        2070
        2071
        2073
        2074
        2075
        2077
        2085
        2087
        2090
        2092
        2094
        2098
        2099
        2101
        2102
        2103
        2110
        2111
        2112
        2113
        2115
        2117
        2119
        2121
        2122
        2126
        2131
        2133
        2135
        2142
        2145
        2147
        2149
        2153
        2157
        2158
        2159
        2160
        2163
        2164
        2165
        2167
        2168
        2173
        2174
        2178
        2180
        2183
        2187
        2188
        2189
        2190
        2192
        2194
        2196
        2199
        2200
        2202
        2203
        2205
        2206
        2207
        2211
        2213
        2215
        2218
        2220
        2222
        2223
        2225
        2226
        2233
        2241
        2243
        2244
        2246
        2249
        2252
        2253
        2257
        2258
        2261
        2262
        2264
        2266
        2267
        2270
        2272
        2273
        2275
        2277
        2278
        2279
        2281
        2282
        2284
        2286
        2287
        2290
        2292
        2295
        2298
        2300
        2302
        2303
        2305
        2310
        2311
        2314
        2317
        2318
        2319
        2321
        2326
        2329
        2336
        2342
        2344
        2345
        2346
        2347
        2355
        2360
        2361
        2365
        2366
        2370
        2372
        2373
        2374
        2378
        2380
        2386
        2387
        2391
        2392
        2394
        2397
        2399
        2400
        2401
        2404
        2411
        2412
        2414
        2415
        2416
        2420
        2421
        2422
        2423
        2424
        2425
        2428
        2429
        2432
        2433
        2434
        2437
        2438
        2440
        2441
        2442
        2444
        2445
        2446
        2450
        2453
        2454
        2457
        2462
        2466
        2471
        2473
        2475
        2477
        2483
        2484
        2487
        2490
        2491
        2493
        2494
        2496
        2499
        2502
        2503
        2504
        2505
        2508
        2513
        2514
        2521
        2532
        2536
        2538
        2541
        2543
        2545
        2546
        2549
        2554
        2559
        2561
        2566
        2569
        2571
        2572
        2577
        2585
        2591
        2602
        2603
        2608
        2611
        2613
        2616
        2617
        2619
        2620
        2621
        2623
        2628
        2630
        2633
        2634
        2635
        2643
        2649
        2651
        2655
        2656
        2657
        2661
        2662
        2663
        2664
        2666
        2669
        2670
        2671
        2672
        2673
        2674
        2676
        2677
        2678
        2693
        2694
        2703
        2704
        2705
        2706
        2707
        2709
        2710
        2713
        2716
        2720
        2723
        2730
        2732
        2733
        2734
        2736
        2738
        2740
        2742
        2745
        2747
        2752
        2753
        2755
        2757
        2762
        2763
        2764
        2765
        2766
        2767
        2768
        2771
        2773
        2776
        2786
        2788
        2790
        2791
        2793
        2798
        2800
        2812
        2816
        2817
        2818
        2819
        2820
        2822
        2823
        2824
        2825
        2827
        2831
        2833
        2836
        2837
        2842
        2846
        2848
        2849
        2852
        2855
        2856
        2858
        2861
        2864
        2865
        2876
        2878
        2879
        2884
        2893
        2898
        2899
        2900
        2903
        2908
        2909
        2910
        2913
        2918
        2919
        2925
        2926
        2927
        2943
        2950
        2951
        2956
        2961
        2962
        2964
        2966
        2967
        2968
        2975
        2981
        2983
        2985
        2988
        2989
        2993
        2995
        2996
        2998
        3000
        3002
        3004
        3007
        3009
        3010
        3013
        3015
        3018
        3019
        3021
        3023
        3025
        3027
        3030
        3031
        3035
        3045
        3055
        3056
        3061
        3064
        3067
        3071
        3076
        3078
        3086
        3088
        3090
        3095
        3096
        3099
        3109
        3111
        3113
        3114
        3115
        3116
        3127
        3134
        3139
        3142
        3146
        3152
        3154
        3157
        3160
        3167
        3168
        3176
        3177
        3178
        3179
        3182
        3184
        3185
        3187
        3189
        3190
        3197
        3200
        3202
        3204
        3208
        3209
        3212
        3216
        3220
        3224
        3225
        3226
        3227
        3230
        3231
        3233
        3234
        3235
        3237
        3239
        3240
        3241
        3242
        3245
        3247
        3248
        3249
        3250
        3251
        3253
        3260
        3261
        3262
        3269
        3271
        3273
        3275
        3276
        3279
        3280
        3281
        3283
        3284
        3290
        3294
        3296
        3298
        3307
        3310
        3311
        3313
        3317
        3318
        3326
        3330
        3331
        3332
        3335
        3336
        3337
        3339
        3343
        3346
        3347
        3348
        3353
        3354
        3355
        3357
        3361
        3364
        3367
        3369
        3373
        3378
        3379
        3380
        3381
        3382
        3383
        3390
        3397
        3403
        3410
        3413
        3417
        3419
        3421
        3423
        3426
        3427
        3429
        3431
        3432
        3433
        3436
        3437
        3438
        3439
        3440
        3442
        3443
        3445
        3446
        3449
        3450
        3451
        3452
        3453
        3454
        3463
        3465
        3466
        3467
        3470
        3472
        3477
        3478
        3485
        3493
        3494
        3495
        3496
        3497
        3498
        3503
        3508
        3511
        3515
        3519
        3520
        3524
        3526
        3527
        3529
        3531
        3532
        3533
        3536
        3538
        3539
        3540
        3541
        3543
        3544
        3550
        3551
        3555
        3556
        3559
        3567
        3568
        3569
        3572
        3577
        3583
        3586
        3590
        3598
        3605
        3611
        3612
        3613
        3615
        3616
        3619
        3626
        3627
        3630
        3631
        3632
        3636
        3638
        3639
        3641
        3643
        3648
        3650
        3651
        3652
        3654
        3658
        3662
        3666
        3669
        3672
        3677
        3678
        3679
        3680
        3690
        3692
        3693
        3695
        3696
        3699
        3700
        3702
        3705
        3708
        3709
        3711
        3712
        3714
        3715
        3716
        3718
        3719
        3720
        3727
        3729
        3731
        3732
        3742
        3744
        3757
        3760
        3762
        3763
        3766
        3769
        3770
        3772
        3773
        3774
        3779
        3780
        3781
        3786
        3791
        3794
        3796
        3800
        3802
        3803
        3805
        3808
        3809
        3813
        3814
        3819
        3825
        3827
        3831
        3834
        3838
        3840
        3842
        3845
        3851
        3859
        3860
        3861
        3866
        3868
        3869
        3871
        3877
        3883
        3885
        3887
        3889
        3891
        3893
        3894
        3900
        3917
        3921
        3927
        3928
        3930
        3931
        3932
        3933
        3934
        3935
        3937
        3939
        3947
        3949
        3959
        3960
        3965
        3966
        3970
        3976
        3984
        3997
        4000
        4003
        4006
        4008
        4009
        4022
        4024
        4026
        4028
        4029
        4032
        4038
        4039
        4040
        4042
        4044
        4051
        4053
        4056
        4057
        4058
        4060
        4066
        4068
        4069
        4076
        4080
        4083
        4084
        4085
        4087
        4088
        4090
        4092
        4096
        4098
        4100
        4102
        4103
        4107
        4108
        4110
        4112
        4114
        4115
        4116
        4127
        4129
        4136
        4137
        4138
        4153
        4157
        4158
        4164
        4166
        4167
        4171
        4173
        4174
        4175
        4183
        4188
        4190
        4192
        4195
        4197
        4202
        4205
        4206
        4208
        4209
        4213
        4214
        4215
        4216
        4220
        4222
        4224
        4228
        4230
        4231
        4232
        4235
        4240
        4241
        4243
        4245
        4246
        4247
        4248
        4252
        4256
        4259
        4260
        4261
        4262
        4263
        4266
        4267
        4274
        4275
        4276
        4277
        4292
        4293
        4297
        4299
        4314
        4321
        4323
        4324
        4326
        4329
        4331
        4335
        4340
        4346
        4348
        4351
        4358
        4360
        4361
        4365
        4366
        4368
        4370
        4372
        4373
        4378
        4379
        4380
        4392
        4393
        4411
        4412
        4413
        4415
        4416
        4420
        4422
        4425
        4430
        4435
        4439
        4441
        4445
        4446
        4448
        4451
        4452
        4458
        4459
        4470
        4471
        4473
        4474
        4477
        4482
        4484
        4486
        4487
        4491
        4494
        4495
        4498
        4499
        4503
        4507
        4509
        4515
        4520
        4521
        4523
        4524
        4527
        4528
        4531
        4534
        4535
        4537
        4538
        4541
        4542
        4543
        4544
        4547
        4548
        4550
        4551
        4552
        4553
        4569
        4575
        4577
        4578
        4579
        4580
        4581
        4583
        4584
        4588
        4589
        4590
        4591
        4592
        4593
        4600
        4603
        4606
        4608
        4609
        4617
        4619
        4620
        4624
        4629
        4631
        4634
        4638
        4639
        4641
        4644
        4646
        4653
        4660
        4662
        4663
        4665
        4671
        4672
        4674
        4677
        4679
        4682
        4683
        4684
        4686
        4687
        4689
        4690
        4692
        4695
        4698
        4699
        4719
        4722
        4725
        4726
        4727
        4728
        4730
        4731
        4733
        4735
        4742
        4750
        4754
        4756
        4757
        4760
        4762
        4763
        4764
        4766
        4767
        4768
        4769
        4771
        4773
        4774
        4775
        4780
        4783
        4787
        4792
        4794
        4795
        4799
        4800
        4801
        4804
        4806
        4807
        4808
        4819
        4825
        4826
        4827
        4830
        4831
        4833
        4835
        4838
        4841
        4842
        4845
        4846
        4864
        4873
        4874
        4875
        4899
        4903
        4905
        4907
        4912
        4914
        4918
        4920
        4921
        4925
        4930
        4931
        4932
        4934
        4935
        4936
        4937
        4942
        4946
        4948
        4949
        4953
        4955
        4956
        4957
        4961
        4964
        4966
        4967
        4968
        4969
        4972
        4974
        4975
        4978
        4979
        4981
        4986
        4989
        4996
        4998
        5002
        5006
        5008
        5009
        5011
        5013
        5017
        5018
        5020
        5025
        5027
        5028
        5029
        5030
        5035
        5037
        5038
        5039
        5043
        5044
        5046
        5055
        5057
        5069
        5072
        5073
        5074
        5075
        5077
        5080
        5081
        5086
        5088
        5090
        5100
        5112
        5113
        5116
        5121
        5139
        5141
        5142
        5143
        5144
        5149
        5150
        5151
        5155
        5156
        5158
        5161
        5162
        5164
        5165
        5166
        5168
        5169
        5171
        5175
        5177
        5178
        5179
        5181
        5184
        5187
        5189
        5190
        5193
        5195
        5203
        5205
        5207
        5208
        5211
        5214
        5218
        5223
        5224
        5226
        5232
        5233
        5238
        5239
        5244
        5247
        5248
        5253
        5259
        5262
        5275
        5276
        5278
        5279
        5280
        5281
        5284
        5289
        5292
        5294
        5295
        5297
        5299
        5307
        5310
        5311
        5313
        5320
        5321
        5322
        5328
        5332
        5339
        5341
        5348
        5349
        5350
        5351
        5355
        5356
        5357
        5358
        5359
        5360
        5361
        5364
        5366
        5367
        5368
        5369
        5371
        5372
        5377
        5383
        5387
        5391
        5395
        5397
        5399
        5400
        5401
        5404
        5405
        5407
        5411
        5412
        5414
        5417
        5421
        5422
        5426
        5428
        5434
        5435
        5439
        5441
        5446
        5447
        5449
        5450
        5452
        5455
        5457
        5460
        5463
        5464
        5468
        5469
        5472
        5475
        5476
        5477
        5488
        5493
        5496
        5497
        5499
        5501
        5502
        5503
        5505
        5507
        5508
        5515
        5521
        5523
        5524
        5532
        5534
        5537
        5538
        5541
        5542
        5548
        5549
        5551
        5554
        5557
        5558
        5559
        5561
        5562
        5563
        5564
        5565
        5567
        5573
        5574
        5575
        5577
        5578
        5585
        5591
        5593
        5601
        5603
        5606
        5609
        5610
        5611
        5614
        5615
        5616
        5617
        5619
        5620
        5621
        5624
        5626
        5634
        5635
        5637
        5638
        5640
        5642
        5644
        5646
        5647
        5648
        5649
        5651
        5652
        5653
        5654
        5656
        5657
        5659
        5661
        5662
        5664
        5666
        5667
        5668
        5670
        5671
        5678
        5679
        5682
        5684
        5688
        5692
        5695
        5698
        5699
        5700
        5701
        5707
        5709
        5711
        5716
        5718
        5719
        5720
        5722
        5723
        5725
        5726
        5727
        5731
        5737
        5739
        5741
        5742
        5744
        5746
        5752
        5764
        5765
        5766
        5767
        5787
        5790
        5792
        5794
        5796
        5798
        5799
        5802
        5804
        5805
        5806
        5811
        5812
        5814
        5815
        5816
        5817
        5818
        5823
        5825
        5830
        5836
        5837
        5838
        5839
        5841
        5843
        5845
        5848
        5849
        5852
        5853
        5854
        5855
        5858
        5865
        5867
        5871
        5872
        5873
        5875
        5876
        5877
        5878
        5879
        5881
        5882
        5883
        5885
        5886
        5887
        5890
        5894
        5902
        5905
        5907
        5916
        5917
        5919
        5922
        5924
        5931
        5936
        5938
        5939
        5941
        5942
        5944
        5950
        5953
        5954
        5955
        5956
        5957
        5958
        5959
        5960
        5961
        5968
        5971
        5972
        5974
        5976
        5977
        5982
        5985
        5987
        5991
        5993
        5995
        6006
        6007
        6021
        6027
        6029
        6032
        6034
        6036
        6037
        6040
        6045
        6048
        6050
        6051
        6053
        6055
        6056
        6062
        6065
        6069
        6076
        6079
        6080
        6081
        6084
        6088
        6089
        6090
        6092
        6093
        6098
        6101
        6102
        6107
        6109
        6111
        6116
        6117
        6118
        6123
        6126
        6127
        6128
        6131
        6133
        6134
        6138
        6144
        6149
        6158
        6159
        6163
        6165
        6166
        6167
        6171
        6184
        6185
        6186
        6190
        6194
        6195
        6202
        6206
        6207
        6209
        6210
        6211
        6213
        6215
        6219
        6235
        6236
        6239
        6240
        6242
        6243
        6246
        6248
        6251
        6252
        6258
        6273
        6277
        6279
        6283
        6285
        6306
        6312
        6313
        6325
        6326
        6328
        6329
        6331
        6335
        6337
        6339
        6341
        6343
        6345
        6347
        6348
        6349
        6352
        6361
        6367
        6369
        6372
        6376
        6379
        6385
        6386
        6387
        6389
        6390
        6393
        6394
        6395
        6396
        6404
        6410
        6412
        6413
        6416
        6417
        6425
        6430
        6431
        6432
        6433
        6436
        6438
        6442
        6444
        6446
        6449
        6458
        6461
        6462
        6467
        6474
        6476
        6477
        6478
        6483
        6486
        6490
        6498
        6500
        6502
        6505
        6506
        6507
        6508
        6509
        6513
        6514
        6516
        6517
        6519
        6522
        6527
        6531
        6540
        6541
        6542
        6545
        6547
        6548
        6549
        6555
        6556
        6558
        6561
        6563
        6570
        6571
        6572
        6573
        6574
        6578
        6581
        6583
        6584
        6587
        6589
        6590
        6596
        6597
        6599
        6600
        6604
        6605
        6607
        6610
        6612
        6619
        6620
        6621
        6622
        6623
        6624
        6625
        6627
        6640
        6641
        6643
        6644
        6645
        6647
        6648
        6649
        6663
        6664
        6667
        6670
        6672
        6674
        6676
        6677
        6685
        6687
        6688
        6692
        6695
        6696
        6697
        6698
        6700
        6702
        6704
        6705
        6707
        6712
        6716
        6717
        6719
        6722
        6723
        6727
        6731
        6733
        6738
        6740
        6741
        6742
        6743
        6744
        6746
        6747
        6751
        6754
        6755
        6756
        6759
        6764
        6765
        6767
        6768
        6769
        6772
        6774
        6775
        6780
        6781
        6783
        6784
        6845
        6846
        6847
        6848
        6851
        6852
        6853
        6854
        6855
        6856
        6857
        6859
        6863
        7272
        7278
        7281
        7282
        7283
        7284
        7285
        7291
        7292
        7293
        7294
        7298
        7299
        7301
        7303
        7304
        7305
        7306
        7307
        7308
        7312
        7313
        7315
        7316
        7317
        7318
        7319
        7322
        7324
        7325
        7326
        7328
        7329
        7330
        7331
        7334
        7335
        7336
        7340
        7342
        7346
        7348
        7352
        7353
        7354
        7356
        7358
        7359
        7361
        7363
        7364
        7365
        7366
        7368
        7369
        7370
        7371
        7372
        7373
        7374
        7377
        7378
        7380
        7382
        7385
        7386
        7391
        7394
        7396
        7398
        7400
        7401
        7408
        7410
        7411
        7415
        7416
        7417
        7418
        7421
        7424
        7426
        7430
        7431
        7434
        7437
        7439
        7440
        7446
        7447
        7449
        7450
        7452
        7453
        7455
        7456
        7457
        7459
        7461
        7462
        7463
        7468
        7469
        7470
        7471
        7474
        7476
        7485
        7490
        7492
        7493
        7494
        7495
        7496
        7497
        7499
        7504
        7507
        7511
        7513
        7514
        7516
        7523
        7535
        7536
        7539
        7546
        7554
        7556
        7558
        7560
        7563
        7564
        7565
        7566
        7568
        7570
        7571
        7573
        7574
        7580
        7583
        7587
        7589
        7590
        7593
        7595
        7596
        7605
        7606
        7611
        7612
        7613
        7614
        7615
        7620
        7627
        7632
        7646
        7649
        7651
        7658
        7659
        7663
        7666
        7669
        7671
        7672
        7675
        7677
        7680
        7683
        7685
        7686
        7687
        7688
        7689
        7706
        7707
        7708
        7709
        7710
        7716
        7717
        7718
        7729
        7731
        7732
        7735
        7736
        7737
        7739
        7743
        7744
        7745
        7749
        7750
        7751
        7752
        7755
        7757
        7758
        7759
        7760
        7761
        7762
        7765
        7767
        7770
        7771
        7772
        7774
        7775
        7776
        7777
        7778
        7785
        7795
        7797
        7799
        7801
        7805
        7806
        7807
        7808
        7811
        7812
        7813
        7816
        7824
        7831
        7842
        7843
        7844
        7845
        7846
        7847
        7848
        7859
        7860
        7862
        7864
        7869
        7870
        7872
        7876
        7885
        7889
        7892
        7902
        7905
        7907
        7908
        7910
        7912
        7914
        7916
        7919
        7929
        7933
        7935
        7939
        7943
        7945
        7946
        7947
        7949
        7950
        7952
        7953
        7956
        7957
        7958
        7960
        7962
        7967
        7969
        7970
        7971
        7974
        7975
        7978
        7980
        7981
        7982
        7983
        7984
        7985
        7986
        7987
        7989
        7993
        7997
        7998
        8000
        8011
        8016
        8019
        8020
        8021
        8023
        8025
        8027
        8029
        8032
        8034
        8037
        8040
        8042
        8043
        8047
        8049
        8053
        8055
        8056
        8058
        8060
        8062
        8074
        8075
        8077
        8078
        8079
        8080
        8081
        8083
        8087
        8089
        8091
        8095
        8097
        8098
        8100
        8101
        8103
        8104
        8105
        8106
        8117
        8119
        8120
        8125
        8127
        8133
        8135
        8137
        8141
        8144
        8150
        8153
        8158
        8159
        8165
        8167
        8169
        8178
        8180
        8183
        8185
        8186
        8187
        8189
        8190
        8192
        8193
        8194
        8195
        8196
        8197
        8199
        8201
        8202
        8203
        8205
        8206
        8207
        8208
        8209
        8210
        8211
        8212
        8213
        8214
        8219
        8220
        8223
        8224
        8225
        8227
        8230
        8231
        8232
        8234
        8235
        8237
        8239
        8244
        8248
        8249
        8252
        8254
        8255
        8257
        8260
        8262
        8267
        8273
        8274
        8277
        8278
        8280
        8281
        8286
        8287
        8289
        8290
        8291
        8293
        8294
        8295
        8297
        8300
        8301
        8302
        8306
        8307
        8310
        8311
        8313
        8316
        8317
        8319
        8320
        8321
        8322
        8325
        8329
        8331
        8332
        8333
        8335
        8337
        8338
        8340
        8345
        8346
        8349
        8354
        8355
        8357
        8358
        8359
        8360
        8368
        8370
        8371
        8372
        8373
        8376
        8377
        8378
        8380
        8381
        8383
        8384
        8386
        8394
        8398
        8399
        8400
        8401
        8405
        8408
        8411
        8412
        8414
        8415
        8416
        8417
        8419
        8422
        8429
        8430
        8434
        8438
        8439
        8440
        8444
        8446
        8449
        8451
        8452
        8453
        8454
        8456
        8460
        8464
        8469
        8476
        8478
        8481
        8483
        8484
        8486
        8490
        8491
        8492
        8493
        8494
        8496
        8497
        8501
        8507
        8508
        8510
        8512
        8516
        8519
        8520
        8522
        8524
        8525
        8529
        8530
        8532
        8535
        8536
        8538
        8539
        8540
        8541
        8543
        8544
        8549
        8551
        8553
        8562
        8563
        8566
        8567
        8568
        8569
        8572
        8574
        8582
        8593
        8595
        8596
        8598
        8599
        8602
        8603
        8606
        8608
        8611
        8612
        8616
        8618
        8619
        8621
        8623
        8625
        8632
        8634
        8644
        8647
        8650
        8652
        8653
        8654
        8659
        8661
        8664
        8665
        8668
        8670
        8677
        8678
        8680
        8681
        8682
        8685
        8686
        8694
        8696
        8706
        8707
        8708
        8710
        8711
        8713
        8716
        8717
        8718
        8720
        8722
        8724
        8732
        8733
        8735
        8738
        8739
        8751
        8753
        8756
        8757
        8758
        8759
        8760
        8761
        8763
        8764
        8765
        8766
        8770
        8772
        8773
        8774
        8776
        8787
        8790
        8792
        8799
        8800
        8801
        8802
        8803
        8810
        8811
        8812
        8813
        8814
        8816
        8817
        8821
        8825
        8826
        8827
        8828
        8829
        8830
        8831
        8834
        8836
        8837
        8841
        8844
        8847
        8848
        8849
        8850
        8851
        8852
        8853
        8854
        8855
        8858
        8860
        8865
        8869
        8871
        8876
        8879
        8881
        8888
        8889
        8894
        8898
        8900
        8902
        8903
        8904
        8906
        8907
        8908
        8909
        8915
        8924
        8935
        8937
        8939
        8940
        8944
        8945
        8946
        8947
        8948
        8949
        8952
        8953
        8954
        8957
        8960
        8961
        8965
        8967
        8968
        8971
        8972
        8973
        8975
        8977
        8978
        8979
        8980
        8982
        8983
        8984
        8986
        8987
