        3
        4
        6
        7
        8
        10
        11
        17
        18
        20
        21
        22
        23
        24
        39
        40
        48
        49
        50
        52
        53
        54
        55
        56
        60
        64
        68
        70
        75
        76
        85
        88
        90
        91
        93
        95
        96
        101
        103
        104
        105
        106
        109
        112
        116
        117
        122
        123
        125
        126
        130
        131
        135
        136
        138
        140
        143
        147
        151
        153
        154
        156
        157
        159
        160
        162
        163
        167
        168
        173
        175
        179
        181
        185
        189
        190
        198
        200
        201
        203
        204
        206
        215
        216
        219
        220
        221
        222
        223
        224
        233
        234
        235
        236
        237
        240
        241
        244
        245
        250
        251
        252
        253
        257
        258
        264
        277
        278
        280
        292
        293
        296
        297
        300
        302
        303
        305
        306
        309
        311
        312
        317
        318
        323
        324
        325
        329
        333
        334
        335
        338
        348
        351
        353
        356
        359
        360
        361
        363
        370
        371
        373
        374
        376
        379
        383
        384
        385
        387
        389
        390
        392
        393
        397
        400
        402
        404
        406
        408
        409
        413
        418
        430
        431
        432
        433
        434
        435
        436
        445
        446
        447
        449
        452
        453
        457
        458
        460
        465
        467
        469
        474
        482
        484
        485
        490
        491
        493
        495
        498
        500
        504
        505
        506
        507
        509
        513
        514
        518
        521
        522
        527
        529
        530
        533
        534
        537
        542
        543
        544
        545
        548
        551
        553
        554
        560
        561
        563
        564
        565
        566
        567
        568
        569
        573
        576
        578
        579
        580
        583
        584
        591
        594
        597
        601
        610
        612
        618
        620
        622
        624
        625
        627
        628
        629
        630
        631
        632
        633
        634
        636
        637
        638
        641
        642
        643
        645
        646
        647
        655
        656
        659
        666
        667
        668
        670
        673
        676
        681
        689
        692
        697
        698
        700
        703
        709
        710
        713
        717
        718
        719
        720
        724
        725
        726
        727
        729
        730
        732
        733
        734
        736
        737
        740
        741
        745
        747
        750
        767
        772
        774
        776
        779
        786
        790
        798
        800
        802
        807
        809
        810
        813
        814
        816
        817
        823
        825
        826
        827
        828
        831
        832
        833
        835
        836
        837
        838
        839
        840
        841
        842
        847
        849
        850
        855
        856
        857
        858
        859
        860
        862
        863
        864
        865
        869
        871
        873
        879
        885
        887
        888
        890
        893
        904
        913
        918
        919
        922
        923
        929
        934
        935
        939
        941
        942
        944
        945
        950
        951
        952
        955
        956
        957
        959
        961
        963
        965
        968
        969
        971
        972
        974
        979
        983
        987
        988
        989
        990
        995
        996
        998
        999
        1001
        1002
        1003
        1004
        1005
        1006
        1007
        1008
        1011
        1012
        1014
        1015
        1016
        1017
        1023
        1025
        1028
        1029
        1030
        1031
        1032
        1035
        1037
        1039
        1041
        1042
        1053
        1055
        1056
        1058
        1059
        1060
        1061
        1063
        1065
        1066
        1067
        1068
        1069
        1070
        1071
        1077
        1078
        1080
        1082
        1092
        1094
        1096
        1100
        1102
        1105
        1115
        1122
        1124
        1129
        1131
        1134
        1136
        1138
        1143
        1147
        1148
        1153
        1156
        1161
        1165
        1167
        1172
        1173
        1175
        1176
        1177
        1178
        1185
        1187
        1189
        1191
        1196
        1199
        1200
        1202
        1204
        1205
        1206
        1207
        1209
        1213
        1216
        1217
        1218
        1220
        1221
        1222
        1224
        1237
        1239
        1240
        1241
        1242
        1250
        1252
        1254
        1257
        1258
        1260
        1263
        1266
        1269
        1270
        1280
        1281
        1286
        1289
        1291
        1293
        1294
        1295
        1296
        1297
        1300
        1312
        1316
        1331
        1332
        1337
        1340
        1341
        1342
        1345
        1346
        1357
        1359
        1361
        1370
        1376
        1389
        1395
        1401
        1402
        1408
        1409
        1410
        1414
        1415
        1416
        1417
        1420
        1421
        1423
        1425
        1427
        1430
        1432
        1434
        1436
        1439
        1440
        1441
        1444
        1445
        1446
        1450
        1451
        1452
        1453
        1454
        1458
        1463
        1464
        1466
        1470
        1471
        1472
        1473
        1478
        1482
        1486
        1489
        1497
        1498
        1499
        1500
        1501
        1503
        1505
        1506
        1508
        1510
        1512
        1514
        1515
        1516
        1518
        1519
        1524
        1533
        1534
        1535
        1536
        1537
        1539
        1540
        1541
        1543
        1550
        1551
        1556
        1557
        1558
        1564
        1566
        1567
        1568
        1569
        1586
        1589
        1593
        1597
        1600
        1602
        1605
        1608
        1611
        1613
        1614
        1615
        1616
        1617
        1618
        1620
        1626
        1627
        1629
        1630
        1636
        1638
        1640
        1641
        1642
        1643
        1645
        1646
        1647
        1648
        1649
        1650
        1651
        1654
        1658
        1663
        1665
        1666
        1667
        1668
        1671
        1674
        1675
        1681
        1684
        1685
        1686
        1688
        1689
        1692
        1693
        1694
        1696
        1697
        1698
        1702
        1703
        1704
        1705
        1707
        1708
        1709
        1710
        1713
        1715
        1716
        1719
        1720
        1721
        1725
        1733
        1739
        1740
        1741
        1742
        1745
        1747
        1751
        1754
        1757
        1760
        1768
        1773
        1778
        1781
        1789
        1791
        1796
        1815
        1818
        1820
        1822
        1823
        1824
        1827
        1829
        1830
        1834
        1836
        1837
        1838
        1840
        1841
        1842
        1849
        1850
        1862
        1864
        1869
        1871
        1879
        1886
        1888
        1890
        1891
        1895
        1902
        1903
        1904
        1907
        1912
        1913
        1916
        1921
        1922
        1924
        1926
        1928
        1929
        1932
        1933
        1936
        1937
        1939
        1941
        1942
        1943
        1945
        1950
        1951
        1952
        1953
        1955
        1960
        1964
        1966
        1967
        1968
        1969
        1970
        1976
        1986
        1987
        1988
        1989
        1991
        1993
        1994
        1995
        1998
        2000
        2001
        2003
        2007
        2008
        2011
        2013
        2014
        2017
        2025
        2026
        2027
        2028
        2029
        2030
        2041
        2048
        2049
        2050
        2051
        2057
        2061
        2064
        2066
        2067
        2069
        2076
        2079
        2080
        2081
        2082
        2096
        2097
        2101
        2102
        2103
        2104
        2105
        2106
        2123
        2127
        2141
        2143
        2147
        2152
        2153
        2155
        2156
        2159
        2161
        2162
        2165
        2177
        2181
        2186
        2188
        2189
        2192
        2196
        2199
        2202
        2204
        2214
        2215
        2216
        2217
        2218
        2219
        2220
        2221
        2228
        2229
        2230
        2232
        2233
        2234
        2236
        2237
        2238
        2239
        2247
        2253
        2260
        2262
        2263
        2264
        2265
        2266
        2268
        2269
        2270
        2271
        2274
        2279
        2285
        2286
        2287
        2288
        2290
        2291
        2292
        2305
        2311
        2316
        2318
        2322
        2325
        2329
        2330
        2331
        2332
        2333
        2334
        2339
        2343
        2344
        2348
        2350
        2354
        2355
        2357
        2358
        2359
        2360
        2364
        2366
        2367
        2371
        2373
        2374
        2376
        2383
        2388
        2389
        2390
        2391
        2397
        2400
        2404
        2406
        2408
        2410
        2412
        2414
        2421
        2434
        2437
        2439
        2441
        2443
        2445
        2446
        2447
        2448
        2449
        2450
        2451
        2455
        2456
        2461
        2464
        2467
        2468
        2469
        2471
        2472
        2474
        2475
        2476
        2477
        2480
        2481
        2482
        2485
        2486
        2489
        2500
        2504
        2505
        2506
        2507
        2510
        2511
        2514
        2517
        2524
        2528
        2529
        2534
        2535
        2536
        2537
        2539
        2541
        2554
        2559
        2561
        2564
        2567
        2570
        2574
        2576
        2578
        2581
        2582
        2584
        2586
        2587
        2588
        2598
        2599
        2600
        2601
        2604
        2609
        2610
        2613
        2615
        2619
        2620
        2621
        2622
        2623
        2624
        2627
        2628
        2629
        2630
        2633
        2634
        2637
        2639
        2646
        2650
        2652
        2656
        2657
        2661
        2663
        2665
        2670
        2671
        2672
        2673
        2674
        2675
        2680
        2685
        2688
        2689
        2692
        2694
        2696
        2702
        2705
        2707
        2711
        2712
        2713
        2716
        2720
        2727
        2729
        2732
        2736
        2738
        2739
        2740
        2741
        2742
        2744
        2746
        2747
        2750
        2755
        2757
        2758
        2759
        2760
        2771
        2772
        2773
        2778
        2779
        2782
        2784
        2795
        2797
        2800
        2803
        2805
        2808
        2809
        2812
        2813
        2814
        2823
        2824
        2829
        2830
        2831
        2832
        2833
        2835
        2836
        2838
        2840
        2841
        2847
        2848
        2849
        2851
        2853
        2863
        2878
        2884
        2886
        2893
        2894
        2896
        2900
        2905
        2907
        2909
        2910
        2911
        2912
        2913
        2915
        2916
        2917
        2918
        2919
        2920
        2921
        2924
        2925
        2927
        2928
        2929
        2931
        2934
        2938
        2939
        2940
        2943
        2947
        2948
        2952
        2954
        2955
        2958
        2959
        2961
        2962
        2986
        2994
        2997
        3001
        3005
        3007
        3010
        3012
        3013
        3015
        3016
        3017
        3021
        3022
        3023
        3028
        3029
        3031
        3032
        3034
        3038
        3041
        3045
        3047
        3048
        3049
        3051
        3056
        3060
        3067
        3070
        3071
        3072
        3073
        3074
        3079
        3081
        3082
        3083
        3096
        3102
        3105
        3107
        3108
        3109
        3113
        3118
        3119
        3120
        3121
        3131
        3134
        3135
        3139
        3140
        3142
        3143
        3144
        3145
        3148
        3149
        3150
        3152
        3154
        3155
        3157
        3158
        3159
        3160
        3162
        3163
        3165
        3166
        3167
        3170
        3171
        3173
        3178
        3182
        3184
        3185
        3186
        3188
        3189
        3193
        3197
        3199
        3200
        3201
        3207
        3208
        3209
        3210
        3212
        3213
        3214
        3221
        3224
        3225
        3226
        3227
        3229
        3230
        3235
        3237
        3238
        3239
        3241
        3242
        3246
        3247
        3248
        3249
        3251
        3252
        3253
        3254
        3255
        3256
        3259
        3264
        3270
        3271
        3279
        3280
        3281
        3282
        3283
        3284
        3290
        3292
        3293
        3295
        3299
        3300
        3302
        3304
        3305
        3307
        3308
        3309
        3311
        3312
        3313
        3316
        3318
        3321
        3324
        3325
        3326
        3332
        3337
        3343
        3346
        3348
        3349
        3351
        3354
        3355
        3356
        3357
        3358
        3360
        3365
        3367
        3371
        3376
        3381
        3384
        3388
        3392
        3393
        3396
        3397
        3398
        3400
        3401
        3402
        3403
        3404
        3405
        3414
        3415
        3417
        3420
        3423
        3425
        3426
        3427
        3431
        3432
        3435
        3437
        3438
        3443
        3444
        3445
        3454
        3458
        3459
        3460
        3462
        3463
        3464
        3465
        3466
        3468
        3470
        3476
        3480
        3481
        3488
        3492
        3493
        3498
        3501
        3503
        3504
        3513
        3522
        3524
        3525
        3526
        3531
        3534
        3537
        3539
        3541
        3543
        3544
        3549
        3551
        3552
        3554
        3567
        3569
        3570
        3571
        3574
        3577
        3579
        3580
        3583
        3588
        3590
        3592
        3594
        3595
        3597
        3598
        3599
        3601
        3604
        3606
        3607
        3608
        3609
        3610
        3612
        3615
        3616
        3617
        3618
        3619
        3620
        3622
        3623
        3625
        3630
        3634
        3636
        3637
        3638
        3639
        3642
        3643
        3644
        3645
        3647
        3648
        3650
        3655
        3657
        3658
        3660
        3664
        3666
        3667
        3669
        3671
        3677
        3678
        3681
        3682
        3683
        3707
        3714
        3716
        3717
        3718
        3720
        3721
        3722
        3723
        3724
        3725
        3727
        3729
        3731
        3732
        3733
        3738
        3742
        3745
        3747
        3754
        3755
        3756
        3758
        3775
        3776
        3777
        3783
        3786
        3787
        3788
        3794
        3795
        3796
        3797
        3798
        3799
        3800
        3801
        3804
        3805
        3807
        3808
        3809
        3810
        3812
        3813
        3814
        3816
        3817
        3836
        3837
        3839
        3840
        3846
        3848
        3849
        3851
        3855
        3857
        3861
        3864
        3865
        3866
        3867
        3870
        3871
        3872
        3874
        3875
        3876
        3877
        3878
        3879
        3880
        3882
        3887
        3889
        3890
        3891
        3894
        3896
        3900
        3902
        3903
        3904
        3906
        3910
        3912
        3921
        3922
        3924
        3928
        3935
        3936
        3939
        3940
        3949
        3950
        3951
        3952
        3953
        3954
        3957
        3960
        3962
        3963
        3964
        3965
        3966
        3967
        3971
        3972
        3973
        3975
        3977
        3981
        3983
        3984
        3985
        3986
        3990
        3991
        3992
        3994
        3996
        3999
        4000
        4002
        4004
        4009
        4015
        4016
        4018
        4023
        4024
        4026
        4027
        4029
        4031
        4033
        4035
        4037
        4039
        4042
        4043
        4048
        4049
        4050
        4052
        4055
        4056
        4060
        4067
        4069
        4070
        4072
        4073
        4075
        4080
        4082
        4083
        4084
        4086
        4087
        4089
        4093
        4095
        4096
        4098
        4102
        4103
        4104
        4105
        4106
        4120
        4126
        4129
        4132
        4133
        4134
        4135
        4136
        4137
        4138
        4142
        4143
        4147
        4148
        4149
        4152
        4153
        4162
        4167
        4168
        4169
        4170
        4171
        4172
        4173
        4174
        4175
        4178
        4179
        4180
        4181
        4183
        4185
        4193
        4197
        4199
        4200
        4201
        4202
        4211
        4218
        4221
        4223
        4224
        4225
        4227
        4228
        4229
        4230
        4236
        4237
        4238
        4239
        4246
        4247
        4249
        4250
        4251
        4254
        4266
        4267
        4270
        4271
        4273
        4274
        4275
        4276
        4277
        4278
        4279
        4280
        4282
        4283
        4286
        4288
        4289
        4290
        4291
        4302
        4305
        4306
        4307
        4311
        4327
        4328
        4330
        4333
        4334
        4337
        4338
        4339
        4353
        4356
        4357
        4363
        4365
        4368
        4373
        4380
        4381
        4383
        4384
        4385
        4391
        4393
        4394
        4395
        4401
        4402
        4403
        4409
        4410
        4411
        4412
        4417
        4419
        4420
        4422
        4425
        4426
        4427
        4430
        4433
        4434
        4447
        4451
        4452
        4453
        4455
        4472
        4478
        4479
        4480
        4482
        4484
        4485
        4487
        4491
        4494
        4496
        4499
        4500
        4501
        4508
        4509
        4510
        4516
        4517
        4521
        4525
        4527
        4528
        4530
        4531
        4532
        4535
        4537
        4538
        4541
        4545
        4549
        4550
        4554
        4555
        4556
        4563
        4565
        4569
        4570
        4575
        4576
        4578
        4579
        4582
        4585
        4586
        4587
        4588
        4591
        4592
        4595
        4596
        4597
        4605
        4609
        4630
        4632
        4634
        4639
        4640
        4641
        4643
        4649
        4652
        4659
        4661
        4666
        4674
        4678
        4683
        4685
        4689
        4698
        4700
        4701
        4704
        4705
        4707
        4718
        4719
        4720
        4721
        4724
        4725
        4726
        4728
        4729
        4735
        4736
        4737
        4739
        4750
        4752
        4753
        4757
        4762
        4763
        4766
        4767
        4768
        4769
        4772
        4773
        4774
        4775
        4780
        4781
        4782
        4783
        4787
        4791
        4792
        4793
        4794
        4795
        4801
        4807
        4808
        4817
        4821
        4833
        4834
        4839
        4841
        4843
        4845
        4846
        4848
        4859
        4860
        4862
        4864
        4868
        4870
        4871
        4876
        4877
        4878
        4897
        4899
        4902
        4903
        4906
        4917
        4920
        4922
        4923
        4926
        4931
        4932
        4934
        4935
        4936
        4941
        4946
        4950
        4952
        4955
        4961
        4963
        4970
        4972
        4974
        4975
        4976
        4977
        4978
        4979
        4980
        4987
        4988
        4994
        5000
        5004
        5011
        5012
        5016
        5018
        5019
        5020
        5024
        5025
        5030
        5034
        5036
        5040
        5041
        5042
        5043
        5046
        5048
        5049
        5050
        5051
        5052
        5054
        5057
        5060
        5064
        5065
        5068
        5070
        5072
        5075
        5077
        5078
        5079
        5083
        5085
        5087
        5089
        5095
        5096
        5098
        5099
        5103
        5105
        5107
        5108
        5111
        5112
        5115
        5116
        5117
        5122
        5125
        5126
        5129
        5130
        5142
        5144
        5146
        5147
        5148
        5151
        5153
        5160
        5164
        5167
        5168
        5170
        5171
        5173
        5174
        5176
        5177
        5178
        5180
        5184
        5192
        5194
        5203
        5209
        5211
        5212
        5214
        5216
        5218
        5220
        5223
        5224
        5225
        5228
        5230
        5242
        5244
        5256
        5258
        5259
        5260
        5264
        5265
        5267
        5268
        5275
        5276
        5278
        5279
        5288
        5289
        5290
        5291
        5293
        5295
        5298
        5299
        5301
        5304
        5305
        5306
        5308
        5310
        5311
        5313
        5316
        5317
        5319
        5320
        5323
        5324
        5326
        5329
        5333
        5349
        5354
        5356
        5361
        5365
        5367
        5369
        5371
        5372
        5373
        5377
        5378
        5383
        5385
        5386
        5388
        5389
        5390
        5394
        5397
        5398
        5404
        5405
        5407
        5408
        5409
        5410
        5411
        5414
        5418
        5423
        5427
        5431
        5433
        5434
        5435
        5436
        5437
        5442
        5443
        5445
        5448
        5449
        5452
        5455
        5456
        5457
        5463
        5464
        5465
        5466
        5467
        5468
        5469
        5471
        5472
        5474
        5476
        5479
        5483
        5485
        5492
        5494
        5496
        5497
        5499
        5501
        5508
        5510
        5517
        5520
        5521
        5523
        5525
        5527
        5529
        5530
        5531
        5533
        5535
        5538
        5540
        5545
        5546
        5551
        5552
        5553
        5554
        5557
        5560
        5563
        5564
        5567
        5568
        5569
        5572
        5574
        5575
        5577
        5581
        5582
        5583
        5585
        5586
        5589
        5590
        5591
        5595
        5596
        5598
        5601
        5604
        5606
        5607
        5608
        5610
        5613
        5614
        5619
        5620
        5621
        5624
        5625
        5626
        5633
        5634
        5635
        5642
        5643
        5645
        5647
        5651
        5654
        5655
        5658
        5660
        5661
        5662
        5665
        5669
        5670
        5675
        5676
        5677
        5681
        5683
        5685
        5686
        5687
        5689
        5691
        5692
        5696
        5697
        5700
        5701
        5702
        5704
        5705
        5708
        5709
        5710
        5712
        5713
        5714
        5719
        5721
        5724
        5725
        5729
        5730
        5732
        5739
        5740
        5743
        5746
        5747
        5748
        5750
        5753
        5754
        5755
        5756
        5759
        5760
        5761
        5762
        5764
        5765
        5766
        5768
        5769
        5772
        5773
        5774
        5788
        5791
        5793
        5794
        5797
        5799
        5800
        5801
        5806
        5811
        5813
        5817
        5819
        5821
        5823
        5825
        5827
        5830
        5831
        5833
        5834
        5837
        5838
        5841
        5844
        5846
        5850
        5851
        5857
        5859
        5867
        5868
        5871
        5872
        5874
        5877
        5878
        5881
        5882
        5885
        5892
        5894
        5895
        5897
        5898
        5900
        5903
        5904
        5906
        5909
        5912
        5914
        5916
        5918
        5921
        5922
        5923
        5924
        5926
        5931
        5932
        5934
        5935
        5938
        5940
        5942
        5946
        5962
        5965
        5967
        5969
        5970
        5973
        5974
        5975
        5976
        5977
        5978
        5979
        5982
        5983
        5985
        5988
        5993
        5995
        5997
        5999
        6000
        6008
        6010
        6011
        6013
        6014
        6017
        6018
        6019
        6020
        6021
        6023
        6025
        6027
        6028
        6029
        6033
        6036
        6038
        6045
        6046
        6049
        6052
        6053
        6055
        6056
        6057
        6058
        6061
        6066
        6068
        6073
        6074
        6076
        6081
        6091
        6092
        6093
        6094
        6096
        6097
        6102
        6108
        6109
        6111
        6112
        6115
        6118
        6119
        6120
        6121
        6127
        6132
        6133
        6134
        6135
        6137
        6139
        6140
        6141
        6142
        6143
        6144
        6145
        6147
        6149
        6152
        6154
        6155
        6158
        6166
        6167
        6171
        6172
        6173
        6180
        6184
        6186
        6190
        6193
        6194
        6195
        6200
        6201
        6202
        6203
        6207
        6208
        6209
        6210
        6216
        6217
        6219
        6229
        6230
        6232
        6237
        6238
        6239
        6244
        6245
        6247
        6250
        6252
        6255
        6257
        6258
        6259
        6260
        6262
        6265
        6267
        6269
        6271
        6272
        6273
        6276
        6277
        6278
        6284
        6285
        6287
        6295
        6304
        6309
        6310
        6313
        6319
        6321
        6323
        6324
        6325
        6326
        6327
        6328
        6330
        6331
        6333
        6337
        6339
        6340
        6343
        6345
        6354
        6355
        6363
        6368
        6369
        6370
        6374
        6378
        6379
        6380
        6382
        6387
        6388
        6390
        6393
        6394
        6395
        6397
        6403
        6404
        6406
        6407
        6408
        6409
        6413
        6414
        6415
        6418
        6419
        6420
        6421
        6422
        6424
        6425
        6428
        6430
        6432
        6433
        6434
        6435
        6436
        6439
        6440
        6441
        6444
        6445
        6446
        6448
        6451
        6452
        6457
        6460
        6464
        6474
        6479
        6485
        6486
        6487
        6488
        6494
        6496
        6498
        6499
        6501
        6503
        6507
        6509
        6510
        6511
        6514
        6515
        6516
        6520
        6521
        6524
        6533
        6536
        6540
        6544
        6546
        6550
        6551
        6553
        6556
        6557
        6558
        6559
        6560
        6563
        6565
        6566
        6567
        6568
        6569
        6570
        6571
        6573
        6575
        6577
        6578
        6579
        6581
        6584
        6586
        6590
        6591
        6592
        6594
        6595
        6597
        6598
        6601
        6607
        6613
        6617
        6620
        6628
        6630
        6635
        6641
        6642
        6643
        6644
        6668
        6669
        6672
        6673
        6674
        6683
        6697
        6698
        6699
        6700
        6701
        6707
        6708
        6718
        6729
        6734
        6736
        6737
        6739
        6740
        6741
        6744
        6749
        6750
        6755
        6756
        6758
        6761
        6762
        6764
        6766
        6768
        6770
        6771
        6772
        6773
        6775
        6777
        6780
        6790
        6794
        6796
        6798
        6801
        6802
        6803
        6806
        6814
        6816
        6820
        6825
        6828
        6832
        6834
        6836
        6838
        6839
        6843
        6845
        6847
        6851
        6852
        6856
        6859
        6864
        6867
        6869
        6870
        6871
        6877
        6878
        6880
        6885
        6889
        6891
        6895
        6896
        6899
        6901
        6902
        6909
        6910
        6914
        6918
        6920
        6921
        6922
        6923
        6925
        6926
        6927
        6928
        6930
        6943
        6944
        6951
        6952
        6958
        6960
        6961
        6963
        6967
        6968
        6969
        6971
        6972
        6979
        6981
        6982
        6983
        6985
        6987
        6990
        6992
        6994
        7001
        7014
        7016
        7018
        7021
        7024
        7027
        7030
        7035
        7036
        7037
        7039
        7040
        7041
        7043
        7045
        7047
        7051
        7066
        7069
        7070
        7071
        7072
        7076
        7077
        7080
        7081
        7082
        7084
        7091
        7092
        7093
        7094
        7095
        7104
        7109
        7110
        7111
        7112
        7117
        7118
        7121
        7129
        7130
        7133
        7135
        7137
        7138
        7139
        7141
        7145
        7146
        7147
        7148
        7150
        7151
        7152
        7153
        7155
        7163
        7170
        7171
        7172
        7173
        7174
        7177
        7178
        7183
        7185
        7191
        7200
        7201
        7206
        7207
        7208
        7209
        7210
        7211
        7212
        7214
        7222
        7226
        7229
        7236
        7238
        7244
        7245
        7249
        7250
        7251
        7253
        7254
        7255
        7256
        7258
        7259
        7261
        7266
        7268
        7269
        7274
        7276
        7279
        7283
        7284
        7287
        7289
        7291
        7292
        7294
        7296
        7297
        7298
        7302
        7303
        7304
        7308
        7309
        7314
        7316
        7318
        7319
        7320
        7322
        7328
        7329
        7330
        7331
        7333
        7335
        7336
        7341
        7342
        7343
        7344
        7347
        7349
        7352
        7353
        7355
        7358
        7360
        7361
        7362
        7380
        7384
        7386
        7387
        7388
        7389
        7390
        7391
        7392
        7393
        7398
        7399
        7401
        7402
        7403
        7406
        7407
        7408
        7413
        7419
        7420
        7423
        7430
        7431
        7434
        7435
        7437
        7439
        7441
        7444
        7446
        7448
        7449
        7451
        7455
        7456
        7457
        7458
        7459
        7460
        7461
        7462
        7464
        7479
        7480
        7482
        7484
        7488
        7489
        7491
        7492
        7493
        7494
        7495
        7503
        7504
        7505
        7509
        7510
        7519
        7521
        7528
        7529
        7533
        7534
        7536
        7537
        7539
        7540
        7542
        7549
        7553
        7554
        7555
        7556
        7557
        7558
        7559
        7561
        7565
        7569
        7572
        7573
        7574
        7575
        7576
        7582
        7583
        7584
        7593
        7598
        7600
        7602
        7605
        7606
        7608
        7610
        7613
        7615
        7617
        7618
        7622
        7624
        7626
        7628
        7629
        7632
        7633
        7635
        7636
        7637
        7638
        7642
        7648
        7650
        7651
        7652
        7653
        7655
        7658
        7663
        7664
        7665
        7667
        7668
        7669
        7670
        7702
        7705
        7706
        7708
        7710
        7711
        7712
        7715
        7720
        7722
        7723
        7724
        7725
        7727
        7743
        7747
        7749
        7752
        7757
        7761
        7765
        7766
        7767
        7769
        7770
        7771
        7772
        7773
        7774
        7775
        7780
        7781
        7782
        7785
        7786
        7787
        7788
        7793
        7796
        7820
        7821
        7823
        7827
        7835
        7837
        7839
        7847
        7849
        7851
        7855
        7858
        7859
        7860
        7866
        7867
        7868
        7869
        7871
        7872
        7873
        7875
        7880
        7881
        7882
        7883
        7884
        7885
        7886
        7888
        7889
        7890
        7891
        7893
        7894
        7896
        7901
        7903
        7904
        7906
        7910
        7913
        7914
        7915
        7916
        7918
        7919
        7920
        7923
        7924
        7926
        7927
        7933
        7936
        7938
        7945
        7950
        7954
        7959
        7961
        7964
        7965
        7973
        7976
        7978
        7979
        7980
        7984
        7990
        7992
        7997
        7998
        8001
        8002
        8003
        8009
        8013
        8014
        8017
        8018
        8023
        8024
        8026
        8027
        8028
        8040
        8041
        8042
        8043
        8044
        8046
        8049
        8055
        8056
        8058
        8060
        8062
        8066
        8067
        8068
        8070
        8071
        8072
        8074
        8075
        8077
        8078
        8079
        8083
        8084
        8085
        8091
        8094
        8099
        8103
        8108
        8112
        8115
        8116
        8117
        8118
        8119
        8121
        8125
        8127
        8130
        8135
        8136
        8137
        8138
        8141
        8142
        8143
        8144
        8145
        8147
        8151
        8153
        8156
        8163
        8166
        8168
        8174
        8176
        8179
        8180
        8185
        8186
        8188
        8192
        8194
        8195
        8196
        8201
        8203
        8207
        8209
        8210
        8211
        8214
        8218
        8220
        8221
        8222
        8225
        8230
        8231
        8233
        8234
        8238
        8239
        8240
        8242
        8243
        8254
        8256
        8261
        8270
        8274
        8277
        8281
        8294
        8298
        8299
        8301
        8305
        8306
        8310
        8317
        8319
        8323
        8324
        8325
        8326
        8328
        8331
        8332
        8333
        8337
        8338
        8340
        8341
        8345
        8350
        8351
        8353
        8358
        8359
        8364
        8378
        8381
        8383
        8389
        8390
        8393
        8400
        8401
        8402
        8408
        8411
        8412
        8413
        8417
        8422
        8424
        8426
        8427
        8433
        8434
        8435
        8436
        8438
        8439
        8440
        8445
        8447
        8450
        8451
        8452
        8453
        8455
        8457
        8458
        8465
        8469
        8471
        8473
        8474
        8476
        8482
        8491
        8493
        8500
        8509
        8513
        8514
        8516
        8520
        8522
        8524
        8526
        8531
        8534
        8536
        8539
        8546
        8553
        8555
        8579
        8581
        8588
        8590
        8593
        8595
        8597
        8605
        8607
        8608
        8610
        8612
        8614
        8615
        8616
        8617
        8618
        8619
        8620
        8621
        8622
        8623
        8624
        8625
        8626
        8627
        8628
        8629
        8630
        8632
        8634
        8643
        8647
        8649
        8651
        8653
        8654
        8655
        8661
        8662
        8663
        8668
        8669
        8670
        8673
        8674
        8677
        8678
        8679
        8684
        8686
        8688
        8692
        8706
        8707
        8708
        8714
        8725
        8740
        8741
        8742
        8750
        8752
        8753
        8754
        8755
        8757
        8758
        8759
        8763
        8764
        8765
        8779
        8780
        8781
        8787
        8792
        8795
        8797
        8798
        8803
        8805
        8812
        8813
        8818
        8821
        8825
        8826
        8828
        8838
        8839
        8840
        8843
        8846
        8848
        8854
        8861
        8862
        8863
        8864
        8865
        8868
        8880
        8882
        8883
        8885
        8888
        8889
        8892
        8894
        8897
        8898
        8899
        8900
        8902
        8903
        8906
        8908
        8911
        8913
        8914
        8915
        8916
        8918
        8920
        8923
        8924
        8925
        8927
        8929
        8930
        8933
        8935
        8936
        8937
        8942
        8943
        8945
        8946
        8947
        8948
        8950
        8951
        8955
        8959
        8960
        8963
        8966
        8967
        8969
        8970
        8971
        8974
        8977
        8979
        8983
        8985
        8989
        8991
        8993
        8994
        8995
        8997
