        5
        8
        9
        11
        12
        15
        16
        18
        20
        23
        29
        30
        34
        36
        39
        42
        57
        62
        76
        82
        90
        95
        96
        102
        112
        117
        138
        140
        143
        146
        148
        154
        157
        161
        170
        172
        179
        180
        181
        185
        188
        189
        195
        198
        199
        204
        208
        210
        211
        213
        222
        227
        233
        235
        236
        247
        252
        260
        284
        288
        289
        297
        299
        302
        305
        311
        312
        313
        314
        315
        316
        317
        318
        327
        331
        336
        343
        351
        361
        362
        366
        367
        368
        371
        372
        377
        378
        380
        384
        391
        401
        406
        407
        414
        416
        420
        421
        430
        439
        446
        452
        453
        454
        456
        458
        460
        466
        467
        472
        474
        488
        494
        512
        515
        519
        520
        521
        544
        545
        546
        547
        548
        551
        581
        585
        586
        589
        614
        615
        616
        618
        637
        643
        646
        647
        648
        652
        656
        660
        663
        665
        669
        670
        672
        673
        680
        694
        695
        697
        720
        721
        724
        727
        739
        741
        743
        744
        747
        748
        750
        753
        756
        760
        772
        780
        784
        786
        789
        804
        823
        824
        827
        835
        852
        883
        897
        899
        901
        905
        907
        919
        921
        924
        928
        949
        950
        952
        954
        959
        964
        968
        970
        971
        972
        977
        983
        986
        992
        993
        1013
        1015
        1018
        1023
        1036
        1044
        1047
        1048
        1055
        1057
        1060
        1063
        1064
        1066
        1067
        1103
        1107
        1109
        1111
        1114
        1129
        1130
        1134
        1151
        1159
        1161
        1164
        1167
        1169
        1172
        1188
        1192
        1193
        1197
        1206
        1211
        1221
        1223
        1224
        1225
        1226
        1227
        1229
        1230
        1232
        1239
        1244
        1252
        1253
        1260
        1261
        1264
        1269
        1282
        1286
        1287
        1295
        1297
        1299
        1308
        1310
        1315
        1318
        1319
        1333
        1337
        1341
        1350
        1351
        1357
        1358
        1362
        1364
        1373
        1374
        1378
        1388
        1399
        1402
        1406
        1414
        1417
        1420
        1430
        1433
        1435
        1439
        1442
        1447
        1448
        1449
        1451
        1453
        1454
        1459
        1473
        1474
        1478
        1482
        1483
        1484
        1490
        1491
        1515
        1516
        1519
        1522
        1523
        1524
        1533
        1535
        1544
        1545
        1557
        1559
        1586
        1615
        1632
        1636
        1641
        1647
        1655
        1658
        1677
        1680
        1691
        1695
        1703
        1705
        1707
        1710
        1733
        1737
        1738
        1740
        1772
        1774
        1781
        1783
        1784
        1789
        1792
        1816
        1821
        1823
        1828
        1829
        1830
        1853
        1855
        1856
        1861
        1862
        1863
        1868
        1870
        1874
        1877
        1880
        1881
        1894
        1895
        1896
        1904
        1905
        1908
        1925
        1929
        1933
        1947
        1948
        1957
        1979
        1981
        1990
        2010
        2015
        2045
        2047
        2075
        2076
        2081
        2083
        2094
        2124
        2153
        2170
        2173
        2179
        2181
        2183
        2187
        2189
        2190
        2241
        2242
        2243
        2258
        2260
        2277
        2280
        2281
        2302
        2303
        2305
        2336
        2337
        2339
        2344
        2350
        2352
        2357
        2365
        2380
        2391
        2407
        2416
        2422
        2437
        2459
        2460
        2511
        2516
        2540
        2554
        2577
        2591
        2592
        2622
        2631
        2636
        2637
        2657
        2660
        2672
        2677
        2705
        2743
        2760
        2801
        2808
        2812
        2866
        2877
        2901
        2903
        2904
        2916
        2923
        2951
        2966
        2969
        2977
        2988
        2994
        3005
        3010
        3012
        3025
        3041
        3140
        3145
        3159
        3165
        3196
        3198
        3236
        3247
        3298
        3323
        3353
        3371
        3381
        3418
        3430
        3443
        3444
        3445
        3448
        3467
        3536
        3541
        3569
        3576
        3579
        3600
        3615
        3618
        3638
        3651
        3659
        3661
        3672
        3685
        3689
        3696
        3701
        3702
        3711
        3712
        3716
        3737
        3738
        3740
        3745
        3766
        3767
        3781
        3783
        3794
        3814
        3834
        3859
        3869
        3874
        3877
        3893
        3906
        3910
        3915
        3955
        3962
        3964
        3974
        3979
        3982
        3991
        4005
        4013
        4050
        4052
        4055
        4065
        4093
        4095
        4116
        4117
        4119
        4122
        4142
        4145
        4147
        4167
        4173
        4175
        4178
        4184
        4185
        4218
        4221
        4226
        4266
        4268
        4276
        4278
        4280
        4289
        4392
        4399
        4400
        4406
        4411
        4421
        4436
        4439
        4440
        4468
        4470
        4486
        4490
        4491
        4502
        4524
        4566
        4595
        4600
        4617
        4622
        4637
        4640
        4648
        4651
        4664
        4669
        4671
        4681
        4692
        4715
        4760
        4764
        4768
        4801
        4806
        4809
        4833
        4847
        4888
        4916
        4948
        4990
        4998
        5017
        5021
        5067
        5088
        5089
        5105
        5119
        5121
        5125
        5133
        5134
        5145
        5151
        5181
        5187
        5188
        5211
        5221
        5236
        5253
        5254
        5261
        5296
        5314
        5315
        5316
        5332
        5380
        5386
        5433
        5487
        5491
        5495
        5499
        5513
        5515
        5521
        5543
        5545
        5608
        5624
        5628
        5652
        5654
        5671
        5672
        5703
        5783
        5790
        5792
        5807
        5820
        5860
        5872
        5876
        5922
        5926
        5939
        5965
        5966
        5974
        5976
        5980
        5988
        6009
        6019
        6023
        6040
        6044
        6056
        6065
        6066
        6083
        6091
        6131
        6145
        6175
        6194
        6212
        6213
        6224
        6226
        6258
        6278
        6306
        6310
        6319
        6320
        6327
        6334
        6353
        6354
        6369
        6371
        6387
        6430
        6432
        6435
        6436
        6449
        6469
        6479
        6482
        6485
        6502
        6503
        6504
        6506
        6507
        6529
        6549
        6570
        6572
        6583
        6586
        6619
        6623
        6626
        6629
        6668
        6670
        6677
        6681
        6684
        6706
        6709
        6731
        6777
        6782
        6785
        6786
        6790
        6792
        6821
        6846
        6858
        6868
        6871
        6917
        6925
        6939
        6945
        6950
        6957
        6958
        6961
        6962
        6969
        6990
        7006
        7007
        7016
        7017
        7019
        7021
        7032
        7065
        7066
        7067
        7071
        7073
        7097
        7098
        7124
        7126
        7168
        7173
        7184
        7188
        7194
        7222
        7230
        7236
        7255
        7277
        7284
        7292
        7313
        7319
        7323
        7326
        7338
        7350
        7354
        7363
        7374
        7380
        7382
        7385
        7391
        7393
        7410
        7439
        7520
        7524
        7525
        7547
        7550
        7562
        7573
        7576
        7601
        7607
        7621
        7652
        7662
        7664
        7670
        7674
        7686
        7687
        7737
        7740
        7757
        7786
        7794
        7816
        7840
        7843
        7847
        7849
        7852
        7920
        7923
        7953
        7962
        7968
        7971
        7978
        7983
        8041
        8043
        8074
        8076
        8080
        8090
        8095
        8100
        8130
        8135
        8160
        8176
        8186
        8193
        8197
        8214
        8220
        8235
        8238
        8244
        8245
        8251
        8255
        8262
        8284
        8286
        8300
        8301
        8316
        8327
        8332
        8337
        8341
        8353
        8361
        8404
        8411
        8420
        8423
        8426
        8427
        8439
        8441
        8444
        8450
        8452
        8477
        8493
        8497
        8501
        8506
        8512
        8529
        8552
        8554
        8555
        8562
        8564
        8569
        8573
        8610
        8635
        8641
        8642
        8651
        8662
        8665
        8666
        8682
        8688
        8690
        8696
        8729
        8757
        8758
        8760
        8761
        8783
        8786
        8818
        8819
        8828
        8840
        8843
        8844
        8859
        8878
        8887
        8895
        8900
        8903
        8907
        8908
        8910
        8913
        8915
        8922
        8924
        8931
        8936
        8940
        8943
        8954
        8958
        8959
        8974
        8984
        8989
        8997
