        32
        56
        68
        75
        102
        115
        123
        146
        156
        181
        211
        266
        303
        306
        324
        328
        393
        510
        524
        589
        611
        644
        662
        678
        696
        718
        755
        781
        787
        867
        909
        942
        1015
        1017
        1023
        1104
        1120
        1125
        1141
        1175
        1177
        1186
        1195
        1206
        1215
        1229
        1274
        1331
        1333
        1347
        1348
        1359
        1360
        1361
        1377
        1382
        1423
        1427
        1432
        1492
        1535
        1539
        1540
        1546
        1551
        1555
        1559
        1565
        1585
        1589
        1592
        1603
        1611
        1613
        1625
        1626
        1684
        1706
        1712
        1719
        1724
        1732
        1735
        1744
        1756
        1769
        1774
        1783
        1784
        1787
        1791
        1805
        1820
        1828
        1838
        1841
        1857
        1881
        1897
        1899
        1932
        1934
        1936
        1941
        1959
        1995
        2017
        2023
        2048
        2052
        2063
        2114
        2182
        2222
        2223
        2231
        2234
        2243
        2249
        2264
        2275
        2313
        2321
        2322
        2339
        2340
        2349
        2352
        2372
        2383
        2387
        2389
        2396
        2397
        2441
        2454
        2459
        2475
        2501
        2504
        2519
        2523
        2531
        2577
        2579
        2590
        2604
        2608
        2611
        2615
        2634
        2647
        2655
        2682
        2684
        2691
        2696
        2702
        2719
        2746
        2752
        2765
        2774
        2780
        2787
        2790
        2798
        2804
        2806
        2820
        2824
        2833
        2835
        2839
        2870
        2873
        2874
        2889
        2896
        2928
        2938
        2948
        2949
        2954
        3000
        3014
        3039
        3060
        3065
        3085
        3098
        3109
        3117
        3123
        3128
        3138
        3148
        3178
        3182
        3200
        3201
        3204
        3206
        3209
        3217
        3221
        3229
        3252
        3271
        3273
        3277
        3290
        3292
        3295
        3320
        3327
        3338
        3346
        3350
        3360
        3379
        3384
        3400
        3403
        3410
        3412
        3441
        3451
        3460
        3483
        3487
        3489
        3492
        3507
        3512
        3540
        3549
        3569
        3577
        3582
        3592
        3596
        3598
        3600
        3601
        3611
        3623
        3647
        3656
        3659
        3664
        3669
        3674
        3675
        3677
        3685
        3705
        3714
        3718
        3722
        3733
        3740
        3765
        3775
        3776
        3793
        3795
        3801
        3804
        3814
        3815
        3821
        3825
        3829
        3834
        3838
        3841
        3851
        3853
        3861
        3884
        3892
        3899
        3907
        3915
        3925
        3927
        3928
        3932
        3937
        3941
        3944
        3946
        3948
        3960
        3963
        3969
        3970
        3972
        3982
        4020
        4026
        4030
        4035
        4047
        4058
        4065
        4083
        4087
        4092
        4094
        4099
        4104
        4119
        4121
        4123
        4133
        4140
        4141
        4146
        4154
        4164
        4168
        4174
        4183
        4187
        4189
        4194
        4200
        4202
        4204
        4209
        4216
        4223
        4232
        4236
        4245
        4270
        4276
        4293
        4299
        4302
        4304
        4307
        4310
        4321
        4328
        4329
        4337
        4353
        4355
        4359
        4367
        4372
        4377
        4385
        4386
        4393
        4406
        4429
        4434
        4438
        4440
        4444
        4445
        4446
        4451
        4452
        4460
        4465
        4473
        4476
        4477
        4479
        4480
        4481
        4483
        4485
        4488
        4492
        4493
        4507
        4510
        4515
        4523
        4528
        4538
        4539
        4547
        4548
        4550
        4553
        4557
        4559
        4561
        4563
        4593
        4598
        4605
        4609
        4623
        4625
        4626
        4628
        4631
        4640
        4645
        4648
        4649
        4653
        4657
        4659
        4664
        4671
        4685
        4687
        4689
        4698
        4700
        4704
        4705
        4708
        4712
        4713
        4714
        4716
        4720
        4724
        4732
        4733
        4734
        4736
        4745
        4748
        4755
        4758
        4765
        4767
        4777
        4780
        4783
        4798
        4804
        4807
        4816
        4828
        4831
        4836
        4838
        4847
        4866
        4873
        4879
        4889
        4898
        4907
        4908
        4913
        4914
        4917
        4921
        4933
        4942
        4950
        4952
        4954
        4963
        4966
        4973
        4981
        4987
        4991
        4998
        5010
        5011
        5013
        5017
        5019
        5022
        5024
        5037
        5050
        5058
        5059
        5060
        5063
        5079
        5085
        5088
        5089
        5091
        5092
        5098
        5103
        5115
        5117
        5126
        5137
        5140
        5146
        5151
        5153
        5160
        5163
        5166
        5172
        5178
        5180
        5184
        5191
        5193
        5195
        5196
        5198
        5200
        5204
        5210
        5221
        5223
        5227
        5239
        5243
        5244
        5250
        5256
        5258
        5277
        5281
        5287
        5303
        5304
        5305
        5307
        5315
        5316
        5323
        5340
        5342
        5343
        5344
        5345
        5346
        5349
        5354
        5360
        5363
        5368
        5372
        5373
        5379
        5380
        5381
        5384
        5385
        5396
        5400
        5405
        5411
        5417
        5419
        5420
        5425
        5433
        5435
        5452
        5457
        5464
        5467
        5468
        5478
        5481
        5494
        5496
        5498
        5504
        5513
        5520
        5522
        5527
        5528
        5531
        5534
        5535
        5546
        5553
        5555
        5559
        5561
        5565
        5569
        5572
        5573
        5580
        5581
        5584
        5589
        5598
        5605
        5610
        5616
        5621
        5629
        5636
        5637
        5645
        5651
        5655
        5666
        5681
        5682
        5685
        5688
        5707
        5711
        5716
        5718
        5722
        5723
        5727
        5730
        5735
        5737
        5741
        5748
        5749
        5754
        5759
        5766
        5768
        5781
        5782
        5787
        5790
        5792
        5794
        5795
        5800
        5802
        5805
        5807
        5811
        5823
        5826
        5829
        5843
        5847
        5858
        5861
        5864
        5876
        5879
        5881
        5882
        5889
        5896
        5899
        5901
        5906
        5913
        5917
        5921
        5923
        5925
        5926
        5929
        5933
        5935
        5946
        5949
        5954
        5955
        5962
        5965
        5971
        5977
        5985
        5989
        5991
        5992
        5993
        5994
        5995
        6002
        6008
        6010
        6012
        6013
        6019
        6032
        6039
        6041
        6047
        6048
        6059
        6076
        6077
        6079
        6080
        6081
        6085
        6092
        6103
        6106
        6107
        6115
        6117
        6118
        6132
        6133
        6135
        6142
        6146
        6160
        6161
        6163
        6165
        6172
        6178
        6181
        6198
        6204
        6206
        6209
        6212
        6218
        6222
        6224
        6231
        6239
        6245
        6251
        6255
        6256
        6257
        6262
        6268
        6273
        6278
        6288
        6291
        6292
        6295
        6297
        6301
        6303
        6304
        6307
        6314
        6318
        6324
        6328
        6332
        6338
        6341
        6349
        6354
        6356
        6360
        6364
        6366
        6374
        6377
        6379
        6383
        6386
        6393
        6394
        6395
        6402
        6403
        6411
        6414
        6419
        6421
        6422
        6424
        6429
        6430
        6431
        6434
        6438
        6443
        6444
        6447
        6459
        6460
        6464
        6473
        6474
        6478
        6499
        6513
        6517
        6518
        6527
        6533
        6536
        6539
        6553
        6559
        6561
        6573
        6575
        6578
        6582
        6586
        6587
        6589
        6591
        6599
        6605
        6608
        6613
        6625
        6632
        6633
        6640
        6647
        6650
        6657
        6662
        6675
        6687
        6688
        6696
        6703
        6706
        6714
        6715
        6717
        6723
        6728
        6735
        6747
        6758
        6759
        6769
        6775
        6776
        6782
        6792
        6798
        6802
        6808
        6814
        6816
        6818
        6831
        6841
        6845
        6852
        6854
        6860
        6864
        6866
        6871
        6879
        6889
        6892
        6899
        6904
        6912
        6921
        6933
        6934
        6938
        6939
        6943
        6944
        6949
        6954
        6967
        6968
        6972
        6985
        6986
        6988
        6997
        7015
        7017
        7019
        7024
        7028
        7033
        7050
        7060
        7067
        7079
        7093
        7103
        7106
        7113
        7116
        7126
        7131
        7139
        7143
        7153
        7155
        7160
        7171
        7172
        7179
        7181
        7185
        7188
        7189
        7198
        7201
        7207
        7224
        7240
        7255
        7258
        7271
        7275
        7284
        7290
        7302
        7306
        7308
        7310
        7312
        7321
        7322
        7325
        7328
        7336
        7343
        7345
        7346
        7349
        7352
        7353
        7356
        7364
        7370
        7372
        7377
        7388
        7389
        7398
        7400
        7407
        7412
        7415
        7416
        7424
        7425
        7426
        7428
        7429
        7445
        7453
        7456
        7460
        7464
        7465
        7467
        7479
        7482
        7484
        7485
        7490
        7491
        7494
        7503
        7508
        7511
        7512
        7517
        7521
        7522
        7524
        7535
        7537
        7539
        7545
        7550
        7551
        7558
        7564
        7574
        7580
        7585
        7586
        7589
        7592
        7595
        7596
        7607
        7614
        7616
        7621
        7623
        7632
        7635
        7638
        7651
        7652
        7653
        7656
        7663
        7670
        7671
        7673
        7679
        7680
        7682
        7690
        7695
        7701
        7703
        7707
        7710
        7711
        7712
        7715
        7719
        7726
        7733
        7738
        7741
        7743
        7748
        7760
        7771
        7779
        7780
        7781
        7784
        7785
        7793
        7795
        7805
        7810
        7811
        7819
        7820
        7822
        7825
        7831
        7833
        7853
        7868
        7872
        7885
        7886
        7895
        7896
        7901
        7904
        7915
        7917
        7924
        7946
        7949
        7959
        7963
        8000
        8001
        8009
        8011
        8019
        8022
        8041
        8044
        8046
        8050
        8058
        8068
        8070
        8074
        8091
        8100
        8108
        8115
        8125
        8127
        8140
        8145
        8147
        8153
        8154
        8160
        8162
        8168
        8169
        8170
        8190
        8221
        8229
        8231
        8248
        8253
        8261
        8281
        8288
        8292
        8324
        8328
        8329
        8330
        8331
        8332
        8343
        8348
        8378
        8381
        8384
        8392
        8395
        8399
        8404
        8412
        8432
        8437
        8439
        8449
        8457
        8461
        8481
        8486
        8499
        8500
        8503
        8504
        8506
        8509
        8515
        8518
        8521
        8542
        8543
        8548
        8550
        8555
        8572
        8573
        8576
        8578
        8584
        8585
        8587
        8589
        8591
        8617
        8621
        8627
        8629
        8638
        8647
        8654
        8658
        8659
        8667
        8670
        8677
        8688
        8690
        8692
        8695
        8699
        8705
        8706
        8715
        8722
        8735
        8738
        8741
        8758
        8767
        8771
        8774
        8776
        8780
        8790
        8798
        8809
        8810
        8814
        8841
        8842
        8845
        8847
        8849
        8865
        8866
        8880
        8881
        8897
        8899
        8916
        8920
        8931
        8944
        8952
        8958
        8959
        8964
        8969
