        5
        18
        19
        20
        21
        24
        27
        28
        31
        33
        43
        47
        53
        57
        65
        85
        97
        104
        106
        109
        113
        118
        125
        134
        140
        149
        151
        164
        165
        166
        179
        188
        189
        192
        197
        204
        208
        213
        214
        234
        240
        243
        245
        247
        257
        263
        271
        275
        282
        288
        291
        295
        301
        307
        311
        337
        347
        362
        378
        379
        381
        392
        394
        396
        402
        404
        406
        414
        417
        421
        422
        443
        445
        455
        460
        462
        470
        475
        486
        490
        496
        499
        506
        529
        532
        539
        542
        545
        558
        564
        578
        589
        590
        592
        594
        601
        603
        606
        612
        615
        635
        643
        644
        648
        654
        655
        664
        667
        670
        671
        686
        708
        713
        718
        721
        722
        723
        727
        737
        739
        751
        759
        764
        766
        771
        773
        781
        784
        795
        800
        805
        809
        812
        823
        824
        829
        835
        838
        841
        847
        850
        852
        856
        859
        869
        870
        879
        880
        885
        889
        892
        896
        907
        914
        921
        936
        962
        967
        988
        991
        996
        1010
        1018
        1034
        1037
        1039
        1047
        1067
        1095
        1102
        1112
        1113
        1123
        1131
        1134
        1135
        1136
        1140
        1141
        1142
        1144
        1146
        1149
        1151
        1154
        1158
        1161
        1164
        1167
        1168
        1185
        1187
        1192
        1221
        1235
        1237
        1244
        1247
        1256
        1276
        1277
        1288
        1294
        1296
        1307
        1318
        1331
        1337
        1339
        1349
        1360
        1364
        1365
        1373
        1377
        1380
        1382
        1387
        1419
        1424
        1430
        1437
        1438
        1445
        1456
        1458
        1460
        1463
        1464
        1472
        1480
        1484
        1486
        1497
        1501
        1509
        1512
        1520
        1527
        1537
        1540
        1541
        1572
        1577
        1588
        1590
        1594
        1598
        1602
        1618
        1619
        1622
        1623
        1635
        1641
        1645
        1647
        1650
        1665
        1700
        1715
        1723
        1729
        1741
        1746
        1750
        1761
        1771
        1773
        1779
        1790
        1793
        1794
        1809
        1820
        1827
        1832
        1833
        1836
        1842
        1859
        1862
        1865
        1869
        1874
        1877
        1883
        1898
        1908
        1921
        1937
        1942
        1951
        1953
        1958
        1968
        1976
        1978
        1980
        1983
        1989
        1992
        1993
        2011
        2018
        2022
        2035
        2037
        2047
        2070
        2072
        2080
        2081
        2082
        2088
        2094
        2099
        2102
        2105
        2106
        2109
        2110
        2119
        2121
        2146
        2148
        2157
        2161
        2170
        2200
        2209
        2210
        2214
        2216
        2217
        2220
        2224
        2232
        2234
        2235
        2249
        2256
        2262
        2272
        2281
        2290
        2296
        2299
        2305
        2309
        2311
        2318
        2322
        2324
        2338
        2340
        2344
        2350
        2353
        2361
        2364
        2379
        2393
        2396
        2408
        2412
        2414
        2420
        2436
        2453
        2457
        2467
        2469
        2480
        2482
        2488
        2493
        2506
        2530
        2532
        2552
        2557
        2567
        2581
        2589
        2592
        2602
        2608
        2610
        2620
        2623
        2625
        2628
        2640
        2645
        2649
        2651
        2665
        2673
        2676
        2684
        2694
        2711
        2714
        2726
        2728
        2736
        2741
        2752
        2755
        2757
        2764
        2773
        2776
        2797
        2806
        2817
        2835
        2840
        2842
        2851
        2854
        2855
        2862
        2865
        2870
        2875
        2882
        2887
        2891
        2893
        2898
        2905
        2908
        2910
        2911
        2916
        2918
        2927
        2931
        2932
        2936
        2941
        2943
        2950
        2955
        2975
        2983
        2987
        2991
        2993
        2995
        3004
        3020
        3021
        3026
        3039
        3043
        3044
        3045
        3052
        3054
        3066
        3068
        3069
        3070
        3077
        3078
        3080
        3081
        3088
        3095
        3113
        3115
        3121
        3127
        3133
        3135
        3136
        3141
        3151
        3174
        3175
        3179
        3184
        3192
        3204
        3206
        3218
        3236
        3242
        3252
        3263
        3265
        3269
        3271
        3274
        3279
        3291
        3303
        3304
        3317
        3323
        3327
        3329
        3331
        3334
        3341
        3346
        3357
        3361
        3386
        3391
        3402
        3424
        3425
        3429
        3436
        3441
        3442
        3447
        3451
        3452
        3454
        3455
        3458
        3465
        3468
        3477
        3487
        3490
        3494
        3496
        3499
        3508
        3510
        3514
        3524
        3531
        3538
        3542
        3543
        3546
        3548
        3550
        3566
        3567
        3570
        3576
        3585
        3596
        3599
        3607
        3613
        3616
        3620
        3621
        3623
        3628
        3637
        3642
        3643
        3646
        3647
        3648
        3658
        3661
        3664
        3667
        3674
        3679
        3684
        3707
        3722
        3751
        3759
        3766
        3768
        3795
        3799
        3808
        3817
        3818
        3820
        3823
        3825
        3830
        3834
        3836
        3837
        3849
        3851
        3861
        3874
        3885
        3893
        3899
        3903
        3904
        3908
        3912
        3920
        3944
        3948
        3955
        3958
        3959
        3972
        3987
        3991
        4010
        4025
        4041
        4059
        4061
        4066
        4075
        4080
        4081
        4084
        4093
        4103
        4111
        4119
        4123
        4130
        4135
        4138
        4152
        4153
        4155
        4161
        4167
        4176
        4178
        4185
        4187
        4198
        4199
        4202
        4205
        4216
        4219
        4237
        4251
        4252
        4255
        4259
        4279
        4285
        4287
        4292
        4313
        4322
        4324
        4329
        4360
        4387
        4402
        4403
        4408
        4419
        4431
        4432
        4439
        4440
        4450
        4457
        4463
        4470
        4472
        4479
        4485
        4487
        4492
        4514
        4517
        4521
        4531
        4533
        4539
        4547
        4562
        4564
        4572
        4574
        4576
        4578
        4582
        4589
        4604
        4605
        4610
        4612
        4616
        4618
        4621
        4625
        4630
        4635
        4636
        4643
        4653
        4661
        4664
        4668
        4675
        4682
        4683
        4684
        4702
        4708
        4732
        4734
        4735
        4738
        4749
        4753
        4754
        4758
        4761
        4765
        4767
        4781
        4793
        4796
        4797
        4799
        4801
        4806
        4812
        4818
        4824
        4828
        4836
        4842
        4849
        4852
        4855
        4870
        4877
        4878
        4885
        4890
        4894
        4896
        4908
        4918
        4935
        4942
        4945
        4949
        4950
        4960
        4969
        4970
        4977
        4978
        4982
        4983
        4984
        5004
        5014
        5027
        5033
        5034
        5039
        5047
        5049
        5069
        5079
        5082
        5084
        5089
        5096
        5103
        5107
        5113
        5116
        5118
        5126
        5129
        5132
        5141
        5143
        5161
        5167
        5177
        5186
        5191
        5193
        5195
        5201
        5206
        5218
        5224
        5229
        5231
        5233
        5240
        5259
        5284
        5285
        5286
        5289
        5296
        5299
        5307
        5315
        5328
        5343
        5353
        5355
        5359
        5367
        5372
        5376
        5380
        5393
        5396
        5397
        5398
        5409
        5416
        5417
        5437
        5439
        5446
        5451
        5461
        5467
        5471
        5494
        5508
        5510
        5514
        5520
        5532
        5536
        5544
        5553
        5556
        5559
        5562
        5564
        5572
        5601
        5618
        5620
        5621
        5623
        5639
        5657
        5669
        5675
        5679
        5688
        5693
        5703
        5704
        5706
        5708
        5712
        5715
        5717
        5718
        5722
        5726
        5731
        5735
        5741
        5747
        5750
        5754
        5758
        5759
        5764
        5769
        5771
        5778
        5781
        5782
        5791
        5792
        5795
        5799
        5803
        5806
        5808
        5809
        5811
        5812
        5824
        5827
        5842
        5844
        5845
        5851
        5859
        5863
        5866
        5880
        5886
        5893
        5898
        5902
        5906
        5932
        5935
        5937
        5949
        5953
        5955
        5966
        5975
        5990
        5991
        5993
        5996
        5999
        6001
        6012
        6028
        6036
        6054
        6074
        6094
        6098
        6107
        6118
        6127
        6150
        6153
        6167
        6172
        6174
        6176
        6177
        6181
        6195
        6218
        6225
        6226
        6228
        6234
        6235
        6243
        6248
        6255
        6273
        6286
        6322
        6328
        6332
        6333
        6334
        6339
        6342
        6345
        6353
        6356
        6359
        6366
        6374
        6380
        6390
        6395
        6397
        6401
        6402
        6430
        6434
        6438
        6450
        6454
        6457
        6464
        6470
        6474
        6480
        6483
        6488
        6496
        6500
        6501
        6504
        6505
        6509
        6517
        6524
        6536
        6537
        6539
        6546
        6579
        6584
        6591
        6597
        6608
        6614
        6617
        6620
        6622
        6625
        6628
        6629
        6632
        6640
        6643
        6656
        6659
        6669
        6705
        6716
        6728
        6731
        6738
        6739
        6741
        6784
        6787
        6796
        6802
        6808
        6809
        6810
        6811
        6813
        6817
        6824
        6827
        6836
        6839
        6841
        6846
        6860
        6868
        6871
        6872
        6884
        6885
        6887
        6900
        6903
        6907
        6911
        6977
        6991
        7004
        7012
        7022
        7033
        7039
        7043
        7053
        7059
        7066
        7080
        7090
        7091
        7093
        7102
        7115
        7117
        7127
        7129
        7131
        7138
        7139
        7145
        7153
        7160
        7167
        7185
        7187
        7189
        7196
        7243
        7251
        7253
        7270
        7274
        7287
        7290
        7305
        7306
        7312
        7319
        7331
        7353
        7367
        7379
        7380
        7389
        7393
        7399
        7415
        7424
        7432
        7441
        7461
        7486
        7492
        7494
        7503
        7513
        7519
        7522
        7535
        7547
        7570
        7583
        7587
        7591
        7603
        7613
        7634
        7637
        7641
        7671
        7672
        7677
        7695
        7700
        7709
        7719
        7722
        7732
        7733
        7735
        7746
        7778
        7792
        7793
        7797
        7804
        7807
        7819
        7827
        7836
        7838
        7847
        7851
        7855
        7862
        7892
        7921
        7928
        7930
        7938
        7940
        7941
        7957
        7962
        7963
        7971
        7977
        7997
        7998
        7999
        8000
        8009
        8021
        8024
        8040
        8056
        8060
        8070
        8071
        8072
        8075
        8077
        8078
        8084
        8091
        8094
        8103
        8106
        8107
        8110
        8114
        8119
        8120
        8121
        8125
        8129
        8135
        8143
        8153
        8162
        8164
        8171
        8178
        8180
        8186
        8192
        8205
        8213
        8216
        8224
        8229
        8232
        8236
        8238
        8243
        8247
        8251
        8264
        8271
        8280
        8290
        8292
        8296
        8311
        8351
        8357
        8360
        8362
        8372
        8375
        8382
        8386
        8387
        8389
        8393
        8404
        8407
        8410
        8415
        8432
        8441
        8442
        8451
        8452
        8454
        8455
        8463
        8470
        8471
        8473
        8477
        8481
        8484
        8498
        8504
        8508
        8509
        8510
        8526
        8535
        8543
        8547
        8552
        8565
        8581
        8584
        8590
        8596
        8599
        8604
        8611
        8617
        8632
        8636
        8637
        8651
        8655
        8656
        8663
        8668
        8673
        8676
        8689
        8700
        8705
        8733
        8735
        8753
        8754
        8759
        8786
        8791
        8794
        8799
        8811
        8819
        8825
        8826
        8831
        8832
        8855
        8867
        8874
        8881
        8892
        8894
        8895
        8897
        8899
        8903
        8912
        8934
        8935
        8941
        8950
        8966
        8977
        8992
