        1
        13
        19
        22
        58
        65
        71
        83
        109
        113
        122
        130
        146
        148
        158
        169
        172
        174
        176
        189
        203
        211
        245
        251
        253
        258
        262
        265
        277
        282
        293
        302
        311
        312
        315
        336
        339
        349
        384
        394
        416
        420
        426
        448
        467
        473
        478
        491
        508
        526
        538
        545
        566
        574
        634
        640
        676
        683
        701
        755
        769
        780
        783
        827
        854
        913
        945
        1005
        1018
        1030
        1035
        1099
        1162
        1177
        1185
        1297
        1303
        1397
        1416
        1431
        1497
        1536
        1538
        1546
        1548
        1603
        1616
        1671
        1678
        1701
        1721
        1787
        1823
        1865
        1872
        1876
        1924
        1925
        1926
        1939
        1941
        1953
        1958
        1962
        1964
        1989
        2006
        2009
        2053
        2056
        2057
        2067
        2079
        2118
        2129
        2143
        2171
        2212
        2214
        2229
        2231
        2237
        2249
        2251
        2293
        2308
        2336
        2349
        2355
        2373
        2380
        2395
        2406
        2420
        2422
        2428
        2466
        2476
        2485
        2486
        2502
        2508
        2512
        2513
        2515
        2516
        2521
        2534
        2535
        2541
        2544
        2546
        2547
        2548
        2551
        2559
        2563
        2565
        2580
        2581
        2610
        2629
        2639
        2640
        2645
        2648
        2650
        2658
        2665
        2681
        2683
        2692
        2703
        2722
        2727
        2731
        2738
        2742
        2750
        2752
        2757
        2758
        2761
        2764
        2771
        2792
        2795
        2796
        2818
        2822
        2838
        2843
        2849
        2850
        2863
        2894
        2905
        2938
        2946
        2949
        2955
        2961
        2962
        2964
        2987
        3009
        3014
        3023
        3026
        3039
        3044
        3084
        3094
        3106
        3117
        3149
        3159
        3177
        3189
        3200
        3202
        3203
        3240
        3243
        3277
        3286
        3300
        3308
        3326
        3331
        3333
        3339
        3356
        3361
        3372
        3404
        3438
        3439
        3440
        3449
        3458
        3469
        3477
        3481
        3482
        3491
        3493
        3501
        3513
        3518
        3544
        3547
        3554
        3555
        3561
        3571
        3580
        3594
        3597
        3602
        3604
        3618
        3641
        3697
        3703
        3722
        3730
        3739
        3775
        3804
        3811
        3819
        3827
        3896
        3901
        3912
        3946
        3965
        3997
        4024
        4034
        4388
        4390
        4394
        4404
        4419
        4420
        4424
        4426
        4435
        4440
        4442
        4443
        4449
        4450
        4470
        4477
        4478
        4491
        4499
        4501
        4510
        4515
        4516
        4522
        4534
        4536
        4538
        4546
        4547
        4550
        4551
        4553
        4586
        4597
        4606
        4608
        4613
        4631
        4645
        4658
        4675
        4677
        4678
        4679
        4722
        4727
        4742
        4756
        4764
        4767
        4792
        4803
        4815
        4826
        4839
        4859
        4865
        4873
        4897
        4910
        4914
        4928
        4949
        4953
        4974
        5014
        5026
        5050
        5084
        5098
        5104
        5135
        5158
        5161
        5180
        5184
        5186
        5197
        5210
        5218
        5222
        5225
        5226
        5254
        5262
        5265
        5266
        5271
        5284
        5286
        5298
        5306
        5313
        5316
        5331
        5334
        5343
        5370
        5416
        5420
        5427
        5430
        5432
        5459
        5475
        5478
        5483
        5487
        5517
        5534
        5553
        5567
        5584
        5591
        5602
        5668
        5677
        5684
        5730
        5740
        5743
        5800
        5809
        5825
        5827
        5829
        5934
        5955
        5963
        5974
        5979
        6004
        6015
        6032
        6090
        6157
        6168
        6212
        6275
        6380
        6392
        6399
        6409
        6421
        6439
        6527
        6576
        6594
        6650
        6678
        6752
        6769
        6794
        6830
        6861
        6863
        6934
        6944
        6946
        6950
        6980
        6981
        7008
        7015
        7029
        7031
        7050
        7058
        7062
        7128
        7146
        7184
        7211
        7322
        7338
        7346
        7356
        7362
        7371
        7376
        7382
        7385
        7400
        7405
        7447
        7479
        7494
        7510
        7558
        7589
        7609
        7631
        7639
        7650
        7667
        7675
        7686
        7691
        7699
        7727
        7729
        7767
        7770
        7772
        7799
        7816
        7831
        7867
        7892
        7908
        7931
        7940
        7973
        7976
        8060
        8101
        8117
        8150
        8151
        8233
        8251
        8259
        8267
        8316
        8322
        8349
        8383
        8414
        8428
        8535
        8543
        8548
        8556
        8572
        8577
        8613
        8639
        8642
        8652
        8653
        8656
        8689
        8720
        8724
        8902
        8918
        8934
        8944
        8967
