        40
        139
        141
        159
        185
        187
        203
        246
        319
        338
        348
        354
        372
        394
        414
        439
        441
        517
        559
        567
        577
        602
        606
        613
        675
        685
        687
        696
        728
        735
        738
        754
        758
        763
        769
        779
        781
        798
        803
        807
        824
        826
        829
        852
        861
        872
        881
        888
        910
        923
        927
        939
        949
        968
        971
        973
        974
        982
        984
        986
        1027
        1029
        1031
        1062
        1086
        1092
        1102
        1124
        1165
        1175
        1186
        1206
        1213
        1223
        1234
        1244
        1246
        1253
        1260
        1271
        1286
        1295
        1325
        1360
        1395
        1399
        1405
        1411
        1416
        1422
        1470
        1490
        1500
        1513
        1530
        1541
        1544
        1572
        1595
        1601
        1613
        1615
        1621
        1622
        1632
        1637
        1642
        1657
        1668
        1672
        1688
        1694
        1719
        1728
        1751
        1758
        1762
        1765
        1777
        1858
        1875
        1881
        1919
        2047
        2050
        2146
        2194
        2203
        2324
        2527
        2562
        2572
        2580
        2602
        2671
        2795
        2819
        2845
        2874
        2883
        3075
        3150
        3287
        3302
        3326
        3363
        3370
        3386
        3493
        3562
        3595
        3605
        3623
        3653
        3655
        3685
        3697
        3729
        3730
        3751
        3757
        3761
        3773
        3786
        3820
        3837
        3841
        3858
        3899
        3901
        3907
        3908
        3924
        3928
        3935
        3940
        3950
        3964
        3976
        3977
        3980
        3993
        3995
        4010
        4034
        4045
        4063
        4067
        4099
        4112
        4119
        4121
        4141
        4150
        4160
        4164
        4180
        4182
        4222
        4268
        4294
        4295
        4296
        4313
        4315
        4771
        4819
        4884
        4900
        4959
        5039
        5089
        5098
        5108
        5115
        5116
        5123
        5219
        5243
        5259
        5299
        5357
        5380
        5382
        5399
        5501
        5518
        5559
        5568
        5578
        5588
        5599
        5604
        5623
        5638
        5650
        5659
        5669
        5699
        5703
        5718
        5743
        5747
        5755
        5778
        5809
        5840
        5861
        5878
        5931
        5942
        5985
        6032
        6038
        6056
        6085
        6114
        6147
        6232
        6268
        6289
        6290
        6302
        6329
        6335
        6352
        6362
        6377
        6407
        6410
        6426
        6455
        6482
        6492
        6515
        6541
        6623
        6672
        6677
        6701
        6762
        6782
        6802
        6860
        6864
        6905
        6969
        6974
        6995
        7009
        7029
        7056
        7063
        7106
        7124
        7140
        7183
        7197
        7258
        7342
        7366
        8099
        8173
        8206
        8261
        8286
        8289
        8299
        8360
        8367
        8368
        8382
        8393
        8416
        8477
        8486
        8500
        8505
        8511
        8515
        8523
        8546
        8547
        8553
        8556
        8582
        8588
        8604
        8607
        8620
        8625
        8713
        8728
        8746
        8748
        8754
        8772
        8774
        8785
        8796
        8806
        8862
        8875
        8879
        8894
        8916
        8956
