        36
        68
        72
        84
        124
        125
        249
        270
        274
        279
        328
        358
        377
        379
        469
        476
        495
        510
        549
        551
        555
        564
        666
        670
        708
        718
        748
        752
        768
        780
        818
        840
        842
        880
        901
        915
        1057
        1164
        1202
        1217
        1222
        1255
        1268
        1338
        1348
        1410
        1417
        1433
        1454
        1459
        1478
        1494
        1541
        1560
        1622
        1662
        1668
        1674
        1681
        1727
        1734
        1736
        1767
        1788
        1816
        1829
        1854
        1863
        1867
        1877
        1902
        1916
        1929
        1995
        2024
        2026
        2060
        2065
        2072
        2093
        2110
        2119
        2126
        2135
        2136
        2226
        2255
        2286
        2313
        2315
        2388
        2427
        2443
        2489
        2504
        2543
        2701
        2702
        2725
        2767
        2808
        2843
        2855
        2872
        2887
        2888
        2893
        2906
        2964
        3020
        3098
        3100
        3104
        3108
        3118
        3128
        3148
        3151
        3152
        3155
        3161
        3177
        3210
        3228
        3243
        3267
        3268
        3273
        3277
        3279
        3281
        3284
        3288
        3289
        3290
        3291
        3292
        3298
        3309
        3310
        3311
        3312
        3316
        3320
        3326
        3328
        3329
        3338
        3340
        3346
        3347
        3357
        3359
        3361
        3367
        3369
        3373
        3374
        3379
        3391
        3396
        3404
        3406
        3444
        3445
        3455
        3458
        3488
        3558
        3562
        3606
        3607
        3621
        3624
        3626
        3630
        3661
        3728
        3757
        3758
        3786
        3802
        3820
        3903
        3907
        4045
        4062
        4102
        4112
        4135
        4155
        4164
        4198
        4203
        4209
        4228
        4230
        4260
        4267
        4337
        4407
        4410
        4416
        4424
        4431
        4489
        4523
        4574
        4605
        4611
        4626
        4633
        4638
        4679
        4719
        4791
        4842
        4849
        4864
        4866
        4875
        4878
        4894
        4901
        4927
        4979
        4983
        4994
        5019
        5031
        5040
        5048
        5077
        5083
        5142
        5145
        5150
        5165
        5171
        5211
        5244
        5252
        5268
        5284
        5288
        5320
        5343
        5370
        5373
        5405
        5429
        5461
        5470
        5475
        5502
        5554
        5555
        5604
        5659
        5674
        5729
        5763
        5796
        5848
        5852
        5876
        5890
        5901
        5986
        6001
        6041
        6063
        6069
        6070
        6159
        6218
        6248
        6267
        6268
        6342
        6358
        6399
        6400
        6451
        6501
        6561
        6570
        6584
        6644
        6671
        6915
        7064
        7087
        7142
        7153
        7170
        7174
        7177
        7273
        7297
        7402
        7620
        7641
        7691
        7811
        8108
        8112
        8173
        8204
        8222
        8232
        8242
        8256
        8323
        8353
        8362
        8463
        8478
        8489
        8521
        8572
        8622
        8734
        8742
        8839
        8863
        8889
