        15
        21
        23
        32
        34
        39
        43
        48
        51
        55
        57
        58
        63
        64
        66
        67
        71
        78
        80
        92
        107
        112
        113
        120
        123
        125
        126
        130
        132
        134
        135
        138
        142
        150
        153
        158
        159
        169
        173
        182
        185
        187
        200
        201
        205
        207
        213
        214
        219
        232
        234
        236
        243
        247
        248
        257
        266
        267
        276
        280
        281
        283
        295
        300
        304
        316
        320
        332
        334
        340
        343
        358
        362
        366
        368
        374
        379
        384
        390
        395
        401
        404
        420
        425
        430
        443
        447
        454
        456
        457
        462
        470
        478
        484
        490
        496
        498
        513
        515
        520
        521
        523
        525
        528
        535
        536
        547
        552
        569
        574
        583
        585
        589
        592
        595
        602
        608
        609
        612
        614
        616
        624
        626
        628
        629
        630
        639
        640
        641
        644
        645
        649
        658
        659
        660
        665
        670
        671
        677
        678
        686
        692
        696
        708
        719
        735
        736
        737
        746
        747
        749
        764
        765
        783
        796
        805
        820
        826
        828
        831
        833
        834
        837
        852
        854
        859
        865
        868
        877
        881
        900
        904
        919
        920
        925
        928
        929
        933
        934
        941
        956
        963
        966
        977
        1009
        1011
        1020
        1033
        1044
        1051
        1058
        1062
        1064
        1078
        1093
        1095
        1099
        1103
        1107
        1113
        1119
        1127
        1141
        1144
        1150
        1154
        1164
        1170
        1171
        1176
        1181
        1186
        1195
        1205
        1210
        1214
        1221
        1223
        1244
        1255
        1270
        1274
        1291
        1300
        1319
        1323
        1331
        1334
        1339
        1342
        1347
        1349
        1354
        1356
        1358
        1360
        1370
        1372
        1397
        1405
        1416
        1426
        1427
        1428
        1435
        1440
        1441
        1442
        1455
        1460
        1470
        1485
        1487
        1495
        1500
        1509
        1516
        1523
        1540
        1547
        1550
        1557
        1577
        1588
        1593
        1598
        1601
        1605
        1625
        1626
        1633
        1636
        1642
        1652
        1658
        1662
        1681
        1685
        1690
        1704
        1706
        1708
        1716
        1731
        1752
        1760
        1772
        1777
        1779
        1781
        1786
        1791
        1798
        1806
        1817
        1822
        1826
        1846
        1849
        1856
        1877
        1882
        1891
        1897
        1901
        1904
        1916
        1934
        1945
        1955
        1967
        2007
        2008
        2012
        2024
        2043
        2054
        2063
        2071
        2075
        2091
        2095
        2099
        2107
        2115
        2137
        2140
        2154
        2160
        2170
        2181
        2196
        2202
        2205
        2228
        2238
        2250
        2268
        2275
        2276
        2281
        2298
        2301
        2333
        2336
        2339
        2363
        2364
        2385
        2391
        2397
        2409
        2420
        2425
        2443
        2469
        2479
        2491
        2493
        2496
        2499
        2505
        2509
        2529
        2543
        2555
        2568
        2575
        2580
        2586
        2604
        2619
        2631
        2632
        2638
        2697
        2701
        2711
        2717
        2722
        2726
        2730
        2760
        2769
        2774
        2779
        2781
        2793
        2801
        2804
        2807
        2826
        2830
        2845
        2855
        2860
        2876
        2880
        2884
        2893
        2899
        2908
        2914
        2921
        2923
        2952
        2959
        2969
        2985
        2990
        2994
        2996
        2998
        3029
        3042
        3075
        3095
        3102
        3109
        3115
        3119
        3126
        3127
        3132
        3137
        3153
        3160
        3162
        3174
        3182
        3196
        3199
        3213
        3248
        3249
        3260
        3291
        3294
        3312
        3319
        3352
        3357
        3369
        3372
        3375
        3382
        3387
        3390
        3394
        3395
        3414
        3422
        3434
        3439
        3449
        3455
        3461
        3474
        3483
        3492
        3523
        3533
        3568
        3571
        3582
        3591
        3595
        3600
        3616
        3649
        3656
        3662
        3666
        3680
        3686
        3698
        3701
        3708
        3724
        3741
        3745
        3746
        3773
        3777
        3780
        3828
        3831
        3836
        3860
        3879
        3884
        3885
        3888
        3889
        3891
        3904
        3907
        3941
        3942
        3946
        3951
        3952
        3955
        3956
        3967
        3971
        3975
        3986
        3997
        4021
        4037
        4055
        4058
        4067
        4073
        4082
        4087
        4089
        4115
        4119
        4133
        4146
        4149
        4151
        4158
        4170
        4177
        4184
        4190
        4196
        4203
        4207
        4209
        4210
        4214
        4220
        4228
        4232
        4237
        4276
        4285
        4294
        4303
        4319
        4332
        4337
        4338
        4342
        4344
        4361
        4366
        4371
        4377
        4378
        4385
        4386
        4395
        4408
        4419
        4427
        4453
        4462
        4465
        4477
        4491
        4496
        4499
        4513
        4519
        4532
        4537
        4539
        4553
        4615
        4622
        4643
        4645
        4652
        4662
        4665
        4667
        4670
        4675
        4679
        4686
        4700
        4719
        4743
        4761
        4803
        4810
        4821
        4823
        4826
        4830
        4849
        4852
        4866
        4880
        4893
        4902
        4919
        4922
        4927
        4939
        4968
        4986
        4988
        4998
        5021
        5031
        5035
        5040
        5051
        5062
        5068
        5076
        5082
        5096
        5106
        5114
        5126
        5131
        5134
        5141
        5157
        5165
        5199
        5217
        5219
        5221
        5228
        5239
        5245
        5258
        5264
        5274
        5286
        5288
        5290
        5322
        5324
        5337
        5347
        5377
        5387
        5388
        5396
        5424
        5430
        5432
        5433
        5436
        5437
        5440
        5446
        5449
        5460
        5465
        5467
        5489
        5502
        5506
        5509
        5518
        5520
        5523
        5530
        5534
        5543
        5546
        5549
        5568
        5588
        5592
        5593
        5597
        5616
        5617
        5621
        5626
        5636
        5640
        5648
        5661
        5663
        5669
        5674
        5677
        5679
        5695
        5704
        5712
        5725
        5743
        5747
        5754
        5766
        5772
        5776
        5800
        5814
        5819
        5825
        5829
        5843
        5846
        5849
        5852
        5854
        5862
        5873
        5882
        5897
        5900
        5903
        5905
        5906
        5920
        5928
        5932
        5937
        5940
        5945
        5950
        5962
        5982
        5989
        6015
        6020
        6035
        6038
        6039
        6049
        6051
        6054
        6057
        6065
        6072
        6073
        6082
        6084
        6101
        6108
        6111
        6116
        6134
        6136
        6146
        6163
        6169
        6170
        6171
        6174
        6179
        6202
        6232
        6253
        6265
        6294
        6300
        6310
        6335
        6336
        6344
        6346
        6347
        6351
        6362
        6380
        6383
        6402
        6411
        6420
        6422
        6427
        6430
        6432
        6454
        6468
        6480
        6494
        6497
        6504
        6505
        6511
        6527
        6539
        6546
        6557
        6563
        6568
        6570
        6572
        6578
        6586
        6590
        6592
        6601
        6621
        6626
        6632
        6633
        6634
        6638
        6645
        6651
        6657
        6665
        6668
        6674
        6675
        6688
        6694
        6699
        6700
        6705
        6714
        6716
        6724
        6726
        6739
        6759
        6763
        6767
        6768
        6771
        6776
        6787
        6803
        6825
        6835
        6854
        6863
        6904
        6911
        6912
        6917
        6920
        6924
        6946
        6948
        6957
        6958
        6965
        6968
        6973
        6990
        6992
        6997
        7004
        7009
        7018
        7023
        7025
        7028
        7043
        7046
        7053
        7054
        7074
        7078
        7082
        7084
        7102
        7118
        7119
        7129
        7136
        7154
        7162
        7185
        7192
        7194
        7205
        7248
        7272
        7275
        7279
        7282
        7310
        7332
        7347
        7354
        7364
        7365
        7374
        7393
        7395
        7397
        7400
        7404
        7408
        7415
        7421
        7464
        7469
        7481
        7484
        7490
        7493
        7507
        7519
        7528
        7531
        7533
        7535
        7538
        7539
        7563
        7564
        7571
        7574
        7576
        7598
        7602
        7608
        7610
        7621
        7635
        7642
        7645
        7647
        7650
        7654
        7659
        7670
        7674
        7678
        7683
        7694
        7702
        7704
        7714
        7747
        7749
        7770
        7775
        7778
        7782
        7789
        7806
        7810
        7815
        7821
        7834
        7845
        7848
        7874
        7878
        7884
        7891
        7907
        7909
        7922
        7942
        7943
        7966
        7977
        7989
        8003
        8007
        8012
        8023
        8029
        8046
        8055
        8062
        8066
        8075
        8096
        8116
        8137
        8151
        8163
        8181
        8183
        8188
        8213
        8214
        8218
        8223
        8234
        8243
        8248
        8252
        8262
        8264
        8266
        8274
        8281
        8290
        8301
        8307
        8329
        8340
        8349
        8355
        8359
        8379
        8387
        8390
        8393
        8428
        8433
        8436
        8438
        8442
        8456
        8464
        8469
        8475
        8488
        8495
        8496
        8498
        8509
        8512
        8553
        8565
        8569
        8576
        8579
        8587
        8589
        8596
        8602
        8605
        8606
        8613
        8614
        8615
        8631
        8635
        8647
        8655
        8657
        8666
        8675
        8685
        8694
        8701
        8709
        8714
        8720
        8726
        8729
        8735
        8740
        8743
        8746
        8749
        8773
        8791
        8796
        8803
        8807
        8809
        8810
        8819
        8825
        8838
        8843
        8844
        8862
        8876
        8877
        8893
        8895
        8904
        8907
        8908
        8911
        8914
        8919
        8939
        8947
        8957
        8968
        8972
        8985
        8996
