        4
        8
        25
        31
        33
        44
        46
        72
        89
        96
        103
        105
        130
        183
        204
        207
        210
        232
        240
        248
        255
        264
        301
        305
        309
        339
        346
        356
        358
        379
        382
        390
        393
        399
        400
        401
        426
        453
        456
        468
        483
        498
        515
        536
        544
        546
        563
        576
        592
        596
        599
        603
        605
        610
        611
        618
        623
        624
        627
        637
        648
        690
        693
        713
        721
        727
        745
        759
        793
        804
        807
        817
        834
        837
        840
        849
        853
        856
        858
        863
        873
        879
        895
        909
        913
        917
        937
        964
        967
        973
        978
        993
        1012
        1016
        1023
        1026
        1034
        1040
        1046
        1058
        1059
        1063
        1068
        1078
        1080
        1089
        1097
        1100
        1105
        1114
        1125
        1128
        1133
        1135
        1147
        1161
        1169
        1179
        1187
        1223
        1243
        1254
        1255
        1271
        1282
        1285
        1293
        1297
        1301
        1308
        1319
        1323
        1326
        1331
        1341
        1345
        1350
        1352
        1398
        1409
        1412
        1414
        1418
        1421
        1427
        1431
        1442
        1453
        1454
        1456
        1462
        1477
        1494
        1499
        1503
        1517
        1518
        1520
        1531
        1533
        1543
        1551
        1560
        1563
        1571
        1573
        1579
        1580
        1581
        1594
        1598
        1601
        1612
        1621
        1646
        1655
        1663
        1668
        1669
        1677
        1678
        1687
        1690
        1693
        1696
        1711
        1724
        1737
        1741
        1761
        1783
        1809
        1814
        1845
        1859
        1866
        1893
        1896
        1899
        1925
        1928
        1936
        1958
        1961
        1975
        1977
        1979
        1995
        2017
        2021
        2022
        2026
        2032
        2033
        2040
        2044
        2049
        2053
        2056
        2076
        2086
        2119
        2130
        2140
        2155
        2160
        2179
        2189
        2196
        2206
        2210
        2226
        2252
        2261
        2281
        2284
        2286
        2290
        2296
        2297
        2304
        2322
        2336
        2351
        2357
        2359
        2389
        2391
        2393
        2410
        2418
        2421
        2425
        2428
        2453
        2455
        2457
        2471
        2474
        2497
        2499
        2505
        2516
        2527
        2538
        2542
        2549
        2554
        2573
        2574
        2586
        2592
        2599
        2610
        2614
        2619
        2627
        2628
        2631
        2661
        2663
        2667
        2672
        2701
        2705
        2720
        2724
        2745
        2777
        2786
        2789
        2798
        2802
        2804
        2815
        2824
        2829
        2842
        2859
        2871
        2877
        2880
        2887
        2897
        2919
        2925
        2926
        2933
        2952
        2957
        2965
        2971
        2973
        2987
        3020
        3034
        3039
        3044
        3048
        3051
        3086
        3102
        3112
        3127
        3128
        3142
        3145
        3154
        3169
        3191
        3193
        3204
        3244
        3246
        3249
        3264
        3274
        3280
        3295
        3296
        3320
        3324
        3325
        3330
        3352
        3362
        3369
        3372
        3387
        3391
        3399
        3416
        3444
        3466
        3468
        3491
        3494
        3499
        3509
        3510
        3512
        3520
        3526
        3535
        3552
        3554
        3557
        3560
        3585
        3592
        3596
        3598
        3608
        3611
        3618
        3634
        3644
        3646
        3656
        3661
        3668
        3698
        3700
        3709
        3710
        3725
        3749
        3770
        3790
        3804
        3810
        3839
        3856
        3860
        3866
        3874
        3878
        3884
        3892
        3902
        3907
        3920
        3924
        3928
        3940
        3946
        3947
        3950
        3957
        3961
        3973
        4011
        4067
        4070
        4087
        4100
        4109
        4135
        4139
        4140
        4155
        4163
        4179
        4183
        4186
        4200
        4204
        4206
        4213
        4224
        4245
        4246
        4249
        4257
        4262
        4266
        4269
        4273
        4276
        4277
        4287
        4302
        4308
        4309
        4336
        4353
        4356
        4358
        4374
        4385
        4403
        4412
        4419
        4423
        4425
        4427
        4432
        4443
        4450
        4454
        4501
        4508
        4510
        4516
        4523
        4534
        4543
        4551
        4559
        4561
        4562
        4565
        4578
        4581
        4589
        4593
        4603
        4609
        4618
        4633
        4667
        4672
        4676
        4680
        4694
        4707
        4708
        4709
        4711
        4727
        4730
        4737
        4741
        4748
        4765
        4768
        4777
        4778
        4789
        4832
        4836
        4841
        4854
        4885
        4895
        4922
        4930
        4939
        4950
        4955
        4957
        4981
        5047
        5057
        5058
        5062
        5066
        5067
        5074
        5078
        5099
        5112
        5116
        5122
        5124
        5127
        5135
        5141
        5151
        5160
        5162
        5164
        5167
        5175
        5182
        5193
        5208
        5217
        5237
        5245
        5419
        5437
        5457
        5471
        5487
        5493
        5501
        5519
        5531
        5549
        5558
        5567
        5568
        5584
        5589
        5590
        5592
        5611
        5618
        5647
        5661
        5665
        5670
        5682
        5693
        5709
        5731
        5733
        5734
        5736
        5737
        5756
        5762
        5780
        5815
        5826
        5831
        5833
        5834
        5861
        5863
        5873
        5879
        5881
        5887
        5919
        5921
        5931
        5937
        5941
        5942
        5947
        5960
        5964
        5968
        5971
        5980
        5982
        6031
        6040
        6044
        6048
        6052
        6058
        6065
        6099
        6106
        6107
        6113
        6116
        6117
        6118
        6142
        6144
        6148
        6151
        6157
        6185
        6203
        6207
        6218
        6224
        6247
        6252
        6267
        6277
        6292
        6299
        6301
        6306
        6309
        6314
        6315
        6318
        6321
        6330
        6334
        6352
        6356
        6361
        6365
        6368
        6371
        6378
        6381
        6389
        6392
        6400
        6402
        6417
        6430
        6432
        6440
        6441
        6450
        6462
        6467
        6479
        6508
        6510
        6519
        6543
        6554
        6578
        6580
        6593
        6607
        6611
        6612
        6624
        6628
        6632
        6642
        6647
        6651
        6664
        6669
        6670
        6705
        6711
        6724
        6731
        6743
        6745
        6746
        6767
        6768
        6774
        6775
        6780
        6781
        6789
        6799
        6807
        6808
        6829
        6836
        6838
        6852
        6854
        6860
        6868
        6872
        6879
        6888
        6892
        6901
        6906
        6907
        6910
        6932
        6949
        6964
        6967
        6983
        6996
        6999
        7002
        7011
        7016
        7017
        7019
        7032
        7037
        7042
        7053
        7082
        7091
        7130
        7141
        7174
        7183
        7185
        7200
        7216
        7220
        7240
        7244
        7247
        7248
        7254
        7265
        7271
        7292
        7300
        7311
        7331
        7335
        7345
        7371
        7376
        7389
        7396
        7418
        7420
        7428
        7434
        7439
        7447
        7463
        7470
        7473
        7483
        7485
        7486
        7487
        7509
        7514
        7524
        7528
        7534
        7543
        7548
        7558
        7561
        7565
        7578
        7583
        7614
        7621
        7630
        7640
        7650
        7651
        7671
        7675
        7686
        7694
        7707
        7716
        7719
        7728
        7733
        7741
        7754
        7768
        7804
        7806
        7829
        7831
        7835
        7841
        7845
        7863
        7879
        7913
        7916
        7937
        7965
        7973
        7977
        7983
        8010
        8017
        8023
        8033
        8039
        8042
        8044
        8045
        8046
        8047
        8058
        8059
        8067
        8079
        8094
        8109
        8120
        8124
        8137
        8139
        8145
        8153
        8154
        8190
        8192
        8204
        8208
        8220
        8222
        8224
        8227
        8230
        8234
        8249
        8274
        8279
        8280
        8282
        8284
        8293
        8301
        8310
        8311
        8313
        8318
        8321
        8331
        8347
        8360
        8363
        8365
        8366
        8388
        8391
        8394
        8416
        8419
        8421
        8433
        8434
        8439
        8442
        8467
        8473
        8481
        8492
        8494
        8495
        8519
        8524
        8536
        8546
        8566
        8570
        8580
        8605
        8615
        8620
        8623
        8625
        8626
        8629
        8669
        8680
        8681
        8684
        8687
        8695
        8720
        8730
        8743
        8755
        8762
        8769
        8776
        8777
        8778
        8785
        8794
        8821
        8822
        8829
        8832
        8835
        8859
        8862
        8890
        8897
        8914
        8925
        8932
        8935
        8951
        8969
        8980
        8982
