        3
        9
        12
        16
        22
        28
        37
        44
        47
        49
        51
        66
        74
        77
        96
        97
        100
        116
        121
        127
        133
        137
        148
        153
        163
        194
        204
        212
        219
        226
        229
        230
        236
        245
        247
        249
        264
        285
        298
        316
        320
        323
        327
        330
        346
        370
        371
        380
        383
        384
        395
        407
        414
        418
        423
        441
        446
        448
        452
        456
        458
        460
        462
        465
        467
        486
        502
        504
        521
        533
        547
        607
        609
        625
        630
        643
        644
        650
        658
        670
        702
        709
        717
        721
        731
        745
        766
        769
        783
        784
        798
        800
        803
        809
        812
        827
        836
        839
        844
        853
        863
        872
        903
        907
        911
        916
        921
        933
        935
        940
        960
        995
        1022
        1034
        1036
        1044
        1058
        1075
        1079
        1084
        1087
        1090
        1095
        1099
        1100
        1104
        1152
        1157
        1178
        1185
        1187
        1192
        1196
        1197
        1212
        1222
        1226
        1243
        1250
        1256
        1261
        1263
        1264
        1267
        1273
        1277
        1280
        1289
        1298
        1305
        1332
        1339
        1359
        1373
        1383
        1390
        1393
        1411
        1413
        1414
        1415
        1439
        1444
        1450
        1460
        1477
        1482
        1492
        1497
        1512
        1523
        1529
        1536
        1540
        1577
        1578
        1588
        1590
        1610
        1625
        1627
        1650
        1680
        1710
        1717
        1728
        1731
        1740
        1748
        1749
        1761
        1771
        1791
        1795
        1801
        1806
        1813
        1816
        1819
        1829
        1831
        1843
        1896
        1908
        1917
        1919
        1921
        1930
        1937
        1957
        1963
        1964
        1972
        2012
        2019
        2022
        2033
        2080
        2083
        2088
        2093
        2098
        2107
        2115
        2140
        2150
        2162
        2165
        2168
        2177
        2192
        2214
        2217
        2229
        2245
        2247
        2252
        2259
        2269
        2282
        2292
        2298
        2304
        2316
        2327
        2332
        2347
        2356
        2362
        2404
        2425
        2426
        2434
        2449
        2463
        2476
        2482
        2483
        2484
        2512
        2521
        2536
        2555
        2567
        2582
        2633
        2643
        2657
        2681
        2712
        2719
        2730
        2739
        2757
        2761
        2767
        2771
        2779
        2801
        2802
        2803
        2806
        2827
        2833
        2869
        2870
        2893
        2895
        2930
        2937
        2945
        2949
        2954
        2962
        2964
        2968
        2994
        2995
        3003
        3009
        3042
        3051
        3072
        3092
        3116
        3128
        3129
        3131
        3145
        3149
        3196
        3215
        3217
        3225
        3228
        3243
        3246
        3262
        3277
        3287
        3288
        3302
        3323
        3326
        3361
        3372
        3373
        3374
        3395
        3399
        3409
        3431
        3443
        3462
        3473
        3476
        3480
        3486
        3495
        3508
        3520
        3545
        3552
        3556
        3574
        3585
        3599
        3632
        3633
        3638
        3692
        3693
        3705
        3723
        3731
        3732
        3735
        3761
        3765
        3777
        3808
        3824
        3837
        3843
        3848
        3882
        3889
        3896
        3925
        3930
        3944
        3977
        3980
        4004
        4005
        4016
        4022
        4027
        4028
        4050
        4051
        4057
        4068
        4083
        4089
        4098
        4114
        4122
        4140
        4146
        4150
        4154
        4155
        4162
        4167
        4187
        4197
        4208
        4216
        4227
        4231
        4234
        4248
        4260
        4274
        4276
        4280
        4291
        4296
        4297
        4299
        4311
        4315
        4316
        4319
        4320
        4323
        4330
        4332
        4336
        4344
        4374
        4375
        4380
        4394
        4395
        4419
        4423
        4449
        4455
        4459
        4461
        4480
        4499
        4513
        4520
        4531
        4539
        4544
        4588
        4600
        4604
        4608
        4610
        4614
        4622
        4625
        4655
        4664
        4678
        4693
        4700
        4704
        4712
        4726
        4732
        4737
        4765
        4768
        4781
        4795
        4797
        4801
        4802
        4811
        4814
        4831
        4835
        4854
        4857
        4872
        4884
        4893
        4897
        4899
        4903
        4922
        4941
        4943
        4964
        4980
        4991
        4993
        4999
        5018
        5021
        5029
        5057
        5072
        5084
        5093
        5106
        5113
        5117
        5123
        5125
        5144
        5154
        5159
        5176
        5199
        5214
        5227
        5230
        5239
        5269
        5280
        5286
        5311
        5323
        5333
        5336
        5342
        5344
        5347
        5353
        5357
        5369
        5394
        5400
        5405
        5417
        5420
        5432
        5433
        5441
        5458
        5470
        5472
        5475
        5479
        5483
        5519
        5524
        5527
        5534
        5561
        5590
        5597
        5600
        5605
        5631
        5632
        5648
        5651
        5665
        5674
        5676
        5692
        5695
        5698
        5704
        5724
        5726
        5733
        5744
        5751
        5754
        5761
        5792
        5797
        5799
        5804
        5806
        5810
        5825
        5857
        5870
        5877
        5879
        5887
        5890
        5907
        5917
        5920
        5944
        5954
        5956
        5967
        5999
        6033
        6038
        6052
        6057
        6084
        6112
        6114
        6152
        6177
        6205
        6225
        6227
        6230
        6232
        6251
        6267
        6279
        6282
        6287
        6305
        6312
        6329
        6335
        6347
        6358
        6360
        6362
        6414
        6418
        6429
        6432
        6439
        6466
        6497
        6508
        6518
        6529
        6537
        6585
        6587
        6684
        6696
        6712
        6724
        6747
        6752
        6776
        6791
        6793
        6798
        6821
        6824
        6826
        6828
        6862
        6873
        6911
        6917
        6920
        6929
        6940
        6948
        6957
        6986
        7014
        7022
        7027
        7046
        7063
        7078
        7085
        7097
        7101
        7122
        7126
        7135
        7142
        7151
        7204
        7208
        7213
        7285
        7294
        7304
        7312
        7321
        7335
        7361
        7369
        7379
        7399
        7414
        7427
        7443
        7465
        7491
        7503
        7505
        7510
        7514
        7519
        7523
        7545
        7569
        7608
        7612
        7647
        7705
        7728
        7734
        7739
        7741
        7781
        7796
        7802
        7832
        7843
        7859
        7900
        7908
        7910
        7952
        7961
        7962
        7971
        7977
        7978
        7983
        7991
        8022
        8048
        8052
        8065
        8081
        8088
        8100
        8113
        8114
        8135
        8138
        8158
        8161
        8171
        8179
        8184
        8187
        8210
        8214
        8221
        8224
        8237
        8260
        8264
        8272
        8277
        8280
        8282
        8290
        8309
        8315
        8338
        8357
        8362
        8363
        8367
        8384
        8397
        8411
        8426
        8430
        8480
        8491
        8507
        8516
        8521
        8524
        8565
        8579
        8588
        8632
        8643
        8650
        8662
        8666
        8672
        8679
        8688
        8693
        8705
        8728
        8745
        8748
        8752
        8815
        8827
        8829
        8852
        8859
        8881
        8909
        8917
        8931
        8935
        8952
        8960
        8967
        8984
