        20
        28
        35
        37
        63
        86
        95
        116
        182
        209
        221
        264
        271
        292
        313
        324
        352
        377
        382
        390
        411
        440
        452
        460
        474
        490
        518
        561
        562
        574
        583
        607
        619
        628
        660
        664
        670
        687
        697
        704
        710
        713
        762
        793
        806
        821
        827
        846
        861
        863
        871
        873
        882
        953
        986
        1000
        1006
        1040
        1060
        1087
        1089
        1095
        1099
        1106
        1113
        1117
        1123
        1144
        1173
        1184
        1202
        1209
        1245
        1254
        1257
        1261
        1265
        1299
        1317
        1336
        1360
        1381
        1396
        1399
        1409
        1419
        1445
        1495
        1497
        1500
        1549
        1572
        1577
        1623
        1658
        1666
        1684
        1685
        1706
        1767
        1776
        1785
        1790
        1877
        1884
        1901
        1947
        1952
        1956
        1975
        1983
        1989
        1993
        2014
        2020
        2039
        2049
        2051
        2053
        2064
        2095
        2114
        2179
        2199
        2236
        2251
        2276
        2323
        2336
        2339
        2366
        2385
        2387
        2398
        2407
        2412
        2450
        2486
        2526
        2530
        2539
        2542
        2555
        2566
        2598
        2636
        2648
        2652
        2661
        2678
        2698
        2729
        2737
        2801
        2802
        2804
        2863
        2956
        2977
        2982
        2999
        3002
        3009
        3018
        3024
        3043
        3048
        3060
        3083
        3090
        3099
        3116
        3123
        3142
        3153
        3213
        3220
        3277
        3279
        3296
        3305
        3315
        3319
        3385
        3402
        3409
        3442
        3452
        3470
        3478
        3488
        3501
        3577
        3629
        3655
        3684
        3690
        3703
        3732
        3755
        3794
        3819
        3831
        3856
        3886
        3889
        3895
        3897
        3946
        3964
        4002
        4036
        4042
        4060
        4064
        4097
        4125
        4138
        4199
        4231
        4263
        4266
        4299
        4376
        4378
        4382
        4394
        4419
        4437
        4462
        4463
        4479
        4485
        4491
        4509
        4535
        4537
        4546
        4559
        4570
        4581
        4593
        4630
        4647
        4660
        4680
        4687
        4700
        4788
        4808
        4815
        4825
        4834
        4838
        4855
        4878
        4886
        4925
        4985
        4988
        5033
        5045
        5048
        5064
        5076
        5084
        5142
        5152
        5164
        5201
        5209
        5268
        5274
        5316
        5359
        5363
        5370
        5389
        5393
        5407
        5428
        5450
        5465
        5492
        5496
        5507
        5519
        5524
        5542
        5543
        5565
        5580
        5593
        5598
        5605
        5634
        5669
        5682
        5707
        5716
        5740
        5773
        5792
        5807
        5811
        5824
        5835
        5871
        5920
        5954
        5980
        6004
        6019
        6033
        6056
        6109
        6123
        6160
        6191
        6240
        6253
        6266
        6303
        6350
        6359
        6379
        6412
        6414
        6425
        6439
        6484
        6503
        6557
        6578
        6597
        6606
        6611
        6623
        6639
        6681
        6690
        6706
        6757
        6767
        6784
        6790
        6812
        6860
        6910
        6918
        6948
        6951
        6991
        6992
        7005
        7021
        7028
        7030
        7043
        7080
        7090
        7097
        7104
        7111
        7115
        7131
        7144
        7159
        7167
        7178
        7190
        7195
        7208
        7214
        7243
        7284
        7289
        7292
        7306
        7311
        7382
        7393
        7412
        7441
        7452
        7473
        7483
        7494
        7517
        7520
        7524
        7529
        7536
        7549
        7574
        7592
        7604
        7620
        7701
        7711
        7729
        7774
        7815
        7850
        7864
        7894
        8027
        8037
        8071
        8081
        8095
        8103
        8112
        8115
        8130
        8149
        8198
        8222
        8232
        8237
        8245
        8247
        8263
        8268
        8296
        8299
        8320
        8321
        8326
        8337
        8354
        8358
        8361
        8393
        8412
        8425
        8438
        8452
        8512
        8545
        8576
        8580
        8614
        8621
        8657
        8685
        8704
        8720
        8722
        8728
        8736
        8747
        8755
        8759
        8775
        8786
        8812
        8820
        8827
        8834
        8846
        8853
        8867
        8870
        8900
        8926
        8954
        8963
        8970
