        48
        56
        74
        150
        194
        222
        228
        245
        255
        277
        298
        322
        347
        360
        362
        372
        405
        464
        481
        498
        579
        614
        626
        642
        703
        732
        757
        776
        794
        798
        810
        819
        821
        831
        849
        872
        879
        963
        994
        1006
        1011
        1047
        1053
        1072
        1083
        1091
        1098
        1107
        1114
        1116
        1138
        1183
        1204
        1218
        1231
        1250
        1259
        1268
        1275
        1284
        1300
        1324
        1409
        1412
        1426
        1464
        1476
        1489
        1561
        1583
        1610
        1643
        1668
        1687
        1708
        1828
        1855
        1864
        1869
        1923
        1942
        1953
        1973
        1982
        2015
        2016
        2033
        2101
        2119
        2212
        2229
        2233
        2245
        2264
        2271
        2339
        2363
        2399
        2416
        2436
        2470
        2477
        2518
        2544
        2562
        2566
        2579
        2596
        2626
        2637
        2672
        2674
        2709
        2714
        2726
        2751
        2764
        2770
        2806
        2817
        2827
        2834
        2892
        2943
        2985
        3002
        3028
        3040
        3053
        3064
        3073
        3078
        3083
        3088
        3095
        3117
        3123
        3164
        3167
        3172
        3218
        3220
        3247
        3286
        3297
        3326
        3333
        3339
        3358
        3377
        3383
        3411
        3460
        3477
        3487
        3507
        3529
        3533
        3539
        3549
        3565
        3664
        3782
        3792
        3814
        3847
        3900
        3909
        3931
        3965
        3978
        3986
        4017
        4030
        4066
        4113
        4119
        4192
        4211
        4219
        4240
        4242
        4265
        4273
        4290
        4299
        4344
        4349
        4369
        4394
        4399
        4404
        4410
        4417
        4449
        4458
        4465
        4474
        4489
        4499
        4507
        4524
        4532
        4534
        4536
        4543
        4582
        4589
        4623
        4624
        4627
        4632
        4634
        4644
        4707
        4726
        4741
        4753
        4765
        4813
        4817
        4830
        4856
        4872
        4877
        4918
        4925
        4938
        4992
        5003
        5011
        5018
        5042
        5049
        5067
        5110
        5115
        5118
        5144
        5157
        5162
        5220
        5253
        5275
        5295
        5301
        5306
        5314
        5328
        5361
        5366
        5378
        5387
        5392
        5402
        5409
        5416
        5436
        5452
        5458
        5462
        5478
        5484
        5489
        5512
        5516
        5540
        5563
        5579
        5586
        5607
        5614
        5620
        5625
        5652
        5669
        5685
        5692
        5703
        5717
        5719
        5764
        5820
        5824
        5828
        5836
        5844
        5857
        5865
        5883
        5908
        5911
        5926
        5960
        6012
        6018
        6048
        6072
        6101
        6110
        6117
        6132
        6155
        6156
        6161
        6164
        6177
        6186
        6224
        6283
        6301
        6307
        6313
        6350
        6366
        6433
        6470
        6520
        6577
        6581
        6585
        6591
        6599
        6658
        6695
        6703
        6718
        6732
        6744
        6747
        6770
        6828
        6838
        6841
        6844
        6851
        6872
        6902
        6918
        6926
        6949
        6988
        6996
        7010
        7014
        7019
        7055
        7095
        7100
        7107
        7108
        7143
        7153
        7170
        7182
        7200
        7224
        7233
        7239
        7244
        7258
        7261
        7270
        7281
        7285
        7389
        7410
        7412
        7415
        7448
        7467
        7505
        7529
        7537
        7540
        7544
        7558
        7568
        7578
        7587
        7597
        7606
        7621
        7644
        7656
        7673
        7748
        7750
        7754
        7756
        7779
        7806
        7842
        7861
        7894
        7899
        7908
        7914
        7928
        7966
        7969
        8005
        8035
        8036
        8042
        8092
        8100
        8105
        8112
        8127
        8143
        8156
        8213
        8255
        8289
        8305
        8308
        8312
        8315
        8319
        8334
        8371
        8381
        8384
        8430
        8451
        8456
        8465
        8475
        8531
        8536
        8570
        8581
        8662
        8685
        8716
        8744
        8779
        8796
        8805
        8826
        8852
        8889
        8913
        8936
