        8
        29
        132
        148
        176
        219
        228
        232
        234
        247
        277
        320
        328
        355
        375
        399
        415
        429
        441
        468
        474
        522
        531
        566
        581
        594
        613
        617
        635
        688
        692
        704
        724
        755
        814
        832
        850
        864
        884
        899
        950
        964
        973
        995
        1014
        1039
        1061
        1084
        1087
        1089
        1091
        1119
        1183
        1197
        1277
        1295
        1327
        1452
        1466
        1477
        1521
        1541
        1573
        1583
        1618
        1634
        1652
        1803
        1831
        1885
        1904
        1935
        1943
        1956
        1967
        2001
        2082
        2111
        2112
        2114
        2129
        2131
        2150
        2154
        2216
        2240
        2332
        2338
        2340
        2350
        2411
        2427
        2439
        2508
        2522
        2569
        2585
        2612
        2620
        2621
        2626
        2631
        2652
        2654
        2689
        2705
        2738
        2767
        2783
        2803
        2830
        2837
        2856
        2917
        2976
        3099
        3104
        3129
        3140
        3145
        3170
        3223
        3289
        3330
        3388
        3440
        3490
        3527
        3547
        3549
        3585
        3599
        3636
        3645
        3654
        3686
        3730
        3754
        3810
        3814
        3827
        3839
        3847
        3859
        3892
        3923
        3949
        3953
        3960
        3963
        3970
        3987
        4002
        4034
        4041
        4069
        4074
        4078
        4096
        4182
        4198
        4234
        4314
        4377
        4408
        4436
        4540
        4549
        4562
        4587
        4605
        4637
        4671
        4677
        4685
        4701
        4758
        4765
        4790
        4792
        4809
        4817
        4877
        4888
        4940
        4955
        4986
        5002
        5037
        5043
        5053
        5103
        5166
        5223
        5240
        5243
        5284
        5291
        5306
        5317
        5353
        5384
        5400
        5405
        5420
        5436
        5464
        5492
        5554
        5578
        5639
        5701
        5720
        5758
        5796
        5808
        5813
        5839
        5901
        5984
        6013
        6018
        6101
        6132
        6135
        6146
        6188
        6202
        6243
        6249
        6262
        6264
        6268
        6360
        6384
        6395
        6426
        6454
        6487
        6557
        6576
        6617
        6624
        6638
        6648
        6653
        6658
        6665
        6686
        6700
        6728
        6800
        6815
        6856
        6870
        6903
        6906
        6940
        6964
        6979
        6982
        7053
        7059
        7065
        7109
        7111
        7114
        7118
        7171
        7192
        7194
        7247
        7279
        7281
        7292
        7293
        7330
        7334
        7341
        7369
        7398
        7417
        7452
        7491
        7510
        7576
        7593
        7640
        7676
        7687
        7728
        7740
        7779
        7834
        7839
        7934
        7970
        8008
        8012
        8041
        8072
        8077
        8109
        8132
        8192
        8201
        8208
        8219
        8228
        8246
        8283
        8327
        8334
        8348
        8362
        8368
        8394
        8419
        8480
        8533
        8591
        8609
        8646
        8721
        8751
        8770
        8820
        8902
        8935
        8942
        8981
