        32
        80
        185
        189
        238
        246
        315
        339
        391
        433
        469
        517
        542
        568
        595
        596
        794
        900
        903
        907
        925
        936
        990
        998
        1014
        1150
        1159
        1201
        1241
        1262
        1280
        1310
        1315
        1346
        1364
        1367
        1423
        1463
        1466
        1503
        1507
        1531
        1550
        1636
        1670
        1682
        1697
        1712
        1717
        1739
        1766
        1784
        1856
        1874
        1903
        1910
        1928
        1988
        2033
        2042
        2051
        2109
        2126
        2133
        2170
        2191
        2202
        2218
        2238
        2261
        2298
        2372
        2374
        2376
        2409
        2418
        2442
        2469
        2494
        2511
        2521
        2573
        2609
        2613
        2651
        2671
        2712
        2732
        2797
        2808
        2810
        2831
        2837
        2843
        2866
        2896
        2913
        2918
        2981
        3102
        3122
        3162
        3212
        3218
        3235
        3260
        3328
        3446
        3514
        3519
        3562
        3577
        3587
        3620
        3632
        3636
        3638
        3706
        3810
        3817
        3827
        3889
        3914
        3967
        3974
        4044
        4063
        4102
        4162
        4216
        4222
        4275
        4367
        4404
        4423
        4533
        4546
        4576
        4583
        4595
        4626
        4641
        4654
        4688
        4696
        4713
        4729
        4788
        4817
        4824
        4829
        4846
        4858
        4938
        4960
        4999
        5034
        5040
        5069
        5075
        5161
        5210
        5230
        5237
        5290
        5298
        5304
        5329
        5362
        5469
        5483
        5549
        5595
        5620
        5653
        5659
        5707
        5724
        5739
        5748
        5769
        5791
        5836
        5868
        5887
        5967
        5986
        5993
        6093
        6110
        6168
        6174
        6181
        6224
        6249
        6279
        6335
        6336
        6366
        6380
        6407
        6411
        6447
        6559
        6666
        6719
        6737
        6764
        6816
        6833
        6840
        6920
        6927
        6966
        7014
        7026
        7049
        7137
        7145
        7190
        7197
        7210
        7342
        7421
        7429
        7443
        7507
        7541
        7562
        7645
        7675
        7702
        7732
        7736
        7767
        7779
        7794
        7847
        7898
        7906
        7936
        7974
        7984
        8004
        8034
        8045
        8052
        8078
        8177
        8198
        8243
        8322
        8326
        8355
        8381
        8395
        8417
        8462
        8477
        8504
        8608
        8705
        8750
        8761
        8784
        8824
        8897
        8898
        8924
        8943
        8955
