        6
        27
        58
        69
        89
        108
        110
        145
        207
        245
        252
        264
        318
        324
        382
        407
        486
        568
        580
        627
        640
        664
        683
        706
        713
        743
        749
        763
        776
        816
        821
        828
        830
        854
        868
        890
        897
        904
        912
        923
        947
        983
        985
        996
        998
        1053
        1137
        1214
        1224
        1268
        1340
        1396
        1415
        1530
        1567
        1583
        1608
        1625
        1701
        1728
        1734
        1771
        1935
        1985
        2023
        2083
        2109
        2118
        2133
        2187
        2294
        2302
        2402
        2461
        2481
        2501
        2534
        2553
        2577
        2612
        2655
        2806
        2845
        3001
        3005
        3019
        3064
        3071
        3084
        3091
        3096
        3122
        3162
        3224
        3248
        3268
        3297
        3342
        3390
        3397
        3407
        3437
        3478
        3489
        3615
        3632
        3635
        3643
        3698
        3750
        3760
        3778
        3814
        3902
        4017
        4030
        4096
        4165
        4180
        4215
        4260
        4300
        4410
        4440
        4463
        4517
        4529
        4547
        4550
        4610
        4614
        4624
        4656
        4704
        4777
        4781
        4810
        4868
        4879
        4889
        4891
        4942
        4949
        5008
        5020
        5089
        5140
        5142
        5208
        5277
        5316
        5356
        5389
        5420
        5489
        5562
        5610
        5657
        5693
        5772
        5789
        5816
        5916
        5946
        5950
        5954
        5989
        6027
        6110
        6141
        6150
        6187
        6230
        6283
        6310
        6321
        6352
        6356
        6364
        6383
        6394
        6517
        6552
        6566
        6592
        6608
        6639
        6717
        6720
        6792
        6939
        6949
        6959
        7017
        7027
        7085
        7101
        7169
        7282
        7319
        7325
        7357
        7368
        7418
        7438
        7516
        7527
        7619
        7628
        7662
        7671
        7706
        7743
        7786
        7800
        7824
        7952
        7981
        7983
        8075
        8083
        8121
        8142
        8149
        8238
        8292
        8323
        8373
        8525
        8555
        8561
        8578
        8600
        8604
        8678
        8708
        8761
        8870
        8874
        8914
