        114
        177
        182
        224
        252
        269
        296
        321
        323
        329
        388
        429
        434
        443
        464
        475
        518
        531
        544
        555
        674
        697
        761
        777
        865
        900
        1108
        1119
        1154
        1192
        1216
        1220
        1226
        1290
        1311
        1334
        1370
        1386
        1391
        1404
        1432
        1462
        1558
        1711
        1843
        1859
        1869
        1877
        1897
        1931
        1942
        1963
        1966
        1984
        2093
        2100
        2155
        2159
        2175
        2185
        2188
        2201
        2310
        2385
        2391
        2460
        2463
        2479
        2551
        2624
        2633
        2669
        2685
        2707
        2731
        2792
        2813
        2877
        2941
        2944
        2958
        2964
        2994
        3026
        3037
        3046
        3156
        3281
        3324
        3364
        3411
        3420
        3435
        3468
        3509
        3531
        3574
        3578
        3590
        3596
        3610
        3621
        3637
        3639
        3643
        3651
        3658
        3671
        3684
        3724
        3764
        3787
        3897
        3904
        3905
        3934
        3968
        4017
        4022
        4041
        4069
        4111
        4125
        4131
        4146
        4151
        4201
        4291
        4297
        4327
        4344
        4354
        4380
        4395
        4515
        4562
        4643
        4671
        4677
        4698
        4736
        4737
        4781
        4838
        4902
        4950
        4967
        4970
        5006
        5009
        5042
        5050
        5108
        5196
        5215
        5226
        5257
        5284
        5293
        5305
        5311
        5318
        5408
        5414
        5452
        5484
        5490
        5493
        5503
        5581
        5613
        5688
        5703
        5711
        5744
        5764
        5813
        5901
        5936
        5986
        6022
        6032
        6047
        6096
        6126
        6127
        6132
        6155
        6201
        6212
        6251
        6295
        6305
        6383
        6427
        6563
        6572
        6578
        6588
        6600
        6624
        6629
        6631
        6650
        6656
        6679
        6689
        6699
        6700
        6803
        6895
        6907
        6945
        6951
        6993
        7043
        7062
        7066
        7070
        7133
        7146
        7152
        7179
        7187
        7199
        7216
        7243
        7246
        7260
        7275
        7284
        7305
        7309
        7317
        7346
        7354
        7369
        7405
        7447
        7474
        7480
        7486
        7527
        7536
        7543
        8035
        8159
        8188
        8220
        8230
        8240
        8295
        8300
        8310
        8347
        8351
        8369
        8396
        8418
        8428
        8429
        8431
        8516
        8541
        8560
        8600
        8632
        8673
        8761
        8768
        8773
        8796
        8828
        8839
        8867
        8923
        8939
        8949
        8956
        8967
        8989
