        22
        58
        63
        166
        181
        183
        187
        192
        215
        224
        241
        250
        258
        264
        272
        320
        333
        381
        391
        394
        436
        471
        494
        497
        501
        565
        584
        587
        667
        675
        679
        690
        730
        753
        801
        834
        840
        873
        893
        944
        977
        1040
        1110
        1119
        1143
        1201
        1205
        1247
        1271
        1327
        1336
        1339
        1359
        1361
        1365
        1399
        1404
        1406
        1448
        1471
        1475
        1484
        1544
        1560
        1564
        1594
        1627
        1670
        1741
        1762
        1775
        1784
        1797
        1811
        1829
        1903
        1918
        1965
        1967
        1971
        1981
        1993
        1999
        2031
        2061
        2066
        2091
        2098
        2150
        2182
        2243
        2266
        2278
        2286
        2295
        2300
        2311
        2323
        2339
        2344
        2346
        2379
        2381
        2412
        2423
        2436
        2476
        2511
        2516
        2603
        2623
        2628
        2661
        2663
        2688
        2731
        2774
        2777
        2834
        2836
        2850
        2911
        2935
        2946
        2951
        2957
        2963
        3010
        3068
        3083
        3091
        3130
        3207
        3210
        3266
        3309
        3340
        3346
        3360
        3422
        3515
        3674
        3692
        3763
        3806
        3814
        3819
        3863
        3871
        3910
        3931
        3962
        3975
        3995
        4002
        4015
        4121
        4162
        4177
        4205
        4264
        4274
        4276
        4316
        4353
        4393
        4415
        4436
        4456
        4515
        4599
        4628
        4784
        4785
        4849
        4853
        4914
        5070
        5161
        5176
        5190
        5197
        5232
        5238
        5276
        5294
        5324
        5329
        5357
        5402
        5424
        5430
        5448
        5450
        5461
        5544
        5572
        5655
        5660
        5665
        5680
        5688
        5731
        5794
        5815
        5833
        5909
        5922
        5950
        5967
        5981
        6087
        6110
        6223
        6264
        6318
        6323
        6340
        6370
        6444
        6449
        6487
        6510
        6554
        6616
        6673
        6676
        6682
        6706
        6719
        6741
        6780
        6819
        6823
        6893
        6897
        6909
        6932
        7052
        7054
        7081
        7091
        7117
        7128
        7138
        7139
        7178
        7196
        7203
        7210
        7220
        7233
        7285
        7363
        7376
        7416
        7426
        7475
        7485
        7596
        7618
        7621
        7649
        7654
        7700
        7705
        7835
        7853
        7869
        7885
        7927
        8003
        8146
        8156
        8285
        8329
        8401
        8497
        8525
        8570
        8611
        8629
        8642
        8647
        8675
        8678
        8779
        8781
        8858
        8886
        8903
        8924
        8997
