        77
        105
        110
        131
        147
        153
        156
        171
        175
        204
        226
        250
        267
        289
        343
        376
        445
        459
        482
        487
        498
        522
        552
        604
        618
        621
        642
        645
        653
        735
        748
        757
        783
        835
        856
        906
        918
        930
        953
        998
        1008
        1013
        1066
        1083
        1091
        1093
        1096
        1105
        1132
        1160
        1178
        1197
        1234
        1258
        1319
        1346
        1411
        1462
        1475
        1497
        1504
        1543
        1625
        1633
        1634
        1677
        1787
        1799
        1805
        1817
        1820
        1824
        1844
        1928
        1951
        1981
        2005
        2070
        2177
        2213
        2359
        2365
        2380
        2418
        2443
        2460
        2465
        2489
        2503
        2514
        2532
        2551
        2556
        2584
        2587
        2612
        2633
        2651
        2705
        2718
        2736
        2740
        2755
        2788
        2808
        2833
        2838
        2935
        3007
        3016
        3046
        3048
        3117
        3119
        3128
        3138
        3181
        3190
        3222
        3236
        3319
        3355
        3369
        3402
        3443
        3465
        3471
        3640
        3652
        3671
        3707
        3715
        3777
        3816
        3822
        3881
        4117
        4125
        4155
        4184
        4192
        4224
        4228
        4239
        4240
        4320
        4329
        4426
        4465
        4499
        4515
        4529
        4556
        4568
        4613
        4657
        4708
        4804
        4812
        4824
        4837
        4845
        4856
        4874
        5044
        5097
        5111
        5134
        5138
        5240
        5299
        5307
        5315
        5345
        5361
        5380
        5415
        5447
        5450
        5483
        5491
        5503
        5554
        5562
        5613
        5665
        5720
        5722
        5736
        5784
        5801
        5864
        5904
        5957
        5973
        5977
        5985
        6010
        6026
        6058
        6082
        6090
        6126
        6171
        6226
        6246
        6286
        6312
        6377
        6412
        6483
        6491
        6509
        6523
        6540
        6558
        6566
        6582
        6585
        6595
        6636
        6638
        6641
        6644
        6652
        6701
        6817
        6861
        6873
        6887
        6902
        6989
        7031
        7049
        7061
        7084
        7093
        7121
        7139
        7152
        7157
        7211
        7218
        7234
        7242
        7260
        7298
        7316
        7331
        7337
        7373
        7377
        7499
        7515
        7591
        7602
        7687
        7747
        7788
        7791
        7840
        7868
        7871
        7892
        7927
        8016
        8038
        8062
        8066
        8103
        8109
        8114
        8126
        8132
        8144
        8222
        8270
        8279
        8293
        8319
        8397
        8431
        8485
        8498
        8517
        8549
        8594
        8615
        8700
        8760
        8794
        8808
        8820
        8826
        8830
        8835
        8842
        8887
        8897
        8915
        8947
        8957
        8976
        8990
