        40
        77
        97
        105
        126
        137
        153
        226
        260
        278
        308
        374
        408
        417
        448
        501
        538
        550
        551
        647
        669
        729
        759
        765
        768
        781
        787
        790
        840
        862
        895
        902
        921
        959
        980
        993
        1102
        1120
        1139
        1230
        1271
        1306
        1320
        1347
        1364
        1449
        1463
        1482
        1513
        1549
        1590
        1596
        1615
        1639
        1664
        1673
        1679
        1684
        1886
        1933
        1977
        2003
        2071
        2094
        2097
        2230
        2243
        2248
        2258
        2276
        2330
        2345
        2371
        2392
        2441
        2466
        2556
        2559
        2652
        2723
        2753
        2776
        2920
        2972
        2999
        3006
        3027
        3031
        3064
        3074
        3089
        3098
        3122
        3142
        3151
        3266
        3316
        3358
        3369
        3388
        3391
        3408
        3454
        3488
        3512
        3560
        3619
        3661
        3681
        3744
        3791
        3798
        3822
        3843
        3846
        3864
        3877
        3893
        3919
        3930
        3935
        3941
        3955
        3982
        4067
        4130
        4191
        4238
        4275
        4317
        4343
        4412
        4425
        4472
        4475
        4494
        4499
        4503
        4517
        4534
        4569
        4571
        4617
        4660
        4724
        4740
        4780
        4861
        4901
        4960
        5044
        5113
        5136
        5146
        5160
        5186
        5197
        5220
        5227
        5267
        5300
        5325
        5356
        5369
        5396
        5408
        5423
        5458
        5472
        5507
        5563
        5573
        5600
        5617
        5622
        5633
        5646
        5672
        5689
        5784
        5794
        5821
        5838
        5852
        5890
        5897
        5959
        6021
        6025
        6107
        6110
        6140
        6148
        6178
        6205
        6227
        6239
        6288
        6295
        6423
        6436
        6440
        6447
        6451
        6496
        6559
        6597
        6634
        6661
        6675
        6680
        6708
        6752
        6776
        6784
        6837
        6858
        6864
        6883
        6901
        6915
        6934
        6946
        6964
        6991
        7021
        7132
        7141
        7169
        7209
        7345
        7364
        7373
        7491
        7517
        7521
        7548
        7566
        7665
        7701
        7715
        7748
        7752
        7776
        7871
        7876
        7934
        7950
        7974
        8031
        8060
        8083
        8094
        8126
        8133
        8176
        8191
        8198
        8238
        8310
        8341
        8421
        8456
        8496
        8530
        8538
        8574
        8583
        8595
        8598
        8634
        8645
        8694
        8747
        8773
        8831
        8857
        8914
