        50
        75
        114
        133
        135
        147
        202
        236
        260
        308
        320
        377
        385
        400
        460
        469
        471
        477
        527
        543
        593
        613
        661
        699
        711
        749
        769
        775
        849
        857
        908
        943
        952
        975
        982
        990
        993
        1031
        1036
        1053
        1138
        1141
        1173
        1338
        1417
        1448
        1517
        1599
        1607
        1621
        1703
        1712
        1735
        1740
        1761
        1799
        1819
        1845
        1857
        1878
        1883
        1918
        1924
        1955
        1969
        2210
        2356
        2372
        2401
        2423
        2424
        2437
        2446
        2481
        2484
        2505
        2564
        2603
        2607
        2656
        2718
        2724
        2726
        2736
        2771
        2789
        2826
        2878
        2956
        3028
        3033
        3074
        3077
        3097
        3147
        3150
        3244
        3257
        3267
        3385
        3412
        3482
        3504
        3567
        3604
        3610
        3643
        3658
        3661
        3679
        3691
        3719
        3758
        3787
        3802
        3859
        3863
        3899
        3914
        3922
        3928
        3936
        3985
        4044
        4052
        4113
        4147
        4157
        4309
        4310
        4458
        4483
        4506
        4529
        4535
        4552
        4623
        4688
        4708
        4733
        4763
        4792
        4842
        4854
        4886
        4919
        4924
        4946
        4954
        4955
        4975
        5053
        5065
        5097
        5137
        5166
        5169
        5173
        5200
        5247
        5265
        5286
        5288
        5302
        5305
        5332
        5335
        5346
        5364
        5379
        5396
        5420
        5426
        5466
        5559
        5591
        5629
        5654
        5672
        5762
        5784
        5799
        5805
        5838
        5841
        5879
        5905
        5912
        5964
        5981
        6037
        6061
        6064
        6069
        6077
        6129
        6136
        6145
        6165
        6173
        6179
        6204
        6212
        6251
        6254
        6294
        6360
        6383
        6428
        6452
        6497
        6506
        6522
        6527
        6541
        6546
        6583
        6644
        6650
        6674
        6713
        6725
        6745
        6799
        6927
        6940
        6967
        7052
        7059
        7083
        7165
        7242
        7246
        7284
        7314
        7333
        7340
        7412
        7458
        7493
        7514
        7529
        7635
        7640
        7667
        7695
        7701
        7740
        7775
        7783
        7856
        7865
        7867
        7869
        7888
        7921
        7929
        7954
        7956
        8006
        8027
        8065
        8077
        8103
        8114
        8162
        8189
        8197
        8252
        8297
        8311
        8319
        8359
        8405
        8420
        8449
        8453
        8476
        8485
        8524
        8530
        8536
        8580
        8663
        8685
        8775
        8803
        8884
        8928
        8936
        8957
        8996
