        41
        47
        105
        143
        173
        264
        300
        312
        330
        332
        337
        380
        399
        464
        491
        495
        506
        519
        590
        644
        677
        681
        693
        706
        711
        718
        766
        818
        824
        826
        844
        865
        871
        909
        924
        927
        957
        972
        975
        1017
        1033
        1054
        1064
        1158
        1208
        1245
        1306
        1313
        1334
        1340
        1369
        1376
        1414
        1542
        1581
        1608
        1648
        1665
        1668
        1712
        1725
        1774
        1805
        1832
        1921
        1930
        1955
        2019
        2049
        2057
        2077
        2157
        2184
        2211
        2256
        2269
        2280
        2359
        2397
        2481
        2510
        2541
        2555
        2579
        2590
        2613
        2653
        2660
        2667
        2682
        2787
        2832
        2873
        2890
        2913
        2922
        2940
        2951
        2958
        2997
        3016
        3035
        3056
        3113
        3130
        3136
        3211
        3252
        3273
        3282
        3290
        3306
        3333
        3338
        3409
        3413
        3459
        3467
        3489
        3501
        3548
        3663
        3940
        3963
        4011
        4013
        4074
        4111
        4116
        4186
        4231
        4250
        4257
        4329
        4446
        4450
        4498
        4535
        4542
        4560
        4614
        4627
        4633
        4658
        4666
        4708
        4730
        4746
        4755
        4778
        4806
        4810
        4860
        4941
        4965
        5008
        5011
        5031
        5035
        5200
        5218
        5256
        5270
        5285
        5336
        5343
        5347
        5469
        5473
        5517
        5560
        5639
        5648
        5680
        5685
        5709
        5765
        5785
        5824
        5835
        5870
        5878
        5887
        5912
        5919
        5922
        5950
        5952
        6009
        6026
        6113
        6117
        6181
        6196
        6237
        6246
        6257
        6259
        6279
        6281
        6294
        6339
        6343
        6349
        6411
        6485
        6511
        6521
        6674
        6698
        6755
        6792
        6891
        6897
        6962
        6979
        7008
        7051
        7070
        7086
        7091
        7131
        7157
        7197
        7242
        7249
        7254
        7262
        7292
        7313
        7332
        7341
        7425
        7433
        7481
        7491
        7494
        7524
        7614
        7645
        7696
        7745
        7750
        7758
        7820
        7883
        7972
        7988
        8003
        8010
        8089
        8187
        8288
        8299
        8300
        8302
        8331
        8343
        8446
        8923
        8984
        8994
