        16
        59
        64
        90
        126
        201
        212
        243
        262
        274
        302
        312
        375
        400
        403
        420
        456
        466
        469
        510
        517
        520
        525
        531
        605
        608
        621
        648
        653
        666
        670
        687
        693
        728
        733
        736
        745
        752
        770
        823
        854
        918
        1089
        1121
        1134
        1151
        1159
        1169
        1180
        1261
        1270
        1376
        1433
        1487
        1501
        1536
        1594
        1672
        1681
        1689
        1692
        1709
        1792
        1800
        1835
        1862
        1890
        1974
        1992
        2041
        2124
        2126
        2185
        2230
        2253
        2259
