        75
        229
        241
        245
        247
        248
        250
        252
        255
        256
        257
        258
        259
        260
        262
        264
        266
        267
        268
        269
        276
        277
        280
        284
        285
        289
        290
        299
        302
        305
        313
        318
        321
        325
        326
        328
        330
        332
        333
        337
        339
        347
        349
        382
        383
        384
        388
        391
        394
        395
        396
        406
        407
        408
        412
        413
        416
        418
        421
        423
        425
        435
        442
        444
        449
        456
        465
        466
        470
        497
        502
        518
        522
        533
        559
        570
        580
        592
        604
        615
        624
        627
        651
        659
        680
        697
        705
        713
        723
        728
        731
        747
        765
        785
        789
        790
        835
        847
        860
        881
        883
        895
        896
        898
        919
        929
        930
        934
        935
        939
        945
        953
        954
        996
        1008
        1064
        1075
        1078
        1099
        1102
        1138
        1149
        1159
        1173
        1187
        1189
        1216
        1221
        1223
        1254
        1257
        1259
        1266
        1277
        1283
        1293
        1298
        1302
        1325
        1327
        1333
        1339
        1340
        1342
        1343
        1353
        1354
        1356
        1382
        1385
        1395
        1401
        1403
        1405
        1409
        1416
        1422
        1449
        1452
        1453
        1689
        1726
        1809
        2016
        2020
        2024
        2053
        2135
        2147
        2194
        2203
        2217
        2241
        2250
        2261
        2286
        2300
        2305
        2395
        2401
        2421
        2451
        2465
        2527
        2561
        2613
        2630
        2656
        2658
        2670
        2671
        2679
        2689
        2728
        2729
        2741
        2761
        2790
        2804
        2810
        2848
        2866
        2874
        2897
        2898
        2903
        2906
        2924
        2925
        3132
        3133
        3169
        3227
        3409
        3444
        3459
        3476
        3516
        3523
        3535
        3558
        3584
        3589
        3593
        3603
        3610
        3612
        3618
        3619
        3622
        3636
        3645
        3649
        3651
        3652
        3660
        3662
        3667
        3670
        3690
        3695
        3697
        3705
        3714
        3730
        3744
        3751
        3764
        3791
        3802
        3812
        3825
        3830
        3860
        3862
        3875
        3887
        3893
        3899
        3919
        3933
        3937
        3961
        3964
        3966
        3968
        3979
        3982
        3987
        3989
        4011
        4024
        4036
        4047
        4066
        4090
        4091
        4095
        4107
        4112
        4115
        4125
        4128
        4135
        4143
        4154
        4182
        4195
        4208
        4233
        4249
        4266
        4267
        4268
        4269
        4278
        4284
        4291
        4303
        4308
        4318
        4325
        4340
        4342
        4349
        4355
        4357
        4362
        4369
        4373
        4378
        4383
        4395
        4403
        4407
        4415
        4417
        4418
        4420
        4428
        4433
        4434
        4437
        4439
        4446
        4450
        4454
        4458
        4463
        4471
        4474
        4480
        4492
        4500
        4508
        4510
        4511
        4514
        4527
        4533
        4536
        4546
        4547
        4552
        4566
        4568
        4571
        4577
        4582
        4585
        4591
        4594
        4595
        4597
        4599
        4601
        4603
        4606
        4607
        4608
        4612
        4614
        4616
        4618
        4622
        4623
        4625
        4627
        4629
        4635
        4639
        4644
        4649
        4652
        4653
        4655
        4660
        4666
        4674
        4675
        4677
        4678
        4679
        4680
        4682
        4685
        4689
        4695
        4700
        4702
        4707
        4715
        4716
        4717
        4722
        4724
        4726
        4729
        4730
        4731
        4733
        4736
        4738
        4739
        4742
        4744
        4750
        4753
        4756
        4757
        4761
        4768
        4782
        4785
        4789
        4793
        4795
        4796
        4798
        4800
        4802
        4803
        4804
        4808
        4809
        4813
        4817
        4818
        4825
        4829
        4833
        4836
        4838
        4842
        4843
        4848
        4849
        4850
        4851
        4853
        4854
        4855
        4857
        4861
        4862
        4866
        4867
        4869
        4873
        4877
        4879
        4881
        4882
        4884
        4885
        4889
        4890
        4891
        4894
        4899
        4900
        4903
        4906
        4910
        4911
        4912
        4914
        4916
        4918
        4924
        4925
        4926
        4933
        4935
        4936
        4941
        4942
        4949
        4953
        4958
        4960
        4962
        4969
        4973
        4977
        4978
        4979
        4980
        4983
        4995
        4996
        4998
        5000
        5003
        5006
        5016
        5018
        5021
        5023
        5024
        5028
        5032
        5033
        5037
        5040
        5041
        5057
        5058
        5060
        5061
        5062
        5063
        5067
        5072
        5074
        5077
        5082
        5090
        5096
        5104
        5105
        5111
        5113
        5118
        5119
        5124
        5125
        5129
        5131
        5137
        5140
        5148
        5152
        5157
        5158
        5163
        5171
        5173
        5181
        5190
        5197
        5200
        5202
        5205
        5208
        5212
        5215
        5219
        5222
        5225
        5230
        5237
        5238
        5240
        5242
        5251
        5254
        5259
        5262
        5263
        5265
        5266
        5269
        5270
        5274
        5282
        5285
        5289
        5291
        5292
        5303
        5310
        5314
        5315
        5316
        5317
        5319
        5320
        5321
        5323
        5324
        5326
        5330
        5332
        5334
        5339
        5340
        5341
        5345
        5349
        5351
        5352
        5357
        5361
        5363
        5366
        5367
        5371
        5372
        5378
        5383
        5385
        5387
        5391
        5392
        5395
        5398
        5400
        5401
        5402
        5403
        5404
        5406
        5407
        5413
        5416
        5417
        5419
        5422
        5423
        5427
        5431
        5432
        5435
        5436
        5437
        5438
        5439
        5446
        5447
        5450
        5453
        5455
        5456
        5457
        5459
        5468
        5469
        5470
        5479
        5481
        5482
        5484
        5499
        5509
        5520
        5524
        5526
        5528
        5531
        5532
        5533
        5534
        5535
        5545
        5546
        5555
        5579
        5580
        5581
        5590
        5597
        5601
        5605
        5633
        5648
        5661
        5668
        5690
        5694
        5697
        5700
        5706
        5707
        5728
        5735
        5748
        5788
        5806
        5834
        5945
        6025
        6046
        6077
