        479
        481
        490
        491
        514
        551
        557
        572
        1086
        1102
        1115
        1121
        1138
        1141
        1142
        1160
        1186
        1214
        1218
        1220
        1236
        1247
        1257
        1258
        1259
        1261
        1267
        1286
        1287
        1288
        1297
        1299
        1301
        1302
        1303
        1306
        1308
        1312
        1313
        1316
        1328
        1332
        1333
        1337
        1343
        1357
        1364
        1370
        1373
        1375
        1376
        1378
        1383
        1385
        1387
        1390
        1399
        1402
        1407
        1432
        1447
        1460
        1510
        1515
        1532
        1564
        1575
        1604
        1649
        1651
        1668
        1754
        1873
        1972
        2013
        2014
        2034
        2213
        2454
        2456
        2459
        2462
        2463
        2466
        2468
        2469
        2472
        2473
        2475
        2476
        2479
        2482
        2485
        2486
        2487
        2489
        2490
        2492
        2493
        2495
        2498
        2499
        2507
        2508
        2511
        2514
        2515
        2517
        2521
        2523
        2525
        2532
        2533
        2543
        2547
        2551
        2552
        2554
        2557
        2567
        2581
        2582
        2588
        2589
        2593
        2599
        2603
        2605
        2613
        2614
        2623
        2624
        2635
        2655
        2666
        2667
        2670
        2686
        2687
        2690
        2699
        2702
        2707
        2719
        2725
        2745
        2765
        2768
        2778
        2783
        2795
        2798
        2799
        2803
        2805
        2811
        2821
        2822
        2824
        2826
        2855
        2863
        2890
        2898
        2909
        2914
        2921
        2943
        2945
        2952
        2964
        2965
        2967
        2972
        2977
        2999
        3011
        3037
        3045
        3052
        3053
        3054
        3071
        3090
        3100
        3114
        3126
        3155
        3164
        3194
        3195
        3215
        3218
        3222
        3223
        3227
        3229
        3237
        3246
        3306
        3308
        3309
        3311
        3318
        3322
        3338
        3355
        3360
        3402
        3428
        3432
        3433
        3453
        3457
        3462
        3466
        3470
        3476
        3477
        3493
        3502
        3517
        3539
        3551
        3567
        3619
        3629
        3631
        3637
        3645
        3646
        3679
        3688
        3698
        3702
        3707
        3715
        3720
        3728
        3736
        3751
        3766
        3772
        3776
        3778
        3782
        3785
        3793
        3796
        3811
        3815
        3823
        3828
        3865
        3880
        3885
        3888
        3892
        3899
        3917
        3930
        3945
        3956
        3959
        3964
        3969
        3982
        3994
        4002
        4011
        4016
        4019
        4061
        4071
        4104
        4118
        4125
        4129
        4130
        4151
        4160
        4167
        4176
        4190
        4195
        4205
        4211
        4217
        4224
        4245
        4255
        4268
        4274
        4276
        4279
        4281
        4294
        4304
        4306
        4312
        4325
        4368
        4369
        4375
        4410
        4425
        4450
        4453
        4480
        4490
        4495
        4497
        4498
        4520
        4523
        4532
        4549
        4550
        4551
        4557
        4569
        4579
        4591
        4607
        4639
        4646
        4653
        4665
        4695
        4697
        4699
        4703
        4725
        4734
        4753
        4761
        4769
        4774
        4784
        4808
        4812
        4817
        4823
        4851
        4857
        4866
        4867
        4882
        4886
        4889
        4906
        4915
        4926
        4933
        4955
        4968
        4971
        4973
        4983
        4986
        4989
        4990
        5028
        5039
        5040
        5072
        5078
        5084
        5089
        5093
        5098
        5104
        5115
        5144
        5157
        5158
        5169
        5203
        5205
        5210
        5216
        5220
        5229
        5231
        5236
        5241
        5253
        5274
        5285
        5288
        5289
        5296
        5300
        5302
        5303
        5311
        5343
        5347
        5351
        5366
        5397
        5425
        5470
        5471
        5525
        5530
        5540
        5552
        5566
        5571
        5582
        5587
        5606
        5611
        5619
        5659
        5683
        5693
        5698
        5701
        5713
        5718
        5735
        5739
        5750
        5754
        5762
        5773
        5775
        5796
        5800
        5804
        5819
        5821
        5836
        5844
        5897
        5899
        5911
        5920
        5926
        5930
        5938
        5944
        5970
        5995
        6037
        6047
        6049
        6065
        6084
        6086
        6094
        6107
        6110
        6132
        6133
        6142
        6154
        6169
        6178
        6195
        6196
        6223
        6228
        6230
        6260
        6280
        6282
        6289
        6297
        6299
        6323
        6345
        6357
        6389
        6405
        6409
        6411
        6438
        6446
        6450
        6455
        6458
        6459
        6491
        6492
        6505
        6509
        6513
        6514
        6557
        6559
        6586
        6590
        6602
        6603
        6608
        6610
        6619
        6627
        6628
        6630
        6634
        6638
        6641
        6658
        6659
        6668
        6682
        6715
        6716
        6719
        6728
        6731
        6740
        6743
        6761
        6773
        6778
        6784
        6793
        6803
        6809
        6811
        6812
        6827
        6836
        6837
        6839
        6842
        6848
        6859
        6860
        6870
        6886
        6894
        6918
        6934
        6943
        6951
        6975
        6984
        6999
        7012
        7021
        7026
        7041
        7046
        7058
        7064
        7075
        7077
        7080
        7082
        7084
        7088
        7095
        7110
        7118
        7120
        7129
        7134
        7165
        7167
        7183
        7184
        7188
        7201
        7208
        7239
        7240
        7249
        7252
        7256
        7271
        7293
        7301
        7311
        7315
        7323
        7331
        7332
        7333
        7341
        7345
        7348
        7350
        7351
        7375
        7376
        7383
        7384
        7386
        7400
        7403
        7414
        7415
        7419
        7443
        7453
        7488
        7493
        7496
        7501
        7502
        7528
        7540
        7550
        7552
        7554
        7557
        7571
        7577
        7595
        7605
        7609
        7610
        7614
        7622
        7625
        7642
        7643
        7674
        7681
        7686
        7689
        7695
        7728
        7745
        7779
        7789
        7796
        7805
        7806
        7811
        7828
        7838
        7843
        7862
        7881
        7888
        7890
        7892
        7899
        7901
        7903
        7910
        7926
        7931
        7937
        7972
        7973
        7975
        7983
        7990
        8012
        8024
        8030
        8040
        8061
        8064
        8074
        8078
        8090
        8098
        8100
        8123
        8140
        8146
        8147
        8148
        8149
        8158
        8160
        8170
        8193
        8195
        8201
        8215
        8218
        8221
        8225
        8227
        8233
        8241
        8243
        8251
        8260
        8264
        8276
        8278
        8300
        8326
        8340
        8352
        8357
        8368
        8378
        8388
        8398
        8402
        8405
        8407
        8432
        8433
        8442
        8448
        8456
        8457
        8459
        8469
        8473
        8487
        8493
        8497
        8515
        8520
        8521
        8535
        8547
        8549
        8554
        8559
        8569
        8570
        8574
        8575
        8581
        8595
        8607
        8611
        8617
        8637
        8651
        8652
