        10
        12
        13
        26
        40
        43
        49
        70
        75
        78
        83
        94
        96
        115
        132
        158
        163
        184
        211
        236
        251
        270
        288
        295
        299
        311
        315
        318
        324
        329
        340
        361
        365
        372
        375
        385
        389
        401
        408
        415
        421
        422
        449
        464
        467
        476
        483
        511
        513
        530
        533
        537
        542
        545
        548
        549
        560
        566
        581
        596
        600
        602
        603
        639
        660
        664
        671
        672
        678
        689
        691
        700
        708
        716
        724
        733
        736
        739
        751
        753
        764
        785
        794
        807
        814
        826
        830
        845
        861
        895
        903
        910
        913
        923
        927
        932
        963
        964
        972
        976
        1000
        1018
        1032
        1039
        1046
        1047
        1050
        1053
        1061
        1065
        1069
        1074
        1075
        1076
        1080
        1085
        1090
        1091
        1102
        1110
        1111
        1117
        1123
        1128
        1134
        1141
        1142
        1156
        1165
        1191
        1201
        1241
        1246
        1261
        1272
        1278
        1280
        1281
        1282
        1289
        1291
        1301
        1318
        1325
        1326
        1332
        1338
        1343
        1344
        1360
        1366
        1373
        1378
        1402
        1413
        1439
        1448
        1449
        1454
        1457
        1460
        1472
        1477
        1492
        1497
        1502
        1503
        1515
        1521
        1528
        1539
        1540
        1544
        1560
        1575
        1576
        1580
        1585
        1589
        1597
        1607
        1616
        1620
        1625
        1638
        1640
        1643
        1653
        1654
        1655
        1660
        1663
        1683
        1692
        1706
        1711
        1712
        1713
        1743
        1749
        1754
        1755
        1761
        1765
        1775
        1785
        1797
        1800
        1813
        1821
        1834
        1845
        1846
        1865
        1877
        1900
        1912
        1928
        1934
        1956
        1958
        1977
        1979
        1988
        1998
        2016
        2088
        2100
        2113
        2121
        2129
        2135
        2137
        2138
        2141
        2142
        2151
        2159
        2172
        2184
        2188
        2195
        2204
        2206
        2208
        2209
        2213
        2214
        2219
        2222
        2229
        2250
        2264
        2266
        2288
        2292
        2299
        2306
        2309
        2311
        2328
        2333
        2340
        2343
        2350
        2351
        2372
        2373
        2374
        2377
        2383
        2384
        2388
        2398
        2401
        2405
        2407
        2438
        2440
        2454
        2473
        2475
        2482
        2488
        2491
        2498
        2507
        2510
        2518
        2529
        2530
        2536
        2547
        2556
        2563
        2564
        2591
        2626
        2634
        2646
        2655
        2659
        2667
        2668
        2679
        2688
        2701
        2705
        2710
        2722
        2726
        2732
        2742
        2755
        2756
        2787
        2797
        2800
        2805
        2817
        2829
        2838
        2841
        2850
        2865
        2876
        2895
        2920
        2930
        2944
        2950
        2957
        2959
        2962
        2966
        2977
        2984
        2986
        2988
        2991
        2997
        3010
        3013
        3018
        3024
        3043
        3045
        3080
        3087
        3109
        3118
        3124
        3128
        3129
        3130
        3159
        3162
        3163
        3175
        3176
        3183
        3189
        3208
        3256
        3258
        3267
        3274
        3276
        3289
        3295
        3304
        3308
        3314
        3318
        3325
        3326
        3333
        3340
        3344
        3348
        3350
        3356
        3361
        3368
        3384
        3390
        3394
        3399
        3402
        3407
        3419
        3427
        3430
        3437
        3445
        3447
        3450
        3453
        3454
        3455
        3458
        3462
        3474
        3492
        3495
        3499
        3500
        3502
        3516
        3517
        3518
        3522
        3524
        3526
        3532
        3534
        3535
        3537
        3542
        3544
        3554
        3567
        3574
        3589
        3598
        3601
        3604
        3606
        3632
        3647
        3653
        3654
        3664
        3666
        3686
        3697
        3700
        3703
        3708
        3709
        3711
        3716
        3721
        3728
        3733
        3740
        3746
        3769
        3774
        3783
        3784
        3787
        3788
        3808
        3813
        3817
        3825
        3840
        3848
        3861
        3871
        3900
        3903
        3929
        4209
        4211
        4223
        4227
        4238
        4247
        4251
        4256
        4263
        4268
        4292
        4303
        4308
        4311
        4324
        4335
        4354
        4374
        4385
        4392
        4398
        4406
        4410
        4411
        4412
        4427
        4428
        4434
        4443
        4450
        4460
        4465
        4475
        4480
        4481
        4489
        4502
        4509
        4526
        4530
        4541
        4567
        4574
        4595
        4604
        4627
        4635
        4639
        4646
        4654
        4673
        4690
        4692
        4697
        4701
        4711
        4712
        4718
        4723
        4729
        4739
        4743
        4751
        4759
        4764
        4776
        4781
        4791
        4795
        4812
        4813
        4817
        4829
        4843
        4848
        4854
        4856
        4864
        4873
        4884
        4888
        4894
        4910
        4921
        4928
        4931
        4932
        4953
        4954
        4963
        4974
        4981
        4982
        4987
        4998
        5002
        5008
        5009
        5015
        5024
        5028
        5029
        5030
        5038
        5047
        5050
        5052
        5061
        5087
        5089
        5104
        5116
        5126
        5127
        5140
        5146
        5149
        5158
        5160
        5174
        5184
        5196
        5200
        5202
        5216
        5222
        5226
        5256
        5260
        5261
        5262
        5271
        5273
        5277
        5292
        5308
        5315
        5327
        5334
        5337
        5338
        5353
        5356
        5372
        5379
        5389
        5395
        5403
        5404
        5406
        5409
        5410
        5420
        5433
        5436
        5442
        5448
        5462
        5463
        5464
        5472
        5487
        5488
        5496
        5505
        5506
        5511
        5517
        5519
        5522
        5536
        5537
        5543
        5555
        5556
        5557
        5560
        5575
        5578
        5594
        5626
        5628
        5632
        5634
        5644
        5645
        5657
        5669
        5680
        5688
        5691
        5692
        5714
        5721
        5723
        5735
        5744
        5755
        5770
        5775
        5777
        5782
        5788
        5797
        5809
        5816
        5822
        5852
        5857
        5860
        5861
        5862
        5870
        5873
        5887
        5892
        5903
        5937
        5951
        5959
        5968
        5969
        5970
        5973
        5977
        5982
        5996
        5998
        6008
        6017
        6022
        6025
        6039
        6053
        6060
        6077
        6083
        6097
        6103
        6114
        6135
        6136
        6155
        6158
        6166
        6170
        6175
        6194
        6209
        6219
        6220
        6229
        6235
        6236
        6246
        6281
        6285
        6291
        6308
        6314
        6317
        6326
        6329
        6342
        6345
        6358
        6362
        6377
        6380
        6387
        6403
        6408
        6432
        6434
        6450
        6453
        6479
        6485
        6489
        6496
        6506
        6514
        6518
        6520
        6522
        6536
        6538
        6551
        6553
        6562
        6568
        6577
        6599
        6611
        6620
        6624
        6639
        6643
        6649
        6657
        6661
        6665
        6666
        6681
        6688
        6690
        6714
        6717
        6720
        6721
        6725
        6746
        6758
        6768
        6770
        6771
        6778
        6780
        6783
        6788
        6791
        6797
        6800
        6806
        6808
        6811
        6812
        6814
        6817
        6832
        6834
        6842
        6869
        6881
        6893
        6903
        6908
        6913
        6918
        6919
        6920
        6921
        6929
        6964
        6973
        6975
        6985
        6987
        6993
        7004
        7014
        7022
        7029
        7035
        7059
        7064
        7066
        7067
        7071
        7083
        7084
        7087
        7088
        7096
        7117
        7131
        7139
        7140
        7173
        7174
        7187
        7190
        7192
        7202
        7232
        7240
        7245
        7250
        7266
        7287
        7288
        7299
        7305
        7311
        7313
        7315
        7318
        7319
        7322
        7332
        7336
        7337
        7362
        7363
        7383
        7393
        7396
        7397
        7406
        7414
        7416
        7419
        7422
        7425
        7426
        7431
        7441
        7443
        7447
        7450
        7459
        7472
        7482
        7506
        7507
        7521
        7535
        7549
        7550
        7551
        7553
        7556
        7560
        7561
        7587
        7594
        7597
        7606
        7607
        7616
        7619
        7633
        7636
        7638
        7644
        7654
        7676
        7681
        7688
        7691
        7697
        7698
        7709
        7712
        7717
        7721
        7735
        7740
        7746
        7750
        7752
        7762
        7777
        7800
        7805
        7807
        7812
        7815
        7826
        7828
        7829
        7838
        7839
        7848
        7859
        7865
        7876
        7877
        7882
        7894
        7904
        7910
        7920
        7931
        7934
        7942
        7945
        7993
        8005
        8019
        8030
        8051
        8064
        8073
        8075
        8084
        8088
        8097
        8100
        8103
        8106
        8111
        8118
        8127
        8131
        8141
        8148
        8153
        8183
        8189
        8194
        8204
        8210
        8214
        8230
        8233
        8236
        8237
        8243
        8263
        8266
        8272
        8290
        8296
        8313
        8329
        8339
        8373
        8388
        8394
        8410
        8419
        8425
        8437
        8446
        8454
        8458
        8460
        8466
        8477
        8484
        8495
        8512
        8514
        8515
        8516
        8518
        8521
        8539
        8542
        8555
        8560
        8595
        8598
        8603
        8605
        8611
        8616
        8633
        8660
        8663
        8677
        8683
        8687
        8692
        8693
        8696
        8701
        8713
        8716
        8718
        8745
        8747
        8749
        8751
        8752
        8755
        8769
        8778
        8794
        8797
        8798
        8806
        8812
        8825
        8832
        8853
        8866
        8897
        8899
        8907
        8925
        8926
        8933
        8940
        8943
        8946
        8957
        8960
        8967
        8970
        8974
        8976
        8993
