        7
        16
        20
        27
        67
        68
        70
        76
        84
        85
        100
        102
        108
        119
        121
        128
        135
        139
        147
        155
        169
        170
        175
        190
        199
        203
        204
        213
        225
        259
        273
        278
        282
        290
        291
        301
        305
        316
        320
        327
        341
        342
        346
        347
        351
        358
        369
        370
        389
        390
        395
        398
        403
        404
        405
        417
        428
        431
        434
        437
        442
        459
        460
        461
        470
        474
        475
        476
        485
        492
        494
        497
        525
        536
        540
        541
        545
        548
        549
        556
        558
        575
        581
        592
        594
        597
        609
        610
        617
        624
        631
        634
        638
        639
        648
        652
        655
        676
        677
        702
        704
        705
        716
        718
        732
        759
        761
        764
        765
        769
        784
        787
        801
        809
        811
        812
        822
        823
        825
        834
        842
        846
        853
        857
        871
        895
        907
        915
        934
        946
        955
        968
        977
        985
        1000
        1001
        1008
        1014
        1020
        1022
        1041
        1045
        1048
        1049
        1069
        1070
        1074
        1088
        1098
        1125
        1128
        1129
        1130
        1132
        1141
        1144
        1153
        1156
        1157
        1171
        1173
        1181
        1187
        1190
        1206
        1240
        1250
        1253
        1289
        1291
        1293
        1294
        1300
        1310
        1313
        1318
        1327
        1341
        1343
        1348
        1355
        1357
        1370
        1372
        1373
        1391
        1399
        1408
        1410
        1433
        1456
        1458
        1459
        1462
        1466
        1480
        1482
        1483
        1496
        1505
        1526
        1528
        1567
        1575
        1581
        1594
        1598
        1605
        1610
        1628
        1632
        1650
        1654
        1659
        1672
        1673
        1698
        1707
        1711
        1716
        1723
        1729
        1746
        1753
        1763
        1771
        1775
        1788
        1791
        1796
        1799
        1804
        1805
        1807
        1823
        1829
        1831
        1854
        1868
        1874
        1884
        1899
        1905
        1946
        1957
        1981
        1991
        2000
        2011
        2016
        2020
        2042
        2052
        2054
        2055
        2060
        2063
        2073
        2075
        2077
        2087
        2088
        2094
        2099
        2102
        2111
        2115
        2120
        2124
        2127
        2129
        2160
        2161
        2163
        2176
        2186
        2189
        2190
        2196
        2199
        2209
        2212
        2217
        2219
        2220
        2224
        2225
        2235
        2240
        2243
        2245
        2269
        2275
        2277
        2283
        2294
        2295
        2296
        2320
        2326
        2356
        2360
        2361
        2367
        2371
        2386
        2387
        2393
        2403
        2417
        2429
        2432
        2441
        2445
        2448
        2450
        2457
        2462
        2463
        2468
        2497
        2505
        2522
        2525
        2582
        2583
        2602
        2624
        2631
        2639
        2669
        2676
        2694
        2722
        2740
        2772
        2780
        2785
        2789
        2793
        2810
        2814
        2817
        2820
        2835
        2848
        2868
        2871
        2881
        2897
        2913
        2920
        2933
        2935
        2956
        2961
        2984
        3000
        3006
        3028
        3048
        3049
        3052
        3054
        3057
        3059
        3074
        3076
        3081
        3092
        3105
        3114
        3120
        3140
        3158
        3209
        3216
        3223
        3225
        3233
        3234
        3241
        3244
        3260
        3261
        3265
        3266
        3276
        3278
        3280
        3285
        3292
        3298
        3306
        3315
        3321
        3331
        3335
        3336
        3350
        3356
        3373
        3386
        3400
        3413
        3414
        3419
        3432
        3433
        3462
        3486
        3495
        3533
        3541
        3594
        3622
        3703
        3708
        3749
        3821
        3918
        3937
        3999
        4004
        4015
        4020
        4035
        4062
        4083
        4243
        4510
        4536
        4602
        4792
        4846
        4860
        4912
        4915
        4917
        4923
        4924
        4926
        4928
        4929
        4932
        4936
        4937
        4938
        4939
        4941
        4944
        4950
        4957
        4960
        4964
        4968
        4972
        4977
        4978
        4980
        4984
        4985
        4992
        5001
        5006
        5008
        5012
        5013
        5016
        5017
        5022
        5023
        5025
        5033
        5034
        5037
        5045
        5047
        5053
        5056
        5061
        5068
        5074
        5080
        5085
        5095
        5105
        5106
        5122
        5145
        5161
        5165
        5182
        5192
        5193
        5213
        5215
        5221
        5229
        5241
        5247
        5264
        5270
        5276
        5283
        5290
        5295
        5299
        5318
        5321
        5331
        5333
        5337
        5354
        5359
        5366
        5392
        5393
        5407
        5410
        5416
        5425
        5427
        5431
        5443
        5448
        5451
        5456
        5463
        5468
        5475
        5484
        5498
        5503
        5513
        5518
        5537
        5542
        5543
        5546
        5557
        5567
        5581
        5596
        5600
        5602
        5604
        5622
        5625
        5630
        5635
        5641
        5648
        5664
        5665
        5678
        5679
        5687
        5689
        5698
        5703
        5708
        5725
        5743
        5750
        5753
        5759
        5792
        5794
        5796
        5797
        5800
        5804
        5807
        5810
        5814
        5817
        5823
        5824
        5828
        5835
        5839
        5840
        5843
        5855
        5861
        5865
        5870
        5875
        5880
        5883
        5884
        5900
        5902
        5903
        5904
        5917
        5922
        5924
        5933
        5940
        5947
        5948
        5953
        5960
        5963
        5964
        5983
        5994
        6017
        6020
        6022
        6027
        6032
        6035
        6052
        6064
        6081
        6082
        6089
        6092
        6097
        6099
        6128
        6139
        6142
        6154
        6166
        6174
        6178
        6183
        6185
        6188
        6204
        6215
        6218
        6222
        6224
        6230
        6232
        6244
        6251
        6254
        6270
        6280
        6283
        6285
        6287
        6292
        6299
        6315
        6323
        6349
        6350
        6356
        6358
        6362
        6364
        6368
        6374
        6379
        6384
        6388
        6399
        6414
        6429
        6430
        6435
        6444
        6447
        6454
        6460
        6471
        6475
        6480
        6487
        6497
        6529
        6531
        7094
        7100
        7102
        7113
        7118
        7120
        7123
        7129
        7132
        7134
        7145
        7174
        7177
        7179
        7186
        7192
        7194
        7205
        7211
        7212
        7228
        7240
        7260
        7269
        7276
        7294
        7316
        7321
        7331
        7332
        7335
        7346
        7354
        7357
        7360
        7376
        7392
        7397
        7406
        7409
        7414
        7435
        7446
        7454
        7465
        7483
        7488
        7489
        7500
        7502
        7519
        7526
        7528
        7544
        7548
        7555
        7557
        7559
        7561
        7567
        7569
        7575
        7592
        7607
        7637
        7640
        7644
        7645
        7666
        7679
        7697
        7701
        7711
        7712
        7715
        7721
        7730
        7739
        7745
        7751
        7759
        7764
        7767
        7771
        7772
        7789
        7794
        7812
        7836
        7842
        7850
        7853
        7865
        7888
        7897
        7909
        7917
        7924
        7936
        7949
        7957
        7959
        7971
        7982
        8000
        8003
        8034
        8037
        8044
        8047
        8052
        8053
        8055
        8078
        8082
        8092
        8109
        8117
        8118
        8147
        8156
        8158
        8159
        8169
        8172
        8174
        8175
        8198
        8203
        8211
        8227
        8229
        8235
        8237
        8256
        8259
        8265
        8275
        8276
        8279
        8284
        8293
        8304
        8308
        8311
        8315
        8317
        8320
        8321
        8325
        8338
        8347
        8366
        8368
        8370
        8400
        8430
        8433
        8442
        8453
        8484
        8489
        8492
        8501
        8510
        8516
        8517
        8529
        8566
        8573
        8574
        8577
        8584
        8616
        8625
        8628
        8630
        8631
        8637
        8642
        8648
        8651
        8652
        8661
        8676
        8679
        8693
        8697
        8711
        8728
        8731
        8732
        8737
        8750
        8751
        8756
        8771
        8783
        8784
        8818
        8835
        8847
        8849
        8854
        8856
        8871
        8886
        8897
        8902
        8927
        8936
        8953
        8956
        8961
        8962
        8967
        8985
