        8
        14
        18
        21
        24
        26
        33
        34
        62
        69
        87
        93
        94
        103
        108
        148
        152
        161
        170
        183
        188
        198
        208
        218
        226
        234
        239
        247
        256
        258
        269
        271
        277
        290
        293
        324
        329
        331
        337
        343
        353
        360
        679
        709
        818
        827
        835
        841
        842
        845
        870
        877
        892
        919
        923
        942
        944
        956
        975
        1001
        1037
        1043
        1058
        1076
        1098
        1099
        1100
        1106
        1107
        1123
        1136
        1137
        1170
        1172
        1177
        1196
        1211
        1215
        1228
        1238
        1241
        1244
        1252
        1288
        1294
        1307
        1310
        1314
        1352
        1364
        1372
        1381
        1395
        1398
        1429
        1436
        1437
        1439
        1446
        1460
        1486
        1508
        1520
        1527
        1535
        1537
        1559
        1572
        1579
        1585
        1591
        1592
        1593
        1599
        1600
        1601
        1604
        1612
        1619
        1620
        1630
        1633
        1634
        1639
        1641
        1658
        1659
        1663
        1832
        2189
        2371
        2405
        2440
        2456
        2571
        2659
        2719
        2730
        2807
        2938
        2940
        2941
        3136
        3436
        3458
        3459
        3460
        3462
        3466
        3469
        3488
        3490
        3492
        3494
        3497
        3498
        3517
        3519
        3527
        3534
        3536
        3538
        3539
        3540
        3564
        3578
        3585
        3590
        3597
        3600
        3606
        3616
        3618
        3625
        3630
        3642
        3654
        3661
        3668
        3678
        3686
        3687
        3691
        3698
        3710
        3711
        3714
        3723
        3735
        3743
        4011
        4013
        4061
        4244
        4261
        4274
        4277
        4279
        4284
        4286
        4289
        4299
        4303
        4308
        4319
        4321
        4326
        4344
        4345
        4346
        4348
        4352
        4355
        4358
        4363
        4365
        4370
        4372
        4377
        4390
        4405
        4409
        4417
        4422
        4425
        4448
        4452
        4865
        4874
        4891
        4913
        4927
        4944
        4955
        4969
        4979
        4997
        5001
        5010
        5023
        5026
        5032
        5042
        5055
        5065
        5077
        5082
        5085
        5087
        5110
        5136
        5145
        5150
        5165
        5169
        5173
        5182
        5183
        5190
        5193
        5194
        5196
        5198
        5203
        5207
        5212
        5214
        5216
        5224
        5227
        5230
        5232
        5234
        5240
        5245
        5249
        5250
        5252
        5266
        5275
        5283
        5288
        5291
        5302
        5303
        5310
        5321
        5326
        5336
        5340
        5343
        5345
        5364
        5366
        5367
        5375
        5396
        5407
        5421
        5437
        5441
        5454
        5457
        5463
        5477
        5479
        5482
        5501
        5506
        5525
        5532
        5537
        5538
        5539
        5547
        5577
        5598
        5599
        5618
        5621
        5622
        5625
        5630
        5633
        5658
        5664
        5675
        5681
        5705
        5722
        5726
        5727
        5734
        5742
        5747
        5761
        5766
        5768
        5775
        5818
        5821
        5832
        5847
        5854
        5860
        5865
        5878
        5886
        5902
        5911
        5928
        5949
        5951
        5961
        5966
        5976
        5985
        5988
        5995
        5997
        5998
        6004
        6015
        6026
        6037
        6043
        6045
        6047
        6048
        6060
        6075
        6084
        6094
        6105
        6111
        6161
        6164
        6165
        6173
        6179
        6181
        6183
        6190
        6218
        6246
        6256
        6261
        6265
        6279
        6281
        6297
        6300
        6318
        6325
        6336
        6351
        6355
        6359
        6369
        6375
        6381
        6387
        6401
        6404
        6416
        6425
        6430
        6431
        6434
        6452
        6475
        6491
        6499
        6506
        6543
        6546
        6552
        6570
        6571
        6599
        6618
        6622
        6630
        6631
        6639
        6642
        6649
        6650
        6655
        6669
        6691
        6696
        6707
        6716
        6726
        6731
        6732
        6739
        6761
        6770
        6774
        6781
        6782
        6785
        6802
        6807
        6815
        6833
        6845
        6846
        6847
        6857
        6859
        6864
        6880
        6881
        6888
        6889
        6895
        6899
        6900
        6903
        6913
        6925
        6927
        6930
        6932
        6942
        6956
        6965
        6966
        6969
        6972
        6977
        6983
        6994
        6996
        7008
        7010
        7016
        7033
        7038
        7044
        7050
        7081
        7087
        7092
        7097
        7099
        7108
        7110
        7119
        7128
        7129
        7132
        7133
        7136
        7139
        7144
        7150
        7156
        7161
        7167
        7168
        7172
        7177
        7182
        7196
        7204
        7205
        7213
        7218
        7230
        7236
        7238
        7243
        7245
        7254
        7261
        7263
        7271
        7289
        7296
        7314
        7325
        7340
        7342
        7361
        7370
        7379
        7380
        7381
        7383
        7388
        7396
        7398
        7406
        7420
        7430
        7433
        7434
        7435
        7436
        7438
        7466
        7470
        7479
        7494
        7497
        7506
        7515
        7521
        7528
        7535
        7542
        7551
        7568
        7576
        7582
        7585
        7596
        7605
        7614
        7624
        7625
        7634
        7647
        7648
        7650
        7656
        7659
        7662
        7680
        7690
        7692
        7698
        7702
        7707
        7722
        7726
        7729
        7732
        7733
        7746
        7761
        7763
        7769
        7789
        7794
        7796
        7810
        7821
        7830
        7833
        7836
        7867
        7868
        7875
        7883
        7887
        7890
        7891
        7906
        7909
        7918
        7921
        7927
        7934
        7950
        7966
        7988
        7996
        8008
        8010
        8012
        8017
        8024
        8041
        8043
        8044
        8048
        8062
        8071
        8074
        8078
        8081
        8086
        8088
        8092
        8098
        8099
        8103
        8121
        8122
        8124
        8136
        8139
        8141
        8149
        8151
        8152
        8155
        8171
        8186
        8194
        8201
        8202
        8205
        8206
        8207
        8212
        8217
        8261
        8270
        8289
        8298
        8299
        8308
        8314
        8317
        8327
        8328
        8334
        8336
        8340
        8348
        8354
        8359
        8367
        8382
        8383
        8386
        8388
        8405
        8406
        8413
        8414
        8427
        8428
        8436
        8437
        8441
        8443
        8444
        8464
        8470
        8471
        8480
        8486
        8491
        8493
        8494
        8495
        8501
        8507
        8508
        8509
        8513
        8514
        8519
        8521
        8529
        8539
        8569
        8574
        8581
        8586
        8587
        8590
        8595
        8601
        8624
        8625
        8638
        8645
        8647
        8649
        8658
        8673
        8680
        8686
        8691
        8693
        8701
        8711
        8718
        8726
        8730
        8748
        8760
        8763
        8771
        8772
        8778
        8795
        8798
        8806
        8809
        8816
        8818
        8823
        8836
        8883
        8896
        8897
        8899
        8912
        8913
        8915
        8935
        8956
        8957
        8968
        8973
        8979
        8983
