        20
        45
        61
        62
        70
        77
        78
        85
        96
        99
        119
        132
        139
        143
        171
        175
        181
        185
        191
        206
        234
        237
        242
        253
        255
        265
        279
        287
        294
        311
        325
        328
        332
        336
        346
        347
        376
        385
        402
        424
        426
        431
        450
        451
        460
        463
        491
        507
        510
        512
        533
        534
        547
        550
        553
        576
        577
        584
        619
        658
        664
        681
        683
        685
        689
        696
        702
        703
        706
        707
        709
        711
        716
        717
        721
        726
        728
        729
        732
        734
        737
        748
        752
        753
        757
        759
        762
        768
        770
        772
        776
        788
        795
        801
        807
        830
        833
        840
        843
        860
        866
        883
        889
        893
        909
        913
        916
        923
        949
        981
        994
        996
        997
        1007
        1011
        1018
        1021
        1030
        1031
        1052
        1060
        1061
        1074
        1087
        1093
        1100
        1109
        1139
        1143
        1147
        1151
        1161
        1180
        1205
        1208
        1225
        1228
        1233
        1241
        1247
        1249
        1275
        1287
        1298
        1306
        1308
        1313
        1322
        1329
        1338
        1353
        1359
        1360
        1368
        1369
        1381
        1390
        1391
        1400
        1404
        1407
        1415
        1423
        1474
        1484
        1546
        1554
        1561
        1614
        1623
        1646
        1691
        1777
        1792
        1803
        1852
        1886
        1890
        1906
        1910
        2065
        2072
        2088
        2155
        2156
        2160
        2166
        2171
        2200
        2203
        2205
        2213
        2222
        2255
        2257
        2259
        2260
        2274
        2277
        2278
        2282
        2283
        2286
        2289
        2292
        2293
        2294
        2295
        2306
        2309
        2333
        2334
        2357
        2361
        2387
        2409
        2427
        2445
        2466
        2474
        2548
        2557
        2566
        2584
        2653
        2657
        2660
        2662
        2666
        2673
        2679
        2682
        2685
        2694
        2699
        2701
        2703
        2704
        2705
        2707
        2711
        2714
        2715
        2719
        2728
        2730
        2734
        2735
        2736
        2741
        2747
        2748
        2751
        2757
        2759
        2763
        2771
        2777
        2780
        2781
        2782
        2787
        2789
        2792
        2795
        2799
        2805
        2809
        2811
        2828
        2829
        2834
        2836
        2839
        2840
        2858
        2861
        2867
        2878
        2882
        2902
        2913
        2928
        2937
        2946
        2955
        2971
        2977
        2982
        2984
        2987
        3010
        3017
        3023
        3025
        3039
        3051
        3060
        3069
        3071
        3075
        3078
        3086
        3092
        3093
        3097
        3102
        3104
        3107
        3112
        3113
        3114
        3116
        3117
        3118
        3123
        3133
        3134
        3141
        3146
        3183
        3191
        3195
        3202
        3203
        3204
        3209
        3221
        3227
        3235
        3236
        3247
        3257
        3259
        3264
        3268
        3272
        3275
        3278
        3287
        3299
        3312
        3319
        3334
        3335
        3359
        3364
        3373
        3377
        3385
        3389
        3395
        3404
        3414
        3416
        3420
        3426
        3454
        3459
        3461
        3473
        3491
        3492
        3507
        3513
        3515
        3521
        3528
        3533
        3558
        3561
        3576
        3591
        3609
        3610
        3612
        3617
        3620
        3623
        3636
        3641
        3648
        3658
        3659
        3675
        3681
        3689
        3704
        3711
        3725
        3737
        3740
        3743
        3746
        3748
        3753
        3758
        3761
        3776
        3784
        3788
        3793
        3800
        3806
        3831
        3834
        3836
        3837
        5168
        5174
        5175
        5176
        5177
        5179
        5181
        5182
        5183
        5184
        5187
        5194
        5195
        5196
        5204
        5205
        5207
        5208
        5211
        5213
        5216
        5217
        5221
        5223
        5226
        5229
        5231
        5234
        5236
        5237
        5238
        5250
        5251
        5253
        5257
        5267
        5271
        5274
        5284
        5293
        5295
        5297
        5298
        5303
        5310
        5317
        5322
        5331
        5334
        5338
        5339
        5342
        5347
        5361
        5362
        5369
        5387
        5392
        5396
        5410
        5416
        5420
        5428
        5435
        5440
        5443
        5447
        5456
        5460
        5471
        5472
        5477
        5486
        5500
        5506
        5512
        5516
        5518
        5535
        5540
        5543
        5546
        5556
        5560
        5565
        5582
        5585
        5587
        5600
        5603
        5605
        5609
        5613
        5620
        5625
        5631
        5657
        5668
        5671
        5677
        5686
        5689
        5695
        5697
        5698
        5700
        5704
        5707
        5724
        5730
        5735
        5741
        5749
        5750
        5763
        5766
        5769
        5785
        5787
        5797
        5799
        5804
        5815
        5816
        5827
        5841
        5844
        5845
        5849
        5859
        5862
        5874
        5879
        5885
        5901
        5911
        5924
        5926
        5928
        5930
        5936
        5937
        5956
        5959
        5963
        5969
        5973
        5983
        5986
        5996
        6003
        6004
        6005
        6011
        6023
        6025
        6036
        6039
        6056
        6060
        6081
        6103
        6120
        6121
        6124
        6126
        6137
        6138
        6146
        6151
        6155
        6163
        6198
        6203
        6208
        6211
        6212
        6213
        6215
        6218
        6224
        6231
        6243
        6253
        6256
        6262
        6270
        6277
        6279
        6282
        6290
        6293
        6297
        6308
        6319
        6320
        6321
        6335
        6336
        6343
        6348
        6356
        6373
        6379
        6382
        6384
        6412
        6423
        6438
        6442
        6447
        6452
        6455
        6459
        6465
        6468
        6478
        6480
        6483
        6486
        6494
        6510
        6518
        6522
        6528
        6532
        6533
        6540
        6559
        6571
        6580
        6596
        6619
        6627
        6632
        6639
        6643
        6644
        6646
        6649
        6660
        6662
        6663
        6675
        6697
        6698
        6699
        6703
        6705
        6711
        6712
        6714
        6724
        6728
        6730
        6731
        6748
        6751
        6752
        6762
        6766
        6767
        6770
        6772
        6779
        6789
        6790
        6812
        6823
        6827
        6831
        6833
        6834
        6838
        6841
        6844
        6858
        6861
        6867
        6868
        6889
        6893
        6897
        6909
        6919
        6921
        6929
        6932
        6939
        6950
        6967
        6973
        6977
        6986
        6990
        6995
        7003
        7008
        7013
        7015
        7019
        7031
        7044
        7051
        7052
        7062
        7072
        7083
        7089
        7090
        7105
        7116
        7119
        7124
        7139
        7143
        7152
        7153
        7155
        7160
        7184
        7192
        7194
        7197
        7198
        7208
        7224
        7245
        7248
        7251
        7260
        7265
        7268
        7283
        7288
        7290
        7296
        7305
        7307
        7309
        7310
        7320
        7340
        7345
        7351
        7353
        7355
        7362
        7363
        7371
        7375
        7378
        7379
        7388
        7401
        7409
        7412
        7421
        7432
        7445
        7454
        7480
        7487
        7490
        7513
        7520
        7521
        7522
        7529
        7546
        7556
        7565
        7569
        7574
        7580
        7609
        7614
        7625
        7626
        7629
        7636
        7639
        7649
        7659
        7670
        7676
        7683
        7698
        7711
        7735
        7738
        7755
        7769
        7772
        7788
        7791
        7794
        7799
        7800
        7806
        7808
        7809
        7818
        7820
        7823
        7824
        7830
        7835
        7841
        7842
        7846
        7848
        7852
        7860
        7861
        7864
        7872
        7875
        7886
        7891
        7895
        7909
        7910
        7915
        7940
        7949
        7958
        7963
        7964
        7972
        7984
        7988
        8001
        8007
        8010
        8014
        8017
        8027
        8031
        8038
        8041
        8047
        8052
        8055
        8062
        8065
        8075
        8081
        8086
        8093
        8098
        8103
        8105
        8116
        8120
        8126
        8133
        8137
        8150
        8153
        8156
        8158
        8165
        8167
        8171
        8180
        8190
        8203
        8205
        8206
        8209
        8218
        8221
        8242
        8254
        8259
        8274
        8277
        8279
        8292
        8295
        8303
        8311
        8313
        8314
        8322
        8325
        8336
        8339
        8341
        8343
        8344
        8348
        8352
        8353
        8373
        8403
        8426
        8429
        8444
        8463
        8469
        8486
        8490
        8501
        8506
        8523
        8539
        8569
        8585
        8586
        8632
        8634
        8638
        8671
        8678
        8728
        8730
        8765
        8773
        8781
        8788
        8805
        8835
        8848
        8927
        8978
