        51
        65
        86
        211
        237
        267
        294
        296
        297
        301
        305
        307
        317
        318
        321
        325
        329
        330
        331
        333
        335
        341
        349
        355
        357
        359
        369
        374
        379
        385
        397
        420
        427
        445
        451
        457
        518
        524
        526
        531
        533
        536
        539
        541
        544
        545
        547
        549
        554
        556
        564
        565
        567
        572
        585
        587
        591
        597
        599
        602
        604
        606
        611
        617
        619
        621
        622
        626
        630
        633
        637
        639
        640
        641
        642
        644
        645
        650
        653
        655
        656
        664
        667
        677
        680
        684
        692
        707
        715
        720
        724
        735
        744
        750
        753
        761
        769
        774
        779
        784
        792
        803
        813
        816
        819
        830
        835
        836
        851
        856
        860
        865
        871
        885
        893
        900
        917
        921
        923
        933
        948
        963
        967
        974
        1000
        1009
        1012
        1022
        1025
        1035
        1038
        1039
        1047
        1049
        1054
        1060
        1071
        1074
        1089
        1099
        1100
        1101
        1113
        1117
        1122
        1123
        1131
        1135
        1156
        1157
        1159
        1169
        1173
        1189
        1190
        1193
        1194
        1197
        1203
        1214
        1229
        1234
        1239
        1267
        1276
        1279
        1290
        1313
        1319
        1327
        1360
        1362
        1365
        1367
        1388
        1395
        1396
        1402
        1413
        1417
        1421
        1422
        1424
        1429
        1430
        1448
        1468
        1490
        1501
        1507
        1515
        1524
        1525
        1533
        1538
        1539
        1547
        1554
        1555
        1560
        1572
        1576
        1597
        1600
        1609
        1613
        1615
        1619
        1624
        1628
        1631
        1635
        1637
        1642
        1667
        1677
        1679
        1693
        1702
        1711
        1725
        1754
        1757
        1766
        1770
        1772
        1774
        1783
        1796
        1804
        1824
        1835
        1843
        1847
        1850
        1862
        1878
        1879
        1881
        1882
        1893
        1898
        1905
        1913
        1915
        1916
        1925
        1928
        1943
        1953
        1966
        1969
        1974
        1987
        1988
        1994
        1999
        2013
        2017
        2021
        2023
        2029
        2039
        2040
        2043
        2048
        2055
        2058
        2069
        2072
        2073
        2075
        2089
        2092
        2094
        2098
        2119
        2121
        2130
        2132
        2136
        2142
        2147
        2167
        2171
        2174
        2189
        2191
        2196
        2200
        2205
        2214
        2219
        2237
        2240
        2243
        2244
        2247
        2250
        2254
        2259
        2268
        2286
        2291
        2293
        2303
        2308
        2318
        2321
        2336
        2343
        2357
        2368
        2376
        2386
        2400
        2410
        2414
        2415
        2424
        2425
        2426
        2449
        2450
        2458
        2463
        2467
        2475
        2476
        2493
        2497
        2499
        2504
        2507
        2512
        2515
        2523
        2527
        2528
        2535
        2539
        2547
        2548
        2560
        2564
        2568
        2573
        2585
        2591
        2600
        2603
        2618
        2626
        2633
        2637
        2639
        2645
        2657
        2665
        2666
        2669
        2675
        2681
        2690
        2691
        2697
        2700
        2705
        2706
        2711
        2717
        2729
        2732
        2736
        2739
        2740
        2768
        2769
        2776
        2778
        2780
        2789
        2793
        2804
        2810
        2816
        2823
        2826
        2839
        2842
        2847
        2852
        2862
        2868
        2880
        2886
        2888
        2893
        2900
        2907
        2909
        2914
        2921
        2934
        2939
        2943
        2948
        2957
        2960
        2964
        2987
        2989
        2993
        2994
        2995
        3001
        3003
        3009
        3012
        3015
        3026
        3029
        3032
        3042
        3047
        3052
        3058
        3069
        3081
        3103
        3126
        3134
        3138
        3142
        3144
        3168
        3176
        3179
        3187
        3193
        3199
        3209
        3211
        3212
        3220
        3222
        3227
        3229
        3242
        3247
        3253
        3259
        3265
        3273
        3293
        3296
        3300
        3306
        3308
        3318
        3320
        3331
        3332
        3338
        3354
        3365
        3372
        3379
        3381
        3392
        3409
        3415
        3420
        3421
        3458
        3461
        3464
        3466
        3467
        3471
        3476
        3479
        3483
        3491
        3492
        3497
        3502
        3514
        3521
        3527
        3535
        3536
        3537
        3538
        3557
        3575
        3582
        3583
        3585
        3592
        3595
        3608
        3612
        3622
        3627
        3630
        3637
        3654
        3658
        3659
        3674
        3682
        3700
        3704
        3714
        3719
        3723
        3727
        3730
        3742
        3743
        3755
        3761
        3776
        3795
        3797
        3801
        3811
        3816
        3822
        3841
        3845
        3856
        3868
        3872
        3876
        3877
        3884
        3888
        3895
        3903
        3916
        3919
        3936
        3937
        3955
        3963
        3967
        3971
        3995
        4000
        4005
        4018
        4019
        4024
        4031
        4040
        4051
        4055
        4064
        4087
        4088
        4096
        4101
        4110
        4111
        4121
        4151
        4159
        4180
        4214
        4245
        4249
        4258
        4263
        4302
        4337
        4346
        4355
        4366
        4399
        4403
        4404
        4408
        4416
        4431
        4477
        4502
        4533
        4543
        4561
        4574
        4576
        4593
        4604
        4610
        5123
        5148
        5165
        5194
        5198
        5262
        5365
        5436
        5440
        5443
        5444
        5449
        5450
        5454
        5459
        5461
        5462
        5463
        5465
        5468
        5477
        5480
        5486
        5491
        5493
        5494
        5508
        5514
        5519
        5520
        5522
        5527
        5530
        5531
        5533
        5541
        5542
        5544
        5545
        5551
        5555
        5557
        5559
        5565
        5571
        5574
        5583
        5587
        5589
        5594
        5595
        5596
        5601
        5603
        5605
        5606
        5607
        5617
        5618
        5634
        5637
        5642
        5643
        5655
        5656
        5658
        5664
        5665
        5674
        5678
        5683
        5685
        5697
        5698
        5699
        5700
        5701
        5705
        5711
        5714
        5721
        5727
        5732
        5736
        5740
        5743
        5749
        5750
        5754
        5760
        5761
        5767
        5770
        5774
        5790
        5793
        5796
        5801
        5803
        5806
        5808
        5809
        5812
        5816
        5818
        5832
        5834
        5839
        5849
        5857
        5873
        5879
        5882
        5883
        5884
        5887
        5890
        5898
        5899
        5902
        5903
        5906
        5916
        5920
        5923
        5926
        5950
        5951
        5964
        5965
        5977
        6001
        6002
        6014
        6015
        6020
        6022
        6025
        6043
        6056
        6072
        6075
        6086
        6094
        6099
        6102
        6109
        6110
        6147
        6149
        6151
        6158
        6162
        6164
        6169
        6174
        6177
        6183
        6196
        6197
        6199
        6201
        6205
        6214
        6221
        6234
        6242
        6256
        6257
        6263
        6267
        6271
        6274
        6279
        6282
        6288
        6291
        6293
        6303
        6307
        6311
        6315
        6322
        6327
        6328
        6333
        6340
        6347
        6364
        6376
        6379
        6381
        6389
        6395
        6406
        6411
        6421
        6428
        6435
        6442
        6449
        6451
        6460
        6470
        6471
        6476
        6486
        6488
        6490
        6496
        6520
        6532
        6540
        6541
        6545
        6555
        6559
        6561
        6564
        6580
        6584
        6593
        6602
        6606
        6612
        6613
        6618
        6627
        6629
        6633
        6636
        6644
        6653
        6657
        6666
        6677
        6680
        6685
        6690
        6700
        6716
        6720
        6721
        6723
        6730
        6731
        6740
        6758
        6765
        6779
        6782
        6795
        6799
        6807
        6823
        6825
        6832
        6843
        6857
        6859
        6868
        6883
        6885
        6894
        6909
        6911
        6913
        6917
        6925
        6928
        6938
        6948
        6954
        6957
        6959
        6974
        6977
        6981
        6987
        6993
        6999
        7000
        7001
        7002
        7004
        7005
        7006
        7009
        7013
        7022
        7035
        7038
        7058
        7069
        7083
        7089
        7091
        7099
        7108
        7173
        7180
        7199
        7202
        7205
        7207
        7217
        7222
        7226
        7232
        7235
        7240
        7244
        7250
        7251
        7253
        7281
        7291
        7295
        7304
        7306
        7315
        7334
        7341
        7342
        7345
        7357
        7372
        7374
        7387
        7400
        7409
        7410
        7412
        7419
        7438
        7449
        7451
        7456
        7460
        7468
        7473
        7478
        7479
        7491
        7497
        7502
        7505
        7514
        7523
        7533
        7535
        7537
        7541
        7545
        7548
        7557
        7560
        7566
        7589
        7594
        7596
        7605
        7615
        7621
        7622
        7632
        7634
        7642
        7647
        7654
        7665
        7673
        7674
        7684
        7691
        7693
        7700
        7707
        7709
        7711
        7714
        7719
        7722
        7725
        7730
        7739
        7744
        7746
        7751
        7759
        7765
        7766
        7770
        7775
        7785
        7787
        7788
        7790
        7794
        7798
        7799
        7816
        7825
        7830
        7835
        7837
        7843
        7847
        7851
        7856
        7859
        7862
        7865
        7868
        7880
        7890
        7894
        7903
        7924
        7926
        7929
        7936
        7944
        7946
        7950
        7951
        7967
        7972
        7980
        7981
        7982
        8005
        8010
        8011
        8029
        8032
        8047
        8052
        8054
        8075
        8077
        8090
        8099
        8107
        8119
        8121
        8133
        8147
        8156
        8183
        8190
        8199
        8208
        8213
        8218
        8225
        8228
        8233
        8236
        8238
        8239
        8247
        8255
        8266
        8267
        8269
        8283
        8287
        8289
        8291
        8293
        8299
        8306
        8321
        8328
        8336
        8340
        8343
        8357
        8376
        8380
        8388
        8391
        8406
        8419
        8422
        8431
        8446
        8447
        8449
        8452
        8477
        8485
        8486
        8488
        8492
        8502
        8507
        8509
        8517
        8520
        8526
        8529
        8548
        8551
        8559
        8561
        8575
        8580
        8586
        8593
        8595
        8596
        8609
        8617
        8621
        8624
        8630
        8643
        8658
        8660
        8681
        8692
        8704
        8707
        8716
        8735
        8736
        8737
        8739
        8745
        8748
        8759
        8763
        8775
        8781
        8783
        8785
        8786
        8787
        8788
        8795
        8806
        8814
        8821
        8834
        8838
        8841
        8846
        8848
        8850
        8861
        8865
        8867
        8880
        8888
        8893
        8903
        8919
        8931
        8934
        8942
        8945
        8949
        8963
        8989
        8992
        8995
