        2
        3
        10
        14
        16
        32
        53
        60
        69
        99
        106
        121
        145
        150
        155
        160
        169
        170
        187
        200
        213
        215
        231
        236
        239
        242
        243
        258
        260
        279
        288
        317
        318
        321
        326
        342
        344
        391
        400
        406
        413
        435
        437
        439
        445
        453
        464
        471
        479
        483
        503
        522
        542
        544
        652
        665
        693
        695
        717
        718
        726
        744
        764
        768
        822
        825
        831
        835
        868
        869
        873
        875
        880
        881
        882
        883
        885
        887
        900
        904
        905
        907
        908
        918
        927
        932
        934
        935
        938
        940
        946
        951
        958
        961
        964
        965
        966
        969
        972
        979
        980
        984
        987
        992
        995
        1000
        1006
        1011
        1013
        1021
        1030
        1033
        1042
        1048
        1049
        1055
        1061
        1065
        1069
        1073
        1074
        1087
        1088
        1091
        1099
        1107
        1111
        1115
        1132
        1135
        1140
        1153
        1155
        1156
        1162
        1175
        1179
        1184
        1187
        1191
        1220
        1223
        1234
        1235
        1236
        1238
        1240
        1245
        1248
        1250
        1253
        1263
        1266
        1274
        1276
        1283
        1291
        1293
        1315
        1318
        1330
        1354
        1371
        1375
        1391
        1405
        1410
        1423
        1439
        1447
        1450
        1455
        1472
        1482
        1484
        1486
        1493
        1498
        1524
        1527
        1538
        1549
        1562
        1570
        1572
        1582
        1594
        1601
        1605
        1634
        1640
        1643
        1648
        1672
        1676
        1685
        1695
        1697
        1706
        1721
        1728
        1736
        1755
        1767
        1773
        1780
        1784
        1788
        1799
        1802
        1805
        1855
        1857
        1865
        1878
        1897
        1906
        1917
        1923
        1936
        1939
        1941
        1947
        1956
        1967
        1976
        1979
        1982
        1983
        1988
        1990
        1997
        2000
        2001
        2003
        2012
        2019
        2034
        2035
        2043
        2059
        2062
        2065
        2067
        2068
        2070
        2080
        2090
        2094
        2104
        2108
        2110
        2137
        2157
        2173
        2179
        2183
        2185
        2192
        2215
        2233
        2237
        2239
        2240
        2243
        2247
        2249
        2262
        2270
        2275
        2290
        2295
        2297
        2298
        2301
        2318
        2336
        2340
        2347
        2370
        2380
        2399
        2401
        2410
        2411
        2420
        2431
        2447
        2451
        2454
        2466
        2487
        2489
        2492
        2502
        2519
        2534
        2543
        2546
        2555
        2559
        2562
        2578
        2581
        2583
        2584
        2598
        2605
        2608
        2614
        2628
        2638
        2641
        2643
        2647
        2650
        2662
        2667
        2670
        2672
        2673
        2687
        2706
        2707
        2708
        2714
        2725
        2737
        2747
        2748
        2756
        2763
        2765
        2777
        2781
        2805
        2806
        2815
        2824
        2831
        2832
        2834
        2846
        2849
        2859
        2863
        2867
        2879
        2894
        2900
        2905
        2910
        2919
        2922
        2923
        2932
        2933
        2935
        2940
        2942
        2956
        2958
        2962
        2963
        2965
        2969
        2972
        2973
        2977
        2978
        2986
        2988
        2990
        3009
        3016
        3019
        3027
        3028
        3036
        3039
        3041
        3077
        3082
        3083
        3086
        3089
        3090
        3108
        3124
        3135
        3140
        3143
        3151
        3154
        3156
        3160
        3162
        3166
        3167
        3175
        3177
        3187
        3188
        3193
        3194
        3195
        3197
        3198
        3206
        3215
        3217
        3219
        3223
        3237
        3243
        3254
        3278
        3281
        3289
        3290
        3294
        3295
        3299
        3304
        3312
        3323
        3335
        3348
        3354
        3355
        3360
        3375
        3385
        3389
        3403
        3423
        3434
        3443
        3448
        3451
        3464
        3466
        3467
        3475
        3478
        3491
        3493
        3494
        3505
        3508
        3514
        3518
        3519
        3521
        3523
        3538
        3569
        3582
        3586
        3601
        3609
        3615
        3616
        3620
        3630
        3635
        3638
        3645
        3647
        3657
        3665
        3671
        3674
        3676
        3680
        3690
        3707
        3710
        3713
        3726
        3731
        3736
        3738
        3759
        3763
        3776
        3779
        3783
        3786
        3790
        3793
        3795
        3804
        3811
        3820
        3821
        3826
        3841
        3848
        3854
        3862
        3868
        3891
        3892
        3893
        3894
        3927
        3928
        3939
        3946
        3951
        3952
        3967
        3986
        3997
        4000
        4005
        4016
        4043
        4045
        4051
        4059
        4074
        4079
        4081
        4083
        4085
        4087
        4089
        4090
        4092
        4094
        4096
        4103
        4115
        4120
        4128
        4132
        4135
        4173
        4181
        4185
        4193
        4195
        4201
        4211
        4220
        4229
        4247
        4255
        4266
        4270
        4271
        4292
        4295
        4298
        4302
        4308
        4314
        4319
        4320
        4342
        4343
        4352
        4366
        4370
        4381
        4383
        4393
        4394
        4406
        4408
        4420
        4422
        4436
        4440
        4447
        4452
        4454
        4471
        4474
        4477
        4487
        4498
        4501
        4508
        4511
        4523
        4525
        4533
        4542
        4552
        4567
        4573
        4577
        4594
        4603
        4616
        4618
        4624
        4640
        4654
        4656
        4663
        4665
        4673
        4678
        4693
        4711
        4716
        4717
        4719
        4725
        4726
        4733
        4737
        4739
        4741
        4747
        4752
        4755
        4760
        4761
        4763
        4765
        4773
        4775
        4781
        4793
        4795
        4803
        4807
        4813
        4815
        4818
        4821
        4823
        4829
        4839
        4843
        4848
        4873
        4887
        4890
        4894
        4944
        4945
        4951
        4953
        4958
        4966
        4977
        4979
        4984
        4995
        5009
        5014
        5030
        5031
        5052
        5073
        5081
        5098
        5107
        5113
        5114
        5131
        5138
        5311
        5356
        5360
        5366
        5389
        5406
        5410
        5442
        5456
        5462
        5477
        5553
        5563
        5603
        5642
        5647
        5650
        5653
        5656
        5659
        5660
        5663
        5666
        5670
        5674
        5678
        5679
        5680
        5684
        5688
        5690
        5693
        5697
        5700
        5703
        5719
        5722
        5727
        5730
        5734
        5735
        5739
        5742
        5745
        5749
        5752
        5755
        5762
        5763
        5764
        5767
        5768
        5777
        5779
        5782
        5783
        5786
        5788
        5806
        5807
        5810
        5817
        5824
        5828
        5831
        5839
        5848
        5849
        5852
        5863
        5866
        5868
        5871
        5880
        5898
        5905
        5908
        5912
        5914
        5917
        5922
        5932
        5938
        5950
        5958
        5978
        5979
        5980
        5982
        5997
        6000
        6012
        6017
        6019
        6064
        6070
        6091
        6102
        6118
        6127
        6143
        6146
        6152
        6159
        6168
        6185
        6204
        6205
        6208
        6211
        6226
        6227
        6244
        6247
        6253
        6265
        6267
        6271
        6277
        6281
        6282
        6283
        6292
        6298
        6299
        6300
        6324
        6333
        6334
        6335
        6337
        6338
        6340
        6347
        6351
        6358
        6365
        6372
        6384
        6388
        6394
        6406
        6416
        6417
        6427
        6432
        6435
        6439
        6451
        6452
        6456
        6462
        6467
        6468
        6469
        6473
        6479
        6480
        6498
        6504
        6514
        6521
        6529
        6540
        6543
        6548
        6554
        6561
        6575
        6580
        6583
        6586
        6595
        6601
        6610
        6613
        6618
        6623
        6642
        6654
        6657
        6659
        6667
        6674
        6675
        6680
        6690
        6692
        6700
        6718
        6720
        6721
        6723
        6745
        6751
        6756
        6766
        6769
        6770
        6775
        6777
        6779
        6811
        6816
        6824
        6831
        6841
        6846
        6862
        6869
        6872
        6886
        6891
        6900
        6909
        6912
        6922
        6949
        6950
        6951
        6954
        6964
        6966
        6975
        6978
        6982
        6986
        7026
        7039
        7048
        7055
        7074
        7082
        7083
        7084
        7091
        7097
        7099
        7104
        7107
        7129
        7134
        7153
        7157
        7159
        7161
        7165
        7167
        7174
        7178
        7181
        7184
        7189
        7199
        7210
        7222
        7228
        7231
        7238
        7244
        7249
        7254
        7259
        7268
        7274
        7276
        7279
        7300
        7307
        7315
        7318
        7321
        7327
        7338
        7342
        7347
        7352
        7364
        7367
        7370
        7372
        7373
        7380
        7382
        7383
        7389
        7397
        7399
        7402
        7412
        7415
        7433
        7439
        7448
        7458
        7459
        7461
        7462
        7463
        7467
        7479
        7485
        7502
        7504
        7510
        7515
        7520
        7530
        7536
        7557
        7562
        7572
        7576
        7581
        7582
        7595
        7596
        7598
        7601
        7609
        7616
        7622
        7625
        7645
        7650
        7656
        7660
        7667
        7681
        7687
        7695
        7704
        7707
        7711
        7714
        7716
        7719
        7732
        7744
        7745
        7759
        7762
        7764
        7791
        7792
        7794
        7796
        7802
        7803
        7817
        7819
        7830
        7837
        7840
        7846
        7850
        7861
        7883
        7902
        7917
        7921
        7924
        7925
        7931
        7937
        7940
        7949
        7953
        7959
        7961
        7977
        7978
        7980
        7998
        8003
        8041
        8051
        8066
        8070
        8072
        8119
        8123
        8130
        8134
        8156
        8167
        8169
        8175
        8186
        8190
        8191
        8199
        8214
        8216
        8219
        8226
        8259
        8261
        8272
        8275
        8315
        8324
        8327
        8332
        8341
        8354
        8367
        8404
        8422
        8426
        8429
        8431
        8433
        8445
        8460
        8461
        8470
        8477
        8482
        8483
        8486
        8523
        8527
        8546
        8552
        8556
        8573
        8580
        8583
        8599
        8604
        8607
        8618
        8627
        8634
        8663
        8677
        8683
        8684
        8687
        8688
        8699
        8706
        8712
        8713
        8721
        8729
        8736
        8746
        8749
        8763
        8791
        8798
        8805
        8814
        8819
        8822
        8851
        8855
        8866
        8873
        8887
        8890
        8891
        8893
        8902
        8910
        8912
        8919
        8942
        8943
        8947
        8963
        8985
        8992
