        8
        13
        32
        36
        53
        56
        62
        67
        75
        79
        89
        97
        107
        121
        133
        157
        163
        171
        181
        183
        191
        196
        197
        204
        210
        212
        220
        236
        240
        243
        244
        250
        256
        257
        266
        270
        282
        292
        307
        309
        317
        324
        334
        336
        347
        352
        355
        360
        379
        381
        388
        392
        394
        398
        411
        417
        420
        423
        441
        450
        452
        475
        478
        485
        486
        492
        506
        507
        512
        513
        520
        527
        561
        576
        581
        607
        610
        612
        632
        635
        639
        660
        675
        682
        690
        692
        698
        703
        711
        714
        717
        730
        731
        735
        737
        758
        764
        766
        772
        773
        779
        780
        808
        835
        841
        846
        851
        854
        857
        858
        861
        873
        875
        888
        893
        903
        918
        921
        924
        938
        944
        954
        955
        957
        960
        964
        972
        979
        983
        989
        994
        997
        999
        1003
        1011
        1013
        1068
        1072
        1086
        1090
        1092
        1115
        1131
        1144
        1176
        1180
        1186
        1187
        1198
        1202
        1203
        1206
        1208
        1223
        1225
        1226
        1228
        1237
        1239
        1250
        1255
        1256
        1258
        1263
        1269
        1277
        1298
        1313
        1324
        1336
        1353
        1355
        1360
        1367
        1371
        1388
        1390
        1394
        1401
        1407
        1412
        1418
        1419
        1433
        1450
        1469
        1481
        1489
        1501
        1523
        1545
        1553
        1556
        1559
        1565
        1567
        1581
        1591
        1594
        1597
        1606
        1612
        1623
        1624
        1631
        1634
        1638
        1640
        1656
        1661
        1669
        1671
        1675
        1696
        1702
        1704
        1707
        1710
        1718
        1728
        1730
        1733
        1737
        1741
        1743
        1747
        1762
        1764
        1771
        1772
        1775
        1779
        1786
        1791
        1795
        1813
        1815
        1819
        1830
        1837
        1840
        1844
        1851
        1858
        1861
        1865
        1866
        1871
        1877
        1880
        1906
        1921
        1928
        1930
        1936
        1941
        1945
        1957
        1963
        1981
        1992
        1995
        2002
        2006
        2007
        2019
        2025
        2028
        2033
        2044
        2051
        2055
        2056
        2057
        2078
        2084
        2091
        2108
        2109
        2118
        2122
        2124
        2136
        2139
        2146
        2156
        2157
        2158
        2159
        2161
        2168
        2171
        2175
        2183
        2198
        2205
        2215
        2220
        2223
        2224
        2226
        2234
        2237
        2243
        2252
        2256
        2263
        2306
        2307
        2314
        2316
        2318
        2327
        2346
        2377
        2378
        2381
        2397
        2402
        2404
        2406
        2414
        2419
        2425
        2445
        2451
        2454
        2471
        2485
        2499
        2514
        2532
        2541
        2542
        2564
        2567
        2568
        2573
        2584
        2593
        2599
        2610
        2621
        2633
        2641
        2652
        2662
        2666
        2669
        2687
        2696
        2699
        2708
        2716
        2722
        2726
        2728
        2734
        2736
        2744
        2749
        2752
        2758
        2771
        2773
        2780
        2789
        2826
        2836
        2841
        2842
        2861
        2867
        2870
        2871
        2876
        2891
        2896
        2897
        2908
        2917
        2925
        2926
        2928
        2937
        2945
        2956
        2969
        2973
        2977
        2979
        2981
        2985
        2994
        3005
        3011
        3023
        3031
        3047
        3057
        3062
        3065
        3067
        3069
        3078
        3092
        3097
        3106
        3108
        3115
        3119
        3121
        3130
        3133
        3139
        3141
        3146
        3149
        3154
        3156
        3167
        3179
        3185
        3188
        3193
        3209
        3217
        3227
        3234
        3237
        3244
        3246
        3255
        3256
        3264
        3285
        3290
        3296
        3298
        3307
        3313
        3314
        3331
        3333
        3334
        3342
        3344
        3347
        3358
        3376
        3378
        3385
        3390
        3397
        3426
        3434
        3436
        3437
        3447
        3450
        3454
        3458
        3461
        3463
        3470
        3487
        3495
        3516
        3521
        3526
        3536
        3551
        3557
        3563
        3567
        3593
        3601
        3610
        3623
        3626
        3628
        3634
        3644
        3650
        3655
        3658
        3661
        3671
        3697
        3699
        3706
        3710
        3714
        3726
        3728
        3733
        3741
        3742
        3745
        3751
        3752
        3755
        3760
        3766
        3772
        3776
        3783
        3788
        3793
        3801
        3815
        3819
        3828
        3830
        3850
        3852
        3874
        3913
        3927
        3933
        3935
        3960
        3963
        3966
        3978
        3981
        4001
        4012
        4015
        4018
        4032
        4037
        4039
        4041
        4079
        4097
        4099
        4120
        4138
        4143
        4150
        4157
        4170
        4171
        4178
        4187
        4191
        4211
        4220
        4223
        4229
        4230
        4231
        4234
        4235
        4236
        4251
        4255
        4261
        4270
        4280
        4285
        4290
        4292
        4312
        4317
        4342
        4349
        4357
        4359
        4362
        4365
        4371
        4381
        4385
        4386
        4394
        4396
        4400
        4406
        4414
        4419
        4422
        4440
        4465
        4472
        4490
        4499
        4506
        4508
        4510
        4522
        4525
        4534
        4536
        4540
        4577
        4583
        4600
        4608
        4613
        4614
        4617
        4624
        4641
        4645
        4660
        4668
        4682
        4683
        4698
        4707
        4727
        4736
        4739
        4740
        4742
        4770
        4775
        4781
        4786
        4792
        4806
        4808
        4828
        4841
        4849
        4855
        4856
        4861
        4865
        4867
        4889
        4890
        4899
        4907
        4912
        4919
        4925
        4934
        4943
        4948
        4952
        4965
        4975
        4984
        4988
        4991
        4994
        4995
        5007
        5018
        5023
        5034
        5042
        5046
        5047
        5049
        5050
        5056
        5058
        5060
        5064
        5078
        5084
        5093
        5098
        5101
        5109
        5123
        5130
        5134
        5140
        5147
        5162
        5174
        5177
        5183
        5184
        5188
        5191
        5195
        5208
        5211
        5213
        5224
        5236
        5247
        5251
        5256
        5261
        5263
        5266
        5268
        5274
        5275
        5289
        5317
        5326
        5327
        5332
        5334
        5336
        5352
        5353
        5368
        5376
        5385
        5389
        5396
        5400
        5403
        5404
        5413
        5419
        5430
        5465
        5468
        5469
        5472
        5482
        5496
        5511
        5513
        5526
        5529
        5538
        5560
        5565
        5571
        5572
        5578
        5582
        5592
        5595
        5600
        5607
        5610
        5614
        5616
        5624
        5628
        5629
        5647
        5650
        5658
        5662
        5668
        5672
        5674
        5678
        5705
        5706
        5707
        5717
        5720
        5721
        5733
        5746
        5752
        5753
        5755
        5761
        5772
        5775
        5776
        5778
        5779
        5786
        5792
        5818
        5829
        5830
        5831
        5838
        5848
        5857
        5862
        5879
        5886
        5891
        5900
        5903
        5904
        5919
        5925
        5930
        5943
        5944
        5960
        5985
        6003
        6005
        6009
        6040
        6045
        6051
        6067
        6070
        6075
        6083
        6085
        6096
        6106
        6145
        6147
        6155
        6159
        6165
        6170
        6176
        6196
        6198
        6199
        6228
        6235
        6236
        6237
        6240
        6241
        6252
        6263
        6269
        6272
        6281
        6285
        6286
        6291
        6294
        6297
        6298
        6299
        6314
        6322
        6336
        6343
        6356
        6361
        6362
        6364
        6383
        6392
        6395
        6402
        6410
        6411
        6434
        6441
        6449
        6456
        6461
        6466
        6468
        6474
        6478
        6480
        6482
        6498
        6507
        6517
        6524
        6526
        6531
        6548
        6556
        6564
        6588
        6589
        6612
        6616
        6625
        6629
        6634
        6638
        6643
        6650
        6655
        6665
        6674
        6684
        6687
        6701
        6704
        6718
        6721
        6728
        6741
        6742
        6748
        6757
        6759
        6764
        6768
        6770
        6774
        6775
        6782
        6811
        6813
        6816
        6817
        6821
        6831
        6836
        6837
        6843
        6847
        6849
        6852
        6855
        6856
        6859
        6876
        6880
        6885
        6891
        6902
        6918
        6940
        6945
        6957
        6962
        6967
        6969
        6972
        6988
        6989
        6999
        7007
        7025
        7027
        7036
        7041
        7047
        7051
        7066
        7087
        7088
        7095
        7097
        7102
        7106
        7113
        7117
        7148
        7163
        7166
        7168
        7170
        7191
        7194
        7198
        7217
        7220
        7223
        7232
        7235
        7243
        7259
        7266
        7277
        7286
        7288
        7291
        7294
        7305
        7309
        7311
        7321
        7324
        7331
        7333
        7357
        7363
        7378
        7379
        7385
        7393
        7397
        7410
        7414
        7447
        7449
        7466
        7473
        7475
        7477
        7479
        7482
        7498
        7500
        7507
        7510
        7517
        7527
        7529
        7549
        7552
        7554
        7559
        7576
        7579
        7592
        7608
        7618
        7621
        7624
        7627
        7632
        7638
        7640
        7642
        7644
        7658
        7677
        7737
        7739
        7741
        7746
        7761
        7775
        7789
        7792
        7807
        7813
        7825
        7826
        7832
        7837
        7843
        7847
        7856
        7870
        7879
        7889
        7895
        7896
        7901
        7907
        7911
        7922
        7941
        7949
        7959
        7965
        7973
        7974
        7985
        7987
        7995
        8003
        8004
        8011
        8022
        8037
        8038
        8039
        8051
        8065
        8077
        8078
        8079
        8081
        8091
        8096
        8099
        8123
        8127
        8134
        8142
        8148
        8161
        8164
        8167
        8172
        8176
        8185
        8191
        8225
        8227
        8258
        8262
        8297
        8300
        8310
        8321
        8323
        8341
        8348
        8354
        8378
        8381
        8390
        8395
        8406
        8432
        8446
        8452
        8455
        8468
        8479
        8481
        8482
        8495
        8498
        8499
        8516
        8535
        8549
        8571
        8590
        8599
        8602
        8621
        8624
        8630
        8641
        8646
        8676
        8685
        8699
        8704
        8708
        8712
        8750
        8761
        8781
        8785
        8792
        8793
        8817
        8825
        8827
        8833
        8835
        8846
        8850
        8854
        8857
        8868
        8881
        8884
        8888
        8890
        8898
        8907
        8912
        8922
        8924
        8939
        8958
        8977
        8986
        8991
        8995
