        8
        20
        25
        29
        32
        47
        48
        49
        55
        61
        65
        74
        82
        91
        105
        115
        117
        131
        149
        155
        162
        167
        169
        177
        178
        180
        199
        204
        242
        255
        263
        267
        275
        277
        282
        289
        298
        309
        315
        327
        340
        344
        348
        358
        368
        370
        382
        390
        393
        402
        406
        409
        414
        416
        421
        430
        445
        447
        460
        462
        499
        501
        506
        519
        523
        529
        534
        538
        542
        544
        546
        548
        566
        567
        573
        595
        614
        626
        634
        637
        655
        656
        657
        669
        676
        700
        701
        704
        707
        718
        720
        730
        749
        751
        758
        765
        770
        775
        790
        792
        814
        843
        845
        861
        868
        877
        880
        897
        900
        911
        913
        914
        918
        920
        924
        934
        945
        955
        966
        975
        979
        991
        1003
        1004
        1008
        1013
        1019
        1034
        1041
        1046
        1054
        1060
        1070
        1078
        1084
        1097
        1099
        1105
        1109
        1111
        1119
        1123
        1124
        1128
        1169
        1178
        1179
        1193
        1206
        1214
        1217
        1218
        1221
        1228
        1236
        1241
        1242
        1251
        1254
        1276
        1283
        1284
        1291
        1293
        1299
        1302
        1303
        1304
        1311
        1330
        1333
        1334
        1338
        1345
        1360
        1374
        1383
        1406
        1418
        1423
        1427
        1440
        1456
        1459
        1465
        1469
        1473
        1479
        1485
        1488
        1495
        1503
        1507
        1512
        1513
        1519
        1525
        1532
        1544
        1566
        1583
        1588
        1650
        1671
        1696
        1702
        1735
        1739
        1755
        1761
        1777
        1799
        1825
        1834
        1860
        1942
        1947
        1956
        1959
        1966
        1969
        1973
        1977
        1980
        1981
        1982
        1986
        1988
        1993
        1995
        1999
        2004
        2011
        2015
        2017
        2020
        2023
        2024
        2029
        2034
        2035
        2036
        2040
        2042
        2047
        2050
        2057
        2066
        2070
        2075
        2079
        2080
        2081
        2082
        2086
        2090
        2098
        2106
        2107
        2114
        2119
        2125
        2127
        2129
        2132
        2133
        2145
        2150
        2167
        2171
        2189
        2207
        2210
        2215
        2234
        2236
        2242
        2246
        2253
        2256
        2271
        2276
        2277
        2282
        2283
        2308
        2314
        2317
        2319
        2327
        2336
        2337
        2338
        2352
        2367
        2368
        2369
        2371
        2372
        2379
        2392
        2396
        2410
        2420
        2421
        2429
        2430
        2438
        2443
        2451
        2456
        2467
        2485
        2491
        2496
        2506
        2523
        2525
        2540
        2541
        2545
        2546
        2552
        2557
        2562
        2566
        2567
        2595
        2604
        2605
        2613
        2620
        2632
        2633
        2649
        2651
        2655
        2656
        2657
        2661
        2664
        2677
        2690
        2698
        2706
        2713
        2715
        2718
        2724
        2736
        2739
        2740
        2746
        2750
        2796
        2797
        2817
        2837
        2839
        2856
        2864
        2865
        2867
        2873
        2886
        2895
        2899
        2902
        2916
        2917
        2925
        2926
        2927
        2928
        2939
        2948
        2958
        2960
        2969
        2974
        2988
        2996
        2997
        3001
        3005
        3008
        3020
        3030
        3033
        3040
        3044
        3045
        3057
        3065
        3066
        3071
        3073
        3074
        3076
        3089
        3094
        3096
        3108
        3113
        3116
        3121
        3122
        3140
        3145
        3150
        3155
        3159
        3165
        3179
        3194
        3198
        3206
        3210
        3216
        3228
        3233
        3258
        3267
        3270
        3274
        3279
        3298
        3306
        3310
        3315
        3318
        3332
        3339
        3349
        3350
        3353
        3356
        3375
        3387
        3390
        3398
        3404
        3410
        3421
        3430
        3432
        3436
        3456
        3460
        3461
        3468
        3470
        3481
        3489
        3496
        3497
        3499
        3510
        3520
        3529
        3537
        3557
        3568
        3572
        3584
        3589
        3598
        3607
        3618
        3623
        3631
        3638
        3647
        3658
        3669
        3671
        3675
        3685
        3694
        3695
        3697
        3701
        3712
        3718
        3725
        3729
        3734
        3742
        3744
        3746
        3753
        3754
        3770
        3772
        3782
        3788
        3790
        3796
        3805
        3825
        3834
        3841
        3846
        3875
        3880
        3884
        3895
        3901
        3906
        3914
        3927
        3929
        3942
        3950
        3957
        3958
        3961
        3977
        3987
        3997
        4007
        4008
        4013
        4014
        4016
        4017
        4026
        4028
        4035
        4039
        4058
        4064
        4067
        4077
        4085
        4092
        4097
        4116
        4143
        4150
        4160
        4173
        4176
        4177
        4179
        4181
        4183
        4189
        4190
        4195
        4203
        4204
        4221
        4227
        4232
        4240
        4242
        4256
        4279
        4280
        4283
        4287
        4292
        4300
        4303
        4323
        4331
        4339
        4341
        4343
        4355
        4358
        4359
        4365
        4380
        4385
        4388
        4391
        4426
        4428
        4442
        4445
        4468
        4471
        4492
        4497
        4513
        4516
        4528
        4538
        4542
        4545
        4564
        4568
        4574
        4586
        4589
        4593
        4598
        4605
        4607
        4608
        4614
        4625
        4644
        4655
        4661
        4666
        4673
        4675
        4683
        4688
        4690
        4701
        4708
        4710
        4711
        4717
        4731
        4733
        4743
        4749
        4757
        4766
        4790
        4792
        4830
        4834
        4844
        4848
        4854
        4858
        4860
        4904
        4909
        4926
        4932
        4939
        4947
        4951
        4956
        4959
        4968
        4974
        4978
        4986
        4994
        4999
        5001
        5006
        5013
        5017
        5019
        5028
        5031
        5064
        5072
        5080
        5081
        5089
        5100
        5102
        5106
        5117
        5123
        5125
        5134
        5142
        5175
        5190
        5194
        5203
        5226
        5230
        5243
        5268
        5272
        5282
        5294
        5299
        5306
        5314
        5331
        5337
        5341
        5343
        5359
        5374
        5375
        5387
        5391
        5398
        5401
        5406
        5410
        5414
        5418
        5436
        5437
        5442
        5449
        5457
        5460
        5468
        5478
        5479
        5483
        5485
        5492
        5494
        5496
        5498
        5501
        5509
        5514
        5516
        5537
        5541
        5552
        5559
        5562
        5576
        5578
        5582
        5597
        5599
        5603
        5608
        5609
        5620
        5631
        5649
        5668
        5679
        5683
        5688
        5694
        5701
        5708
        5722
        5730
        5741
        5750
        5752
        5757
        5767
        5772
        5782
        5790
        5808
        5812
        5820
        5822
        5823
        5827
        5829
        5834
        5838
        5843
        5848
        5852
        5862
        5874
        5876
        5900
        5916
        5930
        5934
        5951
        5953
        5961
        5965
        5971
        5972
        5976
        5990
        6033
        6040
        6055
        6060
        6076
        6079
        6117
        6129
        6140
        6145
        6148
        6157
        6180
        6187
        6191
        6192
        6194
        6199
        6214
        6224
        6235
        6256
        6258
        6265
        6269
        6273
        6281
        6287
        6293
        6307
        6312
        6318
        6321
        6322
        6337
        6340
        6341
        6349
        6353
        6356
        6368
        6372
        6374
        6379
        6385
        6389
        6398
        6400
        6402
        6412
        6415
        6419
        6421
        6423
        6469
        6488
        6501
        6502
        6504
        6509
        6510
        6515
        6520
        6523
        6527
        6535
        6542
        6547
        6551
        6558
        6566
        6581
        6587
        6590
        6600
        6637
        6641
        6643
        6649
        6655
        6656
        6666
        6674
        6679
        6689
        6693
        6699
        6701
        6715
        6721
        6722
        6728
        6746
        6755
        6783
        6794
        6795
        6797
        6809
        6811
        6817
        6822
        6839
        6842
        6847
        6852
        6854
        6858
        6859
        6865
        6872
        6894
        6898
        6904
        6913
        6916
        6953
        6964
        6966
        6988
        6994
        6995
        7000
        7029
        7032
        7035
        7041
        7054
        7060
        7066
        7089
        7094
        7103
        7112
        7124
        7130
        7132
        7151
        7165
        7184
        7190
        7193
        7196
        7209
        7236
        7243
        7244
        7247
        7251
        7258
        7263
        7279
        7291
        7297
        7303
        7317
        7321
        7334
        7338
        7348
        7349
        7351
        7360
        7365
        7385
        7409
        7420
        7424
        7441
        7447
        7457
        7500
        7508
        7511
        7521
        7524
        7530
        7532
        7536
        7543
        7547
        7548
        7550
        7553
        7555
        7561
        7577
        7585
        7598
        7604
        7613
        7637
        7638
        7641
        7648
        7665
        7672
        7673
        7681
        7699
        7701
        7713
        7723
        7726
        7727
        7756
        7758
        7761
        7763
        7771
        7790
        7803
        7822
        7825
        7838
        7852
        7853
        7854
        7857
        7875
        7880
        7903
        7905
        7907
        7910
        7921
        7922
        7933
        7944
        7946
        7949
        7962
        7963
        7967
        7972
        7988
        7993
        7997
        7999
        8011
        8012
        8022
        8023
        8026
        8029
        8039
        8042
        8048
        8054
        8061
        8067
        8069
        8071
        8079
        8086
        8091
        8101
        8105
        8118
        8125
        8127
        8141
        8142
        8144
        8156
        8158
        8172
        8176
        8179
        8186
        8201
        8219
        8223
        8226
        8234
        8252
        8256
        8262
        8273
        8293
        8302
        8315
        8323
        8325
        8338
        8347
        8374
        8376
        8390
        8402
        8406
        8415
        8424
        8426
        8431
        8439
        8454
        8455
        8459
        8481
        8483
        8489
        8493
        8497
        8502
        8504
        8527
        8528
        8531
        8533
        8538
        8543
        8550
        8556
        8574
        8611
        8618
        8619
        8621
        8623
        8627
        8628
        8643
        8657
        8660
        8666
        8667
        8670
        8692
        8696
        8700
        8703
        8708
        8709
        8711
        8734
        8741
        8750
        8757
        8760
        8772
        8776
        8784
        8816
        8823
        8833
        8852
        8857
        8858
        8863
        8866
        8874
        8879
        8881
        8887
        8898
        8910
        8918
        8930
        8933
        8939
        8947
        8953
        8955
        8975
        8988
        8993
