        14
        18
        21
        34
        73
        86
        89
        94
        99
        102
        115
        126
        167
        168
        178
        181
        187
        188
        191
        193
        197
        201
        205
        219
        220
        232
        233
        236
        238
        240
        247
        248
        273
        275
        279
        282
        287
        293
        301
        311
        312
        317
        333
        357
        372
        378
        380
        384
        401
        409
        410
        425
        428
        437
        438
        439
        442
        453
        455
        460
        462
        465
        480
        482
        488
        491
        499
        501
        505
        510
        512
        513
        515
        518
        527
        528
        532
        536
        538
        540
        544
        549
        553
        555
        563
        566
        567
        575
        579
        581
        584
        593
        617
        635
        639
        640
        648
        654
        682
        689
        692
        703
        719
        731
        738
        739
        742
        751
        755
        766
        788
        803
        814
        819
        822
        834
        841
        850
        852
        864
        867
        879
        917
        927
        931
        945
        952
        956
        960
        967
        972
        975
        978
        994
        995
        997
        999
        1022
        1061
        1070
        1073
        1081
        1098
        1107
        1109
        1128
        1129
        1146
        1165
        1179
        1187
        1212
        1214
        1234
        1243
        1244
        1246
        1252
        1256
        1270
        1273
        1283
        1300
        1304
        1324
        1335
        1337
        1338
        1344
        1345
        1351
        1353
        1358
        1367
        1383
        1416
        1438
        1442
        1446
        1452
        1463
        1467
        1491
        1496
        1508
        1532
        1539
        1578
        1589
        1593
        1602
        1618
        1620
        1622
        1629
        1637
        1644
        1655
        1657
        1658
        1664
        1666
        1686
        1688
        1692
        1699
        1711
        1717
        1721
        1725
        1748
        1772
        1773
        1775
        1779
        1787
        1788
        1791
        1810
        1826
        1851
        1870
        1871
        1880
        1883
        1884
        1905
        1908
        1915
        1920
        1927
        1942
        1943
        1953
        1955
        1956
        1969
        1975
        1977
        1997
        1999
        2007
        2013
        2023
        2031
        2035
        2036
        2037
        2040
        2049
        2053
        2060
        2066
        2088
        2093
        2102
        2104
        2113
        2114
        2125
        2129
        2149
        2156
        2164
        2179
        2185
        2202
        2219
        2221
        2232
        2235
        2241
        2244
        2249
        2252
        2254
        2266
        2271
        2283
        2293
        2295
        2299
        2303
        2307
        2308
        2323
        2325
        2329
        2331
        2342
        2350
        2357
        2358
        2359
        2362
        2363
        2366
        2374
        2380
        2394
        2409
        2431
        2445
        2447
        2461
        2470
        2480
        2489
        2496
        2500
        2505
        2507
        2523
        2531
        2538
        2541
        2542
        2543
        2546
        2552
        2555
        2556
        2557
        2582
        2588
        2590
        2604
        2609
        2626
        2633
        2635
        2651
        2663
        2674
        2679
        2692
        2697
        2704
        2711
        2715
        2720
        2721
        2722
        2733
        2737
        2740
        2746
        2754
        2764
        2766
        2775
        2776
        2795
        2800
        2812
        2825
        2830
        2847
        2851
        2856
        2875
        2877
        2878
        2891
        2898
        2908
        2919
        2922
        2931
        2934
        2940
        2941
        2947
        2958
        2969
        2972
        2979
        2985
        2988
        3002
        3007
        3012
        3017
        3019
        3021
        3025
        3027
        3028
        3035
        3037
        3039
        3044
        3048
        3053
        3056
        3059
        3070
        3079
        3086
        3093
        3106
        3114
        3115
        3134
        3135
        3141
        3153
        3156
        3174
        3177
        3179
        3184
        3188
        3192
        3195
        3198
        3205
        3215
        3217
        3221
        3229
        3232
        3233
        3242
        3244
        3250
        3266
        3270
        3271
        3283
        3285
        3292
        3298
        3312
        3323
        3338
        3340
        3343
        3370
        3373
        3393
        3395
        3400
        3402
        3406
        3407
        3413
        3425
        3428
        3430
        3446
        3454
        3461
        3464
        3475
        3486
        3489
        3491
        3492
        3505
        3510
        3516
        3538
        3546
        3554
        3556
        3562
        3572
        3579
        3595
        3603
        3624
        3631
        3632
        3633
        3637
        3643
        3644
        3645
        3658
        3667
        3671
        3672
        3673
        3679
        3688
        3694
        3698
        3702
        3708
        3718
        3721
        3722
        3726
        3727
        3749
        3751
        3762
        3763
        3767
        3768
        3786
        3790
        3806
        3808
        3824
        3833
        3835
        3836
        3840
        3842
        3848
        3856
        3859
        3872
        3882
        3885
        3895
        3898
        3903
        3911
        3913
        3926
        3929
        3930
        3937
        3939
        3959
        3970
        4008
        4020
        4028
        4030
        4038
        4039
        4046
        4056
        4068
        4075
        4080
        4084
        4088
        4097
        4098
        4108
        4115
        4120
        4134
        4144
        4146
        4153
        4155
        4161
        4162
        4163
        4166
        4169
        4176
        4196
        4199
        4209
        4212
        4218
        4221
        4230
        4233
        4237
        4248
        4255
        4260
        4266
        4270
        4281
        4284
        4289
        4292
        4293
        4298
        4310
        4314
        4321
        4324
        4337
        4346
        4349
        4354
        4364
        4366
        4370
        4373
        4381
        4389
        4400
        4406
        4412
        4420
        4424
        4431
        4437
        4452
        4467
        4483
        4489
        4497
        4499
        4500
        4506
        4512
        4516
        4528
        4532
        4553
        4560
        4575
        4577
        4580
        4596
        4604
        4606
        4612
        4623
        4633
        4638
        4645
        4660
        4665
        4672
        4819
        4833
        4834
        4838
        4840
        4847
        4851
        4860
        4863
        4867
        4870
        4883
        4884
        4891
        4898
        4900
        4902
        4920
        4922
        4925
        4927
        4936
        4946
        4948
        4956
        4960
        4962
        4964
        4972
        4973
        4996
        5004
        5011
        5014
        5015
        5019
        5024
        5031
        5036
        5037
        5050
        5054
        5068
        5070
        5081
        5096
        5098
        5102
        5108
        5114
        5120
        5121
        5122
        5123
        5134
        5135
        5139
        5141
        5150
        5152
        5159
        5175
        5195
        5202
        5214
        5221
        5225
        5234
        5243
        5245
        5251
        5260
        5275
        5292
        5296
        5297
        5317
        5347
        5352
        5358
        5360
        5365
        5369
        5371
        5374
        5380
        5385
        5416
        5424
        5428
        5430
        5437
        5443
        5446
        5449
        5454
        5455
        5462
        5469
        5478
        5479
        5483
        5485
        5489
        5499
        5501
        5504
        5507
        5509
        5519
        5527
        5545
        5564
        5569
        5573
        5600
        5604
        5609
        5622
        5626
        5650
        5656
        5661
        5674
        5686
        5687
        5689
        5692
        5697
        5703
        5714
        5724
        5729
        5746
        5754
        5756
        5758
        5760
        5782
        5798
        5799
        5805
        5808
        5811
        5820
        5830
        5834
        5836
        5839
        5852
        5862
        5865
        5871
        5875
        5880
        5884
        5891
        5894
        5897
        5900
        5903
        5915
        5920
        5926
        5927
        5933
        5937
        5939
        5946
        5951
        5960
        5963
        5967
        5986
        5992
        5998
        6006
        6010
        6024
        6031
        6035
        6037
        6050
        6068
        6076
        6086
        6088
        6089
        6094
        6101
        6110
        6123
        6133
        6137
        6156
        6163
        6172
        6173
        6176
        6179
        6182
        6183
        6204
        6207
        6213
        6215
        6222
        6229
        6237
        6247
        6252
        6260
        6266
        6269
        6273
        6284
        6309
        6310
        6314
        6315
        6320
        6327
        6329
        6345
        6347
        6354
        6361
        6362
        6370
        6373
        6375
        6380
        6392
        6397
        6411
        6424
        6429
        6438
        6443
        6447
        6455
        6457
        6468
        6482
        6494
        6495
        6509
        6512
        6533
        6534
        6538
        6549
        6554
        6562
        6580
        6584
        6587
        6598
        6611
        6632
        6636
        6643
        6674
        6680
        6693
        6698
        6700
        6707
        6715
        6717
        6724
        6730
        6738
        6743
        6744
        6762
        6768
        6770
        6773
        6775
        6783
        6786
        6788
        6817
        6821
        6826
        6827
        6845
        6859
        6871
        6875
        6878
        6887
        6894
        6899
        6903
        6911
        6920
        6924
        6927
        6943
        6945
        6948
        6952
        6967
        6972
        6977
        6980
        6982
        6984
        6994
        6999
        7002
        7006
        7018
        7023
        7024
        7031
        7035
        7043
        7046
        7060
        7067
        7086
        7094
        7099
        7102
        7112
        7120
        7133
        7141
        7150
        7158
        7162
        7164
        7169
        7173
        7181
        7185
        7188
        7196
        7198
        7210
        7218
        7225
        7247
        7251
        7255
        7256
        7262
        7265
        7269
        7272
        7281
        7285
        7297
        7300
        7302
        7314
        7315
        7317
        7327
        7349
        7353
        7357
        7372
        7380
        7399
        7404
        7411
        7414
        7417
        7419
        7420
        7421
        7426
        7427
        7428
        7431
        7435
        7445
        7448
        7453
        7456
        7462
        7465
        7472
        7477
        7491
        7500
        7507
        7530
        7546
        7554
        7557
        7566
        7570
        7574
        7586
        7603
        7616
        7619
        7629
        7646
        7654
        7661
        7662
        7663
        7680
        7686
        7688
        7693
        7696
        7699
        7709
        7731
        7737
        7753
        7759
        7761
        7765
        7770
        7780
        7795
        7804
        7807
        7811
        7812
        7814
        7817
        7835
        7836
        7843
        7864
        7871
        7874
        7884
        7889
        7890
        7899
        7905
        7912
        7914
        7919
        7928
        7930
        7961
        7963
        7969
        7997
        8008
        8015
        8016
        8023
        8030
        8031
        8033
        8037
        8045
        8049
        8056
        8064
        8067
        8068
        8079
        8080
        8085
        8098
        8101
        8112
        8135
        8139
        8140
        8142
        8149
        8157
        8162
        8183
        8191
        8192
        8196
        8205
        8213
        8217
        8220
        8221
        8223
        8236
        8250
        8255
        8270
        8271
        8272
        8275
        8286
        8291
        8298
        8299
        8302
        8307
        8314
        8316
        8318
        8332
        8342
        8352
        8361
        8367
        8372
        8376
        8380
        8399
        8414
        8415
        8419
        8422
        8425
        8429
        8431
        8434
        8439
        8440
        8453
        8467
        8478
        8485
        8500
        8509
        8527
        8540
        8544
        8549
        8551
        8563
        8567
        8579
        8583
        8595
        8599
        8608
        8611
        8616
        8620
        8625
        8627
        8630
        8631
        8633
        8637
        8644
        8646
        8679
        8685
        8692
        8714
        8717
        8721
        8722
        8729
        8731
        8737
        8739
        8741
        8755
        8760
        8784
        8808
        8821
        8828
        8835
        8838
        8847
        8849
        8855
        8859
        8879
        8900
        8904
        8911
        8925
        8934
        8940
        8943
        8948
        8960
        8965
        8968
        8975
        8978
        8983
        8987
