        5
        16
        24
        29
        32
        52
        56
        63
        66
        68
        80
        88
        93
        98
        106
        112
        116
        123
        126
        129
        130
        135
        150
        160
        179
        191
        192
        194
        202
        213
        214
        215
        220
        230
        236
        238
        239
        240
        242
        243
        251
        252
        254
        257
        262
        271
        272
        274
        278
        289
        291
        318
        320
        335
        354
        362
        364
        365
        382
        386
        400
        403
        431
        435
        443
        451
        460
        468
        472
        473
        491
        493
        495
        498
        499
        503
        513
        523
        542
        546
        575
        580
        592
        605
        609
        611
        615
        617
        627
        629
        640
        642
        646
        666
        669
        671
        687
        690
        696
        699
        732
        740
        744
        746
        771
        775
        780
        782
        786
        793
        797
        802
        803
        816
        819
        835
        838
        842
        851
        858
        862
        865
        871
        887
        889
        892
        894
        922
        923
        927
        928
        931
        932
        937
        947
        959
        962
        964
        968
        971
        978
        981
        1006
        1009
        1013
        1016
        1021
        1025
        1035
        1044
        1047
        1050
        1073
        1076
        1081
        1082
        1088
        1090
        1095
        1113
        1114
        1116
        1118
        1143
        1146
        1147
        1153
        1157
        1161
        1172
        1184
        1188
        1197
        1216
        1217
        1239
        1241
        1244
        1250
        1258
        1269
        1270
        1278
        1287
        1293
        1306
        1321
        1323
        1324
        1325
        1335
        1340
        1341
        1342
        1347
        1349
        1360
        1364
        1367
        1371
        1376
        1381
        1386
        1388
        1403
        1411
        1414
        1421
        1424
        1426
        1429
        1431
        1436
        1438
        1443
        1455
        1461
        1473
        1484
        1485
        1497
        1499
        1523
        1525
        1526
        1530
        1535
        1539
        1541
        1544
        1547
        1549
        1553
        1555
        1557
        1558
        1561
        1599
        1602
        1604
        1609
        1616
        1620
        1644
        1645
        1647
        1655
        1657
        1660
        1667
        1668
        1680
        1686
        1693
        1698
        1708
        1717
        1739
        1746
        1751
        1762
        1771
        1789
        1799
        1809
        1860
        1865
        1867
        1873
        1876
        1886
        1893
        1902
        1920
        1956
        1958
        1964
        1968
        1978
        1985
        1987
        2000
        2001
        2005
        2010
        2015
        2017
        2023
        2030
        2034
        2038
        2047
        2061
        2064
        2066
        2076
        2085
        2095
        2106
        2107
        2125
        2129
        2139
        2154
        2161
        2163
        2165
        2173
        2179
        2180
        2182
        2183
        2186
        2187
        2200
        2213
        2216
        2217
        2231
        2233
        2239
        2243
        2247
        2254
        2266
        2277
        2287
        2289
        2291
        2298
        2306
        2308
        2314
        2317
        2318
        2323
        2333
        2343
        2354
        2367
        2385
        2399
        2403
        2404
        2406
        2416
        2424
        2429
        2431
        2436
        2438
        2439
        2443
        2444
        2447
        2449
        2452
        2458
        2459
        2464
        2465
        2467
        2469
        2476
        2479
        2487
        2495
        2498
        2500
        2504
        2531
        2543
        2544
        2547
        2563
        2577
        2581
        2585
        2590
        2594
        2598
        2601
        2610
        2622
        2628
        2635
        2642
        2647
        2652
        2661
        2663
        2667
        2678
        2680
        2683
        2689
        2695
        2709
        2723
        2724
        2745
        2751
        2758
        2763
        2775
        2780
        2782
        2784
        2804
        2812
        2823
        2840
        2843
        2869
        2874
        2880
        2885
        2895
        2896
        2898
        2905
        2932
        2937
        2939
        2961
        2969
        2973
        2977
        2982
        2984
        2995
        3001
        3005
        3012
        3019
        3021
        3023
        3032
        3059
        3063
        3065
        3067
        3071
        3086
        3088
        3094
        3096
        3103
        3107
        3111
        3115
        3120
        3122
        3150
        3151
        3154
        3158
        3164
        3166
        3174
        3176
        3178
        3195
        3201
        3208
        3215
        3216
        3217
        3223
        3229
        3235
        3243
        3247
        3249
        3256
        3259
        3265
        3275
        3282
        3283
        3298
        3301
        3315
        3322
        3329
        3338
        3345
        3346
        3350
        3374
        3380
        3385
        3392
        3401
        3404
        3407
        3416
        3428
        3430
        3435
        3445
        3454
        3460
        3468
        3495
        3496
        3499
        3512
        3514
        3518
        3522
        3527
        3529
        3533
        3537
        3539
        3548
        3565
        3567
        3571
        3576
        3579
        3581
        3587
        3590
        3595
        3603
        3614
        3620
        3627
        3633
        3635
        3636
        3648
        3655
        3665
        3671
        3672
        3703
        3716
        3717
        3718
        3720
        3728
        3734
        3735
        3746
        3758
        3769
        3801
        3804
        3805
        3819
        3827
        3836
        3837
        3843
        3852
        3853
        3854
        3870
        3875
        3884
        3886
        3888
        3890
        3892
        3894
        3915
        3928
        3935
        3946
        3956
        3964
        3980
        3983
        3987
        4005
        4016
        4028
        4036
        4039
        4041
        4043
        4045
        4049
        4055
        4057
        4064
        4065
        4077
        4078
        4079
        4081
        4085
        4095
        4112
        4115
        4117
        4125
        4128
        4138
        4146
        4154
        4156
        4159
        4164
        4179
        4182
        4201
        4208
        4210
        4216
        4219
        4227
        4240
        4247
        4249
        4252
        4253
        4254
        4257
        4259
        4271
        4290
        4292
        4295
        4313
        4325
        4332
        4353
        4363
        4367
        4369
        4375
        4389
        4392
        4399
        4404
        4410
        4417
        4430
        4431
        4437
        4440
        4444
        4446
        4453
        4484
        4486
        4491
        4501
        4511
        4514
        4520
        4528
        4534
        4539
        4552
        4555
        4558
        4566
        4569
        4577
        4583
        4584
        4588
        4628
        4637
        4640
        4641
        4652
        4658
        4659
        4674
        4677
        4693
        4699
        4709
        4711
        4713
        4715
        4722
        4726
        4739
        4741
        4742
        4749
        4765
        4771
        4780
        4782
        4792
        4807
        4809
        4823
        4829
        4831
        4836
        4840
        4844
        4847
        4849
        4862
        4894
        4906
        4909
        4940
        4950
        4951
        4956
        4959
        4964
        4966
        4973
        4976
        4978
        4982
        4994
        5017
        5025
        5026
        5029
        5035
        5056
        5057
        5059
        5064
        5065
        5068
        5079
        5080
        5081
        5085
        5095
        5101
        5107
        5110
        5115
        5123
        5124
        5132
        5134
        5147
        5148
        5152
        5159
        5161
        5162
        5168
        5175
        5187
        5201
        5203
        5207
        5218
        5220
        5224
        5232
        5237
        5253
        5275
        5293
        5299
        5306
        5308
        5319
        5335
        5342
        5345
        5361
        5373
        5380
        5386
        5397
        5409
        5410
        5411
        5412
        5415
        5429
        5437
        5450
        5454
        5472
        5475
        5476
        5478
        5480
        5487
        5491
        5493
        5499
        5503
        5523
        5527
        5529
        5535
        5536
        5543
        5546
        5548
        5556
        5563
        5571
        5582
        5585
        5587
        5594
        5595
        5598
        5606
        5607
        5611
        5614
        5617
        5621
        5624
        5630
        5633
        5636
        5638
        5641
        5647
        5652
        5664
        5671
        5679
        5683
        5684
        5686
        5691
        5720
        5735
        5737
        5740
        5763
        5766
        5770
        5807
        5811
        5816
        5833
        5837
        5840
        5846
        5847
        5850
        5875
        5879
        5884
        5894
        5897
        5899
        5928
        5934
        5939
        5950
        5953
        5960
        5969
        5984
        5993
        5997
        6002
        6004
        6021
        6023
        6030
        6033
        6039
        6050
        6055
        6059
        6077
        6078
        6090
        6094
        6104
        6109
        6113
        6117
        6130
        6137
        6139
        6142
        6148
        6157
        6165
        6169
        6176
        6178
        6180
        6183
        6187
        6190
        6202
        6203
        6207
        6214
        6219
        6221
        6232
        6235
        6252
        6256
        6269
        6271
        6275
        6300
        6304
        6305
        6310
        6312
        6318
        6321
        6328
        6338
        6344
        6347
        6360
        6362
        6364
        6391
        6406
        6412
        6413
        6420
        6425
        6444
        6448
        6457
        6463
        6465
        6471
        6477
        6480
        6492
        6495
        6497
        6502
        6505
        6506
        6508
        6514
        6518
        6543
        6544
        6548
        6550
        6551
        6554
        6564
        6565
        6579
        6580
        6582
        6586
        6589
        6602
        6609
        6617
        6629
        6635
        6640
        6648
        6659
        6666
        6670
        6682
        6693
        6701
        6704
        6713
        6735
        6738
        6760
        6763
        6766
        6776
        6779
        6781
        6785
        6799
        6804
        6806
        6816
        6824
        6851
        6863
        6865
        6866
        6867
        6870
        6878
        6879
        6882
        6886
        6891
        6908
        6932
        6940
        6945
        6951
        6954
        6979
        6984
        6989
        6996
        6999
        7003
        7018
        7038
        7065
        7066
        7067
        7072
        7086
        7113
        7121
        7125
        7135
        7144
        7145
        7163
        7169
        7174
        7175
        7179
        7208
        7221
        7236
        7238
        7241
        7243
        7249
        7254
        7261
        7265
        7268
        7291
        7295
        7301
        7305
        7314
        7324
        7327
        7334
        7340
        7344
        7347
        7350
        7352
        7357
        7359
        7382
        7391
        7405
        7406
        7438
        7442
        7444
        7452
        7454
        7476
        7479
        7501
        7512
        7518
        7522
        7525
        7526
        7532
        7545
        7548
        7552
        7554
        7562
        7565
        7567
        7577
        7585
        7592
        7594
        7596
        7602
        7605
        7607
        7610
        7629
        7632
        7640
        7641
        7645
        7650
        7655
        7667
        7673
        7674
        7676
        7680
        7689
        7697
        7705
        7709
        7719
        7720
        7721
        7738
        7746
        7750
        7752
        7767
        7771
        7777
        7781
        7787
        7792
        7806
        7810
        7824
        7828
        7839
        7840
        7842
        7846
        7882
        7895
        7898
        7902
        7910
        7913
        7914
        7917
        7918
        7930
        7937
        7939
        7944
        7945
        7948
        7955
        7968
        7983
        7987
        7998
        8014
        8023
        8033
        8035
        8041
        8049
        8067
        8084
        8093
        8095
        8106
        8119
        8123
        8129
        8131
        8133
        8134
        8145
        8150
        8152
        8160
        8169
        8171
        8173
        8183
        8195
        8213
        8217
        8232
        8242
        8252
        8256
        8265
        8269
        8270
        8275
        8276
        8288
        8297
        8302
        8322
        8332
        8335
        8338
        8343
        8356
        8360
        8361
        8369
        8373
        8375
        8380
        8390
        8396
        8398
        8422
        8426
        8438
        8447
        8449
        8453
        8470
        8490
        8506
        8511
        8512
        8517
        8519
        8520
        8532
        8537
        8545
        8561
        8566
        8572
        8574
        8588
        8604
        8607
        8611
        8618
        8623
        8628
        8633
        8639
        8642
        8643
        8656
        8659
        8665
        8678
        8689
        8697
        8708
        8709
        8724
        8734
        8750
        8777
        8778
        8787
        8799
        8802
        8811
        8813
        8817
        8824
        8837
        8847
        8857
        8873
        8876
        8880
        8898
        8903
        8907
        8908
        8912
        8927
        8928
        8930
        8932
        8952
        8954
        8955
        8958
        8962
        8970
        8977
