        1
        10
        14
        24
        35
        51
        56
        82
        83
        85
        91
        115
        118
        120
        135
        136
        137
        150
        169
        178
        181
        201
        204
        222
        234
        244
        245
        246
        251
        261
        263
        265
        269
        276
        285
        287
        292
        293
        299
        306
        309
        320
        333
        343
        345
        347
        355
        371
        373
        375
        378
        380
        402
        409
        414
        417
        427
        429
        432
        446
        454
        458
        461
        464
        466
        474
        478
        488
        518
        521
        526
        528
        535
        559
        562
        568
        572
        573
        580
        583
        601
        610
        619
        622
        642
        654
        658
        667
        676
        692
        693
        701
        703
        710
        720
        726
        728
        737
        740
        760
        762
        771
        772
        784
        787
        792
        796
        813
        820
        825
        835
        844
        846
        857
        868
        878
        883
        886
        908
        911
        915
        925
        932
        936
        941
        945
        950
        954
        965
        971
        988
        994
        1007
        1014
        1018
        1019
        1041
        1047
        1049
        1050
        1054
        1056
        1058
        1066
        1067
        1071
        1079
        1081
        1083
        1085
        1104
        1112
        1117
        1127
        1137
        1155
        1157
        1161
        1163
        1164
        1174
        1182
        1184
        1187
        1204
        1212
        1219
        1238
        1258
        1273
        1277
        1281
        1283
        1301
        1302
        1307
        1310
        1316
        1343
        1344
        1346
        1361
        1368
        1369
        1391
        1397
        1401
        1405
        1406
        1409
        1414
        1447
        1457
        1472
        1474
        1475
        1487
        1489
        1503
        1505
        1506
        1529
        1531
        1544
        1551
        1556
        1562
        1569
        1573
        1581
        1585
        1596
        1602
        1611
        1620
        1623
        1625
        1652
        1660
        1664
        1674
        1689
        1696
        1698
        1718
        1728
        1735
        1743
        1755
        1758
        1765
        1769
        1770
        1788
        1789
        1794
        1799
        1809
        1814
        1818
        1825
        1836
        1851
        1863
        1881
        1888
        1893
        1896
        1902
        1910
        1920
        1950
        1958
        1965
        1969
        1981
        1988
        2015
        2021
        2023
        2025
        2028
        2029
        2030
        2036
        2066
        2074
        2081
        2088
        2090
        2099
        2103
        2105
        2111
        2118
        2120
        2134
        2145
        2154
        2175
        2187
        2192
        2194
        2196
        2204
        2215
        2217
        2225
        2232
        2236
        2238
        2261
        2265
        2268
        2269
        2271
        2273
        2276
        2279
        2282
        2285
        2286
        2297
        2302
        2307
        2316
        2328
        2335
        2337
        2353
        2355
        2370
        2386
        2409
        2422
        2423
        2435
        2437
        2446
        2457
        2462
        2465
        2471
        2475
        2485
        2492
        2493
        2497
        2508
        2512
        2516
        2525
        2531
        2532
        2544
        2563
        2567
        2570
        2575
        2576
        2587
        2589
        2591
        2597
        2610
        2615
        2618
        2621
        2628
        2643
        2660
        2662
        2676
        2709
        2720
        2724
        2746
        2760
        2774
        2780
        2781
        2783
        2789
        2818
        2845
        2850
        2852
        2862
        2869
        2870
        2873
        2891
        2904
        2911
        2918
        2923
        2932
        2942
        2950
        2955
        2979
        3006
        3050
        3054
        3060
        3067
        3070
        3074
        3094
        3098
        3103
        3106
        3117
        3120
        3138
        3172
        3176
        3178
        3192
        3193
        3196
        3206
        3223
        3224
        3231
        3251
        3260
        3262
        3267
        3270
        3285
        3288
        3301
        3302
        3315
        3342
        3344
        3351
        3353
        3358
        3360
        3371
        3374
        3394
        3403
        3405
        3413
        3428
        3431
        3453
        3467
        3470
        3471
        3484
        3504
        3512
        3532
        3542
        3549
        3553
        3568
        3569
        3581
        3592
        3598
        3611
        3618
        3621
        3635
        3667
        3692
        3724
        3726
        3748
        3783
        3785
        3786
        3792
        3793
        3809
        3821
        3822
        3824
        3828
        3836
        3849
        3862
        3874
        3883
        3890
        3891
        3894
        3898
        3908
        3909
        3926
        3933
        3944
        3949
        3964
        3965
        3967
        3993
        4000
        4024
        4036
        4037
        4051
        4063
        4069
        4086
        4105
        4108
        4110
        4120
        4136
        4145
        4153
        4161
        4193
        4200
        4204
        4207
        4214
        4231
        4239
        4242
        4243
        4248
        4252
        4267
        4276
        4286
        4287
        4291
        4297
        4301
        4304
        4315
        4316
        4319
        4321
        4322
        4327
        4332
        4347
        4354
        4358
        4364
        4381
        4395
        4406
        4420
        4425
        4443
        4448
        4458
        4477
        4478
        4479
        4480
        4482
        4508
        4512
        4527
        4538
        4545
        4553
        4564
        4601
        4611
        4612
        4615
        4620
        4644
        4660
        4662
        4665
        4691
        4694
        4696
        4699
        4705
        4706
        4711
        4721
        4730
        4734
        4737
        4745
        4764
        4773
        4775
        4789
        4800
        4805
        4813
        4818
        4822
        4850
        4855
        4861
        4864
        4865
        4867
        4886
        4889
        4891
        4896
        4903
        4905
        4928
        4939
        4948
        4962
        4964
        4965
        4970
        4979
        4996
        5006
        5011
        5012
        5060
        5071
        5075
        5084
        5086
        5095
        5105
        5113
        5116
        5160
        5167
        5175
        5184
        5189
        5200
        5202
        5206
        5215
        5222
        5236
        5247
        5257
        5271
        5272
        5277
        5280
        5293
        5300
        5307
        5324
        5325
        5332
        5337
        5341
        5344
        5345
        5346
        5363
        5364
        5381
        5389
        5397
        5401
        5403
        5404
        5415
        5425
        5436
        5446
        5447
        5452
        5460
        5466
        5485
        5494
        5496
        5507
        5511
        5516
        5525
        5527
        5549
        5552
        5561
        5568
        5570
        5577
        5590
        5597
        5600
        5604
        5617
        5623
        5625
        5627
        5631
        5632
        5644
        5655
        5657
        5665
        5666
        5674
        5682
        5686
        5696
        5703
        5705
        5724
        5742
        5746
        5749
        5759
        5766
        5773
        5774
        5786
        5794
        5804
        5807
        5810
        5816
        5835
        5844
        5846
        5848
        5852
        5856
        5868
        5874
        5897
        5902
        5911
        5915
        5919
        5928
        5936
        5945
        5952
        5957
        5971
        5987
        5994
        5996
        6000
        6023
        6039
        6042
        6047
        6050
        6076
        6089
        6111
        6120
        6135
        6143
        6147
        6151
        6158
        6161
        6164
        6165
        6166
        6167
        6188
        6195
        6209
        6218
        6223
        6233
        6238
        6239
        6241
        6245
        6251
        6254
        6256
        6257
        6260
        6276
        6281
        6295
        6298
        6327
        6336
        6340
        6341
        6346
        6356
        6357
        6364
        6370
        6378
        6381
        6383
        6399
        6428
        6434
        6449
        6453
        6457
        6464
        6465
        6470
        6473
        6475
        6504
        6519
        6538
        6540
        6547
        6550
        6557
        6560
        6572
        6576
        6583
        6584
        6589
        6596
        6603
        6606
        6611
        6615
        6636
        6642
        6646
        6651
        6663
        6664
        6668
        6673
        6704
        6708
        6715
        6723
        6733
        6741
        6744
        6750
        6760
        6767
        6783
        6786
        6789
        6791
        6803
        6810
        6812
        6821
        6823
        6838
        6840
        6845
        6854
        6862
        6864
        6883
        6898
        6903
        6910
        6915
        6917
        6921
        6942
        6955
        6973
        6982
        6990
        6996
        7000
        7011
        7018
        7020
        7038
        7052
        7059
        7068
        7070
        7075
        7085
        7090
        7092
        7093
        7095
        7096
        7103
        7111
        7133
        7135
        7140
        7144
        7152
        7154
        7164
        7166
        7180
        7192
        7200
        7224
        7240
        7246
        7255
        7256
        7267
        7272
        7273
        7277
        7285
        7290
        7293
        7299
        7314
        7321
        7341
        7361
        7379
        7382
        7393
        7401
        7411
        7413
        7414
        7422
        7426
        7428
        7438
        7447
        7453
        7460
        7464
        7466
        7468
        7469
        7475
        7486
        7493
        7502
        7503
        7505
        7517
        7523
        7525
        7543
        7555
        7560
        7586
        7589
        7594
        7600
        7607
        7608
        7621
        7642
        7644
        7646
        7668
        7671
        7673
        7685
        7691
        7692
        7699
        7713
        7725
        7734
        7745
        7749
        7761
        7764
        7781
        7795
        7798
        7800
        7804
        7820
        7837
        7844
        7849
        7855
        7876
        7883
        7913
        7937
        7943
        7950
        7959
        7961
        7973
        7978
        7983
        7997
        8001
        8014
        8050
        8055
        8060
        8063
        8066
        8077
        8091
        8092
        8102
        8105
        8111
        8122
        8127
        8140
        8143
        8146
        8158
        8169
        8181
        8188
        8190
        8208
        8211
        8217
        8218
        8224
        8229
        8236
        8246
        8247
        8249
        8254
        8269
        8277
        8285
        8287
        8294
        8312
        8318
        8323
        8348
        8363
        8368
        8380
        8382
        8390
        8394
        8401
        8420
        8424
        8428
        8435
        8437
        8442
        8446
        8453
        8456
        8467
        8477
        8485
        8486
        8492
        8494
        8495
        8501
        8505
        8506
        8508
        8511
        8513
        8521
        8523
        8532
        8534
        8536
        8540
        8545
        8551
        8555
        8562
        8569
        8578
        8587
        8588
        8598
        8603
        8609
        8625
        8629
        8635
        8639
        8644
        8664
        8680
        8681
        8685
        8716
        8755
        8775
        8776
        8788
        8805
        8806
        8810
        8812
        8831
        8853
        8856
        8859
        8866
        8879
        8882
        8884
        8888
        8900
        8904
        8909
        8948
        8951
        8957
        8969
        8970
        8972
        8975
        8980
        8989
