        4
        14
        17
        21
        25
        30
        42
        65
        90
        106
        113
        115
        125
        142
        156
        157
        159
        163
        166
        170
        175
        187
        225
        253
        255
        258
        260
        263
        269
        275
        283
        289
        298
        304
        305
        307
        318
        331
        335
        341
        345
        351
        355
        367
        374
        375
        390
        396
        399
        400
        405
        406
        417
        418
        423
        426
        433
        444
        460
        462
        464
        465
        473
        485
        494
        498
        501
        503
        524
        526
        536
        545
        549
        553
        557
        565
        572
        573
        581
        588
        591
        599
        612
        622
        624
        628
        636
        639
        644
        647
        652
        674
        677
        710
        729
        732
        738
        744
        747
        759
        769
        770
        774
        787
        825
        830
        835
        838
        844
        855
        856
        860
        885
        923
        925
        931
        946
        963
        967
        970
        977
        980
        996
        1008
        1018
        1020
        1061
        1066
        1068
        1088
        1094
        1095
        1097
        1112
        1122
        1130
        1137
        1155
        1156
        1162
        1176
        1182
        1187
        1195
        1216
        1217
        1222
        1224
        1232
        1233
        1237
        1267
        1270
        1274
        1277
        1305
        1308
        1311
        1312
        1320
        1333
        1335
        1346
        1353
        1360
        1361
        1375
        1384
        1395
        1404
        1410
        1412
        1414
        1417
        1418
        1420
        1427
        1434
        1450
        1456
        1497
        1504
        1512
        1521
        1536
        1545
        1568
        1582
        1587
        1618
        1628
        1629
        1632
        1634
        1641
        1655
        1656
        1667
        1671
        1680
        1685
        1688
        1703
        1705
        1711
        1716
        1723
        1724
        1726
        1733
        1739
        1746
        1752
        1786
        1790
        1792
        1800
        1815
        1826
        1851
        1854
        1858
        1860
        1871
        1875
        1877
        1879
        1885
        1887
        1909
        1915
        1916
        1935
        1941
        1956
        1958
        1959
        1961
        1964
        1972
        1974
        1994
        1998
        2001
        2003
        2009
        2014
        2029
        2040
        2044
        2051
        2054
        2057
        2063
        2069
        2077
        2084
        2090
        2092
        2102
        2124
        2134
        2140
        2141
        2142
        2145
        2159
        2162
        2169
        2174
        2187
        2188
        2217
        2222
        2227
        2236
        2239
        2247
        2258
        2260
        2262
        2263
        2281
        2284
        2286
        2292
        2294
        2312
        2315
        2335
        2336
        2342
        2346
        2351
        2377
        2386
        2394
        2416
        2435
        2443
        2461
        2465
        2469
        2475
        2477
        2497
        2502
        2507
        2512
        2519
        2520
        2524
        2525
        2531
        2533
        2544
        2552
        2558
        2561
        2565
        2580
        2583
        2592
        2610
        2619
        2627
        2638
        2650
        2669
        2681
        2692
        2729
        2739
        2760
        2769
        2783
        2798
        2800
        2814
        2819
        2825
        2828
        2831
        2833
        2841
        2849
        2854
        2860
        2866
        2873
        2895
        2898
        2906
        2908
        2910
        2917
        2927
        2929
        2932
        2938
        2954
        2957
        2961
        2971
        2998
        3014
        3022
        3023
        3035
        3036
        3045
        3053
        3054
        3083
        3094
        3096
        3122
        3125
        3135
        3148
        3157
        3163
        3196
        3204
        3209
        3212
        3214
        3223
        3226
        3241
        3256
        3263
        3279
        3283
        3309
        3313
        3322
        3329
        3331
        3333
        3335
        3336
        3348
        3350
        3355
        3358
        3364
        3376
        3379
        3390
        3430
        3462
        3482
        3537
        3550
        3552
        3555
        3581
        3601
        3630
        3645
        3656
        3682
        3690
        3705
        3715
        3745
        3824
        3853
        3871
        3889
        3931
        3944
        3995
        4008
        4068
        4089
        4123
        4139
        4150
        4155
        4203
        4224
        4257
        4279
        4294
        4330
        4336
        4354
        4362
        4365
        4397
        4399
        4414
        4455
        4486
        4487
        4495
        4513
        4520
        4532
        4555
        4577
        4603
        4607
        4624
        4659
        4664
        4683
        4701
        4728
        4750
        4757
        4760
        4777
        4783
        4792
        4800
        4806
        4821
        4822
        4824
        4835
        4837
        4847
        4860
        4880
        4887
        4896
        4905
        4909
        4917
        4920
        4923
        4945
        4952
        5011
        5024
        5049
        5082
        5084
        5088
        5107
        5157
        5208
        5228
        5263
        5285
        5286
        5315
        5417
        5448
        5456
        5459
        5475
        5490
        5492
        5517
        5546
        5563
        5575
        5590
        5619
        5620
        5628
        5701
        5708
        5711
        5718
        5736
        5740
        5761
        5771
        5776
        5804
        5805
        5834
        5851
        5858
        5930
        5935
        5943
        5957
        5959
        5960
        5967
        5981
        6011
        6037
        6063
        6155
        6209
        6225
        6238
        6241
        6371
        6373
        6808
        6860
        6914
        6921
        6938
        6978
        6985
        7099
        7120
        7176
        7318
        7410
        7441
        7516
        7543
        7548
        7549
        7554
        7556
        7562
        7564
        7565
        7570
        7571
        7576
        7577
        7581
        7583
        7587
        7588
        7611
        7621
        7631
        7633
        7634
        7643
        7645
        7648
        7652
        7657
        7659
        7662
        7664
        7667
        7674
        7675
        7677
        7678
        7679
        7683
        7686
        7689
        7694
        7700
        7704
        7706
        7708
        7716
        7721
        7725
        7726
        7730
        7732
        7734
        7738
        7739
        7741
        7742
        7760
        7772
        7779
        7781
        7786
        7789
        7801
        7805
        7811
        7812
        7816
        7817
        7818
        7822
        7826
        7828
        7833
        7835
        7845
        7847
        7852
        7854
        7855
        7857
        7861
        7867
        7882
        7884
        7896
        7919
        7920
        7923
        7939
        7940
        7943
        7947
        7956
        7960
        7961
        7969
        7981
        7992
        7993
        7996
        7999
        8004
        8014
        8017
        8022
        8027
        8030
        8038
        8039
        8053
        8070
        8072
        8084
        8092
        8093
        8096
        8104
        8110
        8115
        8117
        8118
        8121
        8129
        8131
        8135
        8137
        8148
        8153
        8155
        8164
        8166
        8174
        8177
        8183
        8189
        8193
        8202
        8207
        8209
        8213
        8218
        8232
        8243
        8260
        8261
        8268
        8270
        8273
        8294
        8339
        8377
        8381
        8397
        8406
        8412
        8434
        8454
        8455
        8459
        8466
        8477
        8505
        8527
        8531
        8544
        8586
        8595
        8620
        8652
        8664
        8669
        8676
        8690
        8716
        8718
        8723
        8734
        8762
        8774
        8817
        8830
        8844
        8846
        8877
        8904
        8921
        8929
        8959
        8965
        8973
