        1
        46
        63
        87
        94
        95
        166
        204
        222
        224
        231
        240
        243
        252
        257
        271
        277
        289
        296
        299
        303
        315
        341
        352
        365
        374
        382
        384
        394
        400
        402
        415
        419
        437
        457
        469
        476
        490
        492
        523
        545
        569
        576
        579
        585
        594
        599
        612
        613
        630
        633
        638
        642
        656
        660
        690
        694
        708
        719
        722
        731
        745
        754
        760
        771
        799
        803
        809
        817
        834
        871
        880
        888
        894
        906
        907
        918
        920
        923
        929
        939
        942
        944
        948
        964
        973
        981
        991
        993
        996
        1001
        1017
        1024
        1029
        1044
        1046
        1058
        1067
        1071
        1077
        1079
        1083
        1103
        1105
        1119
        1148
        1164
        1174
        1185
        1187
        1188
        1192
        1196
        1197
        1245
        1252
        1253
        1270
        1273
        1276
        1296
        1298
        1299
        1305
        1332
        1337
        1339
        1344
        1366
        1389
        1399
        1415
        1438
        1449
        1452
        1454
        1457
        1480
        1488
        1491
        1495
        1496
        1499
        1515
        1517
        1520
        1524
        1535
        1538
        1544
        1573
        1579
        1584
        1588
        1592
        1611
        1622
        1625
        1646
        1649
        1657
        1681
        1682
        1701
        1703
        1723
        1726
        1732
        1737
        1753
        1757
        1769
        1778
        1791
        1806
        1809
        1812
        1814
        1819
        1823
        1824
        1846
        1855
        1873
        1880
        1886
        1890
        1893
        1898
        1936
        1938
        1952
        1959
        1963
        1967
        1968
        1973
        2017
        2028
        2032
        2034
        2044
        2059
        2070
        2108
        2149
        2162
        2164
        2179
        2202
        2205
        2210
        2216
        2244
        2259
        2288
        2319
        2322
        2331
        2372
        2375
        2377
        2393
        2404
        2411
        2444
        2446
        2473
        2474
        2486
        2495
        2502
        2505
        2511
        2512
        2516
        2519
        2531
        2546
        2551
        2555
        2574
        2576
        2601
        2611
        2619
        2622
        2624
        2627
        2629
        2631
        2634
        2656
        2657
        2661
        2672
        2688
        2700
        2708
        2712
        2715
        2732
        2738
        2748
        2750
        2765
        2787
        2797
        2803
        2806
        2815
        2817
        2826
        2833
        2836
        2845
        2859
        2863
        2866
        2868
        2884
        2886
        2895
        2899
        2921
        2923
        2931
        2945
        2952
        2959
        2971
        2977
        2988
        2989
        3000
        3001
        3002
        3022
        3026
        3038
        3042
        3043
        3061
        3065
        3069
        3074
        3081
        3082
        3124
        3129
        3134
        3141
        3144
        3145
        3177
        3181
        3185
        3200
        3202
        3204
        3206
        3210
        3213
        3243
        3246
        3252
        3255
        3274
        3279
        3294
        3301
        3316
        3337
        3356
        3358
        3363
        3369
        3372
        3379
        3393
        3424
        3431
        3439
        3455
        3468
        3491
        3496
        3500
        3503
        3508
        3522
        3532
        3553
        3560
        3564
        3574
        3583
        3584
        3586
        3603
        3605
        3609
        3617
        3625
        3630
        3636
        3651
        3654
        3667
        3670
        3673
        3680
        3685
        3690
        3695
        3696
        3699
        3706
        3714
        3724
        3734
        3736
        3743
        3751
        3772
        3782
        3795
        3797
        3803
        3806
        3830
        3834
        3839
        3846
        3853
        3856
        3872
        3874
        3879
        3885
        3886
        3909
        3920
        3923
        3926
        3954
        3959
        3984
        3993
        3996
        4013
        4024
        4030
        4067
        4077
        4099
        4103
        4109
        4116
        4120
        4132
        4137
        4139
        4142
        4145
        4148
        4151
        4156
        4171
        4183
        4199
        4208
        4210
        4213
        4220
        4221
        4224
        4236
        4241
        4251
        4272
        4275
        4297
        4302
        4313
        4327
        4328
        4342
        4352
        4354
        4356
        4357
        4360
        4379
        4384
        4388
        4395
        4403
        4425
        4430
        4438
        4464
        4468
        4476
        4499
        4513
        4517
        4540
        4564
        4568
        4575
        4584
        4592
        4594
        4608
        4612
        4620
        4622
        4627
        4632
        4640
        4643
        4654
        4658
        4669
        4684
        4696
        4705
        4711
        4715
        4721
        4732
        4734
        4750
        4776
        4809
        4812
        4818
        4826
        4848
        4855
        4858
        4860
        4862
        4872
        4882
        4887
        4898
        4901
        4914
        4916
        4917
        4922
        4937
        4956
        4981
        4989
        4996
        5019
        5048
        5053
        5062
        5066
        5069
        5096
        5113
        5118
        5124
        5136
        5145
        5147
        5150
        5156
        5161
        5172
        5183
        5188
        5197
        5229
        5241
        5252
        5258
        5262
        5271
        5282
        5284
        5290
        5297
        5308
        5333
        5349
        5355
        5359
        5366
        5370
        5379
        5388
        5399
        5414
        5415
        5428
        5430
        5432
        5449
        5456
        5479
        5503
        5509
        5512
        5518
        5520
        5526
        5552
        5553
        5560
        5574
        5578
        5579
        5581
        5599
        5602
        5609
        5611
        5614
        5625
        5626
        5636
        5645
        5652
        5677
        5707
        5720
        5726
        5730
        5731
        5732
        5745
        5749
        5764
        5768
        5779
        5786
        5799
        5832
        5854
        5855
        5868
        5869
        5872
        5874
        5884
        5904
        5934
        5936
        5975
        5979
        5985
        5990
        5992
        5994
        6021
        6028
        6039
        6044
        6049
        6066
        6067
        6085
        6115
        6125
        6126
        6130
        6140
        6166
        6167
        6169
        6177
        6180
        6205
        6210
        6216
        6233
        6249
        6269
        6289
        6326
        6331
        6347
        6348
        6351
        6353
        6358
        6361
        6385
        6407
        6416
        6420
        6427
        6430
        6435
        6436
        6442
        6445
        6461
        6465
        6476
        6485
        6495
        6496
        6502
        6511
        6517
        6534
        6542
        6556
        6596
        6608
        6610
        6612
        6616
        6617
        6641
        6647
        6651
        6674
        6704
        6735
        6744
        6752
        6769
        6774
        6800
        6827
        6856
        6858
        6860
        6870
        6881
        6885
        6900
        6917
        6918
        6934
        6935
        6957
        6961
        6965
        6968
        6974
        6975
        6986
        6997
        7017
        7043
        7087
        7094
        7100
        7105
        7122
        7143
        7144
        7157
        7165
        7167
        7168
        7176
        7178
        7205
        7208
        7220
        7233
        7235
        7247
        7262
        7268
        7281
        7284
        7292
        7295
        7305
        7326
        7330
        7332
        7353
        7354
        7357
        7388
        7394
        7396
        7401
        7414
        7419
        7422
        7427
        7451
        7458
        7465
        7487
        7513
        7534
        7542
        7545
        7573
        7584
        7592
        7594
        7615
        7617
        7627
        7629
        7646
        7650
        7652
        7660
        7661
        7664
        7667
        7680
        7702
        7704
        7725
        7729
        7733
        7747
        7794
        7795
        7803
        7819
        7828
        7832
        7834
        7842
        7849
        7864
        7875
        7879
        7880
        7891
        7895
        7902
        7903
        7909
        7927
        7930
        7932
        7948
        7965
        7978
        7985
        7989
        7995
        8011
        8047
        8055
        8075
        8077
        8088
        8090
        8101
        8109
        8131
        8137
        8151
        8154
        8157
        8174
        8178
        8188
        8191
        8196
        8202
        8204
        8215
        8217
        8270
        8274
        8275
        8277
        8280
        8292
        8319
        8321
        8325
        8328
        8332
        8335
        8339
        8351
        8360
        8382
        8383
        8385
        8386
        8399
        8409
        8413
        8416
        8420
        8429
        8434
        8437
        8455
        8466
        8470
        8496
        8499
        8507
        8510
        8517
        8519
        8523
        8542
        8551
        8564
        8590
        8593
        8612
        8618
        8621
        8624
        8626
        8635
        8661
        8663
        8668
        8703
        8707
        8715
        8721
        8726
        8731
        8734
        8736
        8744
        8762
        8768
        8772
        8777
        8779
        8804
        8805
        8810
        8817
        8822
        8830
        8831
        8842
        8873
        8881
        8882
        8888
        8890
        8899
        8926
        8935
        8944
        8952
        8961
        8968
        8974
        8983
        8989
        8994
        8995
