        2
        7
        11
        15
        25
        26
        42
        51
        53
        70
        78
        89
        93
        108
        116
        140
        150
        176
        180
        186
        190
        208
        212
        216
        223
        234
        248
        251
        257
        261
        265
        266
        271
        288
        305
        317
        320
        333
        344
        345
        347
        358
        363
        373
        388
        395
        405
        411
        427
        431
        434
        446
        447
        458
        470
        475
        488
        494
        498
        499
        515
        516
        523
        532
        542
        545
        553
        557
        587
        588
        596
        597
        616
        619
        632
        637
        640
        641
        642
        651
        657
        671
        684
        690
        703
        721
        725
        726
        739
        747
        748
        762
        766
        772
        777
        792
        794
        817
        839
        856
        859
        863
        874
        878
        882
        890
        893
        911
        920
        923
        926
        931
        933
        940
        943
        957
        978
        980
        988
        1008
        1016
        1018
        1025
        1034
        1048
        1060
        1079
        1089
        1099
        1109
        1122
        1128
        1131
        1132
        1133
        1134
        1140
        1141
        1151
        1158
        1177
        1181
        1187
        1199
        1233
        1252
        1255
        1259
        1266
        1275
        1279
        1282
        1284
        1286
        1292
        1297
        1307
        1311
        1318
        1327
        1328
        1353
        1359
        1367
        1383
        1388
        1400
        1408
        1426
        1427
        1432
        1445
        1448
        1449
        1460
        1462
        1465
        1467
        1482
        1487
        1495
        1514
        1515
        1530
        1543
        1562
        1566
        1584
        1587
        1596
        1610
        1613
        1620
        1624
        1626
        1652
        1656
        1666
        1676
        1695
        1704
        1706
        1708
        1718
        1722
        1750
        1759
        1762
        1771
        1773
        1787
        1789
        1790
        1806
        1808
        1826
        1828
        1837
        1841
        1842
        1850
        1889
        1890
        1891
        1909
        1938
        1941
        1944
        1948
        1949
        1963
        1974
        1979
        1982
        2007
        2013
        2022
        2023
        2024
        2032
        2043
        2063
        2069
        2076
        2081
        2091
        2098
        2107
        2108
        2116
        2128
        2136
        2140
        2148
        2174
        2178
        2184
        2194
        2197
        2236
        2239
        2245
        2268
        2272
        2305
        2309
        2324
        2336
        2339
        2379
        2380
        2381
        2392
        2396
        2402
        2407
        2425
        2428
        2441
        2466
        2471
        2476
        2478
        2482
        2491
        2501
        2507
        2518
        2549
        2560
        2561
        2565
        2566
        2581
        2596
        2602
        2603
        2605
        2613
        2626
        2634
        2635
        2641
        2644
        2647
        2655
        2656
        2658
        2670
        2671
        2674
        2686
        2690
        2697
        2704
        2716
        2732
        2748
        2754
        2757
        2766
        2777
        2781
        2787
        2792
        2800
        2807
        2818
        2822
        2853
        2854
        2872
        2880
        2884
        2886
        2907
        2913
        2922
        2934
        2939
        2942
        2950
        2961
        2968
        2971
        2988
        2991
        2994
        2997
        3000
        3021
        3031
        3037
        3040
        3063
        3082
        3086
        3102
        3109
        3118
        3141
        3152
        3154
        3170
        3185
        3198
        3199
        3200
        3213
        3218
        3225
        3240
        3260
        3267
        3272
        3275
        3283
        3293
        3295
        3297
        3310
        3350
        3353
        3362
        3364
        3378
        3387
        3390
        3393
        3398
        3400
        3409
        3410
        3424
        3451
        3461
        3473
        3493
        3502
        3510
        3516
        3519
        3522
        3531
        3533
        3535
        3538
        3544
        3548
        3585
        3587
        3588
        3599
        3604
        3613
        3615
        3616
        3619
        3622
        3627
        3633
        3635
        3637
        3644
        3652
        3664
        3677
        3681
        3684
        3694
        3708
        3724
        3730
        3733
        3750
        3753
        3761
        3773
        3776
        3784
        3795
        3807
        3811
        3821
        3825
        3826
        3828
        3829
        3842
        3845
        3853
        3854
        3871
        3875
        3883
        3887
        3899
        3907
        3911
        3932
        3944
        3945
        3946
        3956
        3984
        4004
        4009
        4011
        4030
        4037
        4038
        4053
        4065
        4072
        4074
        4077
        4086
        4089
        4096
        4099
        4103
        4104
        4106
        4109
        4111
        4115
        4121
        4126
        4131
        4133
        4139
        4147
        4151
        4152
        4156
        4158
        4165
        4168
        4176
        4183
        4187
        4192
        4198
        4234
        4239
        4245
        4254
        4259
        4263
        4272
        4284
        4285
        4287
        4304
        4313
        4322
        4330
        4347
        4368
        4380
        4384
        4391
        4394
        4401
        4405
        4408
        4419
        4428
        4446
        4453
        4454
        4459
        4468
        4469
        4473
        4476
        4484
        4498
        4502
        4504
        4506
        4517
        4521
        4528
        4551
        4553
        4568
        4571
        4580
        4587
        4598
        4600
        4625
        4632
        4641
        4643
        4647
        4652
        4662
        4666
        4667
        4670
        4675
        4682
        4694
        4697
        4699
        4718
        4722
        4725
        4731
        4735
        4736
        4743
        4780
        4790
        4807
        4822
        4826
        4828
        4829
        4834
        4837
        4840
        4845
        4849
        4850
        4857
        4859
        4870
        4873
        4875
        4885
        4899
        4903
        4908
        4920
        4940
        4946
        4949
        4952
        4964
        4966
        4975
        4987
        4995
        5003
        5014
        5033
        5034
        5035
        5048
        5050
        5056
        5069
        5072
        5077
        5087
        5089
        5092
        5100
        5106
        5139
        5146
        5149
        5158
        5162
        5164
        5166
        5171
        5178
        5180
        5182
        5185
        5194
        5199
        5205
        5217
        5218
        5248
        5250
        5254
        5270
        5284
        5287
        5294
        5296
        5299
        5315
        5330
        5332
        5338
        5340
        5344
        5346
        5362
        5373
        5391
        5394
        5397
        5406
        5414
        5415
        5419
        5422
        5435
        5448
        5451
        5458
        5462
        5474
        5484
        5488
        5493
        5494
        5496
        5501
        5502
        5517
        5522
        5534
        5537
        5539
        5550
        5568
        5579
        5587
        5596
        5600
        5602
        5619
        5627
        5631
        5651
        5660
        5663
        5666
        5678
        5687
        5703
        5705
        5714
        5741
        5744
        5749
        5750
        5756
        5757
        5763
        5768
        5790
        5811
        5814
        5815
        5816
        5826
        5838
        5846
        5852
        5866
        5867
        5885
        5897
        5908
        5909
        5926
        5946
        5967
        5977
        5979
        5985
        5998
        6001
        6004
        6017
        6018
        6043
        6053
        6084
        6104
        6112
        6116
        6125
        6127
        6155
        6158
        6166
