        1762
        1763
        1764
        1768
        1791
        1794
        1815
        1827
        1833
        1834
        1838
        1847
        1848
        1862
        1865
        1869
        1874
        1883
        1887
        1888
        1889
        1890
        1892
        1905
        1906
        1908
        1916
        1920
        1923
        1928
        1939
        1946
        1953
        1961
        1962
        1965
        1967
        1968
        1980
        1984
        1987
        1994
        1996
        1997
        1999
        2006
        2008
        2022
        2032
        2034
        2042
        2046
        2055
        2056
        2061
        2067
        2070
        2071
        2074
        2091
        2112
        2114
        2116
        2128
        2130
        2132
        2148
        2166
        2167
        2172
        2175
        2176
        2187
        2193
        2194
        2196
        2197
        2219
        2221
        2234
        2258
        2266
        2291
        2296
        2298
        2302
        2328
        2329
        2331
        2345
        2352
        2353
        2355
        2358
        2369
        2372
        2401
        2411
        2412
        2414
        2425
        2432
        2438
        2441
        2442
        2445
        2448
        2451
        2464
        2468
        2476
        2480
        2485
        2488
        2507
        2517
        2526
        2528
        2551
        2556
        2562
        2572
        2587
        2588
        2606
        2613
        2614
        2626
        2638
        2640
        2644
        2655
        2661
        2670
        2680
        2684
        2686
        2696
        2701
        2710
        2713
        2718
        2734
        2739
        2742
        2748
        2750
        2753
        2756
        2763
        2764
        2767
        2773
        2775
        2784
        2791
        2799
        2801
        2803
        2805
        2817
        2836
        2840
        2843
        2846
        2855
        2857
        2862
        2874
        2879
        2888
        2895
        2899
        2903
        2911
        2914
        2918
        2921
        2932
        2943
        2945
        2946
        2947
        2948
        2954
        2958
        2961
        2962
        2967
        2970
        2979
        2985
        2999
        3005
        3011
        3013
        3016
        3020
        3033
        3035
        3039
        3047
        3055
        3066
        3068
        3069
        3086
        3093
        3097
        3100
        3105
        3113
        3116
        3118
        3125
        3136
        3142
        3143
        3147
        3154
        3161
        3166
        3170
        3171
        3172
        3173
        3177
        3180
        3185
        3190
        3199
        3202
        3218
        3219
        3234
        3239
        3251
        3253
        3260
        3263
        3275
        3279
        3281
        3287
        3291
        3294
        3297
        3306
        3307
        3314
        3315
        3321
        3325
        3328
        3331
        3343
        3355
        3356
        3359
        3368
        3375
        3376
        3383
        3388
        3390
        3397
        3404
        3407
        3411
        3441
        3472
        3477
        3480
        3482
        3492
        3494
        3496
        3498
        3500
        3507
        3513
        3515
        3524
        3529
        3531
        3533
        3536
        3546
        3550
        3555
        3560
        3571
        3576
        3583
        3592
        3599
        3610
        3616
        3624
        3627
        3629
        3641
        3644
        3657
        3660
        3685
        3694
        3711
        3717
        3718
        3722
        3738
        3743
        3761
        3763
        3766
        3772
        3775
        3780
        3792
        3797
        3821
        3831
        3834
        3836
        3858
        3863
        3868
        3870
        3872
        3884
        3892
        3894
        3904
        3906
        3924
        3934
        3938
        3958
        3964
        3980
        3994
        3998
        4004
        4009
        4011
        4013
        4014
        4016
        4019
        4030
        4038
        4044
        4056
        4066
        4073
        4086
        4089
        4106
        4107
        4108
        4111
        4112
        4115
        4117
        4119
        4131
        4133
        4137
        4145
        4149
        4155
        4159
        4167
        4172
        4178
        4197
        4221
        4223
        4226
        4227
        4240
        4243
        4252
        4256
        4266
        4270
        4280
        4289
        4292
        4297
        4303
        4312
        4328
        4330
        4331
        4334
        4355
        4359
        4364
        4366
        4371
        4372
        4386
        4387
        4391
        4397
        4402
        4413
        4415
        4417
        4420
        4434
        4439
        4441
        4446
        4458
        4460
        4469
        4475
        4483
        4493
        4506
        4519
        4525
        4526
        4528
        4539
        4544
        4550
        4551
        4554
        4566
        4570
        4581
        4592
        4602
        4609
        4616
        4632
        4644
        4649
        4663
        4665
        4668
        4680
        4685
        4687
        4699
        4707
        4712
        4718
        4721
        4730
        4743
        4749
        4784
        4792
        4804
        4807
        4818
        4826
        4836
        4839
        4843
        4855
        4861
        4872
        4875
        4878
        4884
        4887
        4890
        4899
        4902
        4903
        4916
        4936
        4941
        4944
        4966
        4967
        4969
        4973
        4982
        4983
        4986
        4989
        4990
        5003
        5010
        5020
        5024
        5026
        5036
        5040
        5041
        5043
        5045
        5058
        5065
        5071
        5075
        5097
        5099
        5104
        5108
        5122
        5126
        5145
        5146
        5149
        5156
        5163
        5171
        5177
        5178
        5182
        5192
        5195
        5198
        5199
        5201
        5222
        5225
        5229
        5236
        5238
        5241
        5248
        5256
        5278
        5284
        5287
        5302
        5313
        5320
        5322
        5327
        5329
        5336
        5348
        5358
        5365
        5374
        5379
        5381
        5382
        5391
        5405
        5407
        5438
        5449
        5451
        5452
        5457
        5464
        5471
        5475
        5486
        5495
        5501
        5516
        5517
        5518
        5522
        5525
        5531
        5552
        5569
        5583
        5587
        5593
        5603
        5610
        5614
        5618
        5621
        5625
        5627
        5633
        5641
        5643
        5649
        5656
        5657
        5667
        5669
        5689
        5705
        5716
        5722
        5724
        5730
        5737
        5739
        5747
        5756
        5760
        5762
        5773
        5775
        5777
        5788
        5802
        5803
        5807
        5814
        5815
        5820
        5824
        5835
        5845
        5866
        5869
        5873
        5908
        5914
        5922
        5924
        5925
        5929
        5932
        5935
        5951
        5953
        5958
        5961
        5966
        5972
        5974
        5980
        5988
        5998
        5999
        6010
        6019
        6021
        6032
        6044
        6054
        6062
        6064
        6070
        6074
        6081
        6090
        6104
        6118
        6119
        6120
        6126
        6129
        6150
        6156
        6162
        6172
        6174
        6183
        6185
        6192
        6196
        6201
        6206
        6217
        6234
        6236
        6242
        6246
        6251
        6259
        6261
        6263
        6271
        6272
        6275
        6280
        6289
        6295
        6311
        6324
        6337
        6340
        6344
        6361
        6369
        6370
        6389
        6395
        6402
        6405
        6408
        6410
        6422
        6424
        6432
        6435
        6455
        6470
        6472
        6487
        6491
        6519
        6524
        6526
        6534
        6547
        6557
        6558
        6561
        6564
        6568
        6573
        6575
        6577
        6588
        6602
        6609
        6614
        6628
        6638
        6659
        6661
        6665
        6671
        6672
        6674
        6680
        6688
        6690
        6691
        6692
        6696
        6700
        6703
        6715
        6722
        6726
        6729
        6736
        6742
        6756
        6762
        6765
        6768
        6773
        6779
        6787
        6790
        6795
        6797
        6804
        6806
        6809
        6818
        6826
        6830
        6832
        6833
        6845
        6847
        6852
        6854
        6858
        6861
        6884
        6885
        6886
        6889
        6899
        6907
        6910
        6919
        6925
        6929
        6950
        6952
        6964
        6967
        6975
        6977
        6981
        6985
        6988
        6996
        6998
        7003
        7009
        7018
        7021
        7027
        7038
        7052
        7061
        7076
        7104
        7107
        7108
        7123
        7137
        7138
        7145
        7149
        7155
        7160
        7164
        7175
        7215
        7219
        7221
        7222
        7228
        7231
        7242
        7244
        7258
        7264
        7269
        7277
        7289
        7290
        7293
        7308
        7309
        7312
        7327
        7328
        7334
        7341
        7346
        7348
        7354
        7368
        7369
        7374
        7381
        7398
        7403
        7407
        7420
        7422
        7439
        7453
        7455
        7468
        7471
        7475
        7478
        7481
        7491
        7513
        7515
        7522
        7529
        7531
        7534
        7536
        7541
        7572
        7588
        7599
        7605
        7608
        7617
        7637
        7648
        7649
        7650
        7655
        7656
        7663
        7682
        7684
        7687
        7690
        7706
        7713
        7718
        7724
        7753
        7756
        7761
        7762
        7768
        7771
        7778
        7782
        7786
        7789
        7794
        7805
        7846
        7865
        7873
        7879
        7887
        7903
        7918
        7922
        7929
        7939
        7942
        7949
        7951
        7961
        7967
        7969
        7988
        7993
        7995
        7998
        8001
        8028
        8038
        8078
        8091
        8096
        8100
        8102
        8118
        8182
        8212
        8222
        8231
        8242
        8243
        8258
        8279
        8301
        8304
        8358
        8364
        8423
        8487
        8527
        8562
        8571
        8587
        8594
        8614
        8661
        8682
        8689
        8699
        8727
        8729
        8760
        8765
        8819
        8827
        8829
        8838
        8845
        8874
        8879
        8899
        8925
        8962
        8981
        8983
