        1
        15
        30
        34
        39
        63
        72
        73
        90
        101
        110
        141
        149
        161
        168
        171
        208
        210
        242
        245
        255
        267
        279
        330
        338
        345
        357
        361
        371
        375
        382
        401
        405
        407
        416
        419
        433
        444
        445
        448
        450
        454
        455
        484
        491
        499
        501
        506
        516
        529
        531
        548
        551
        554
        589
        597
        600
        606
        617
        637
        666
        675
        688
        700
        702
        705
        727
        730
        735
        743
        752
        756
        763
        764
        774
        779
        784
        785
        797
        806
        808
        814
        819
        836
        855
        861
        869
        882
        897
        906
        912
        936
        949
        952
        965
        967
        969
        982
        985
        1004
        1005
        1010
        1020
        1021
        1037
        1038
        1039
        1041
        1044
        1050
        1052
        1054
        1059
        1062
        1067
        1069
        1076
        1082
        1084
        1091
        1098
        1099
        1105
        1119
        1120
        1133
        1137
        1141
        1148
        1154
        1156
        1162
        1177
        1181
        1197
        1205
        1206
        1212
        1217
        1226
        1240
        1244
        1250
        1256
        1260
        1262
        1263
        1269
        1284
        1293
        1298
        1303
        1310
        1321
        1325
        1335
        1350
        1368
        1369
        1373
        1384
        1387
        1391
        1392
        1394
        1397
        1408
        1410
        1419
        1430
        1433
        1435
        1460
        1466
        1477
        1481
        1485
        1500
        1501
        1507
        1514
        1517
        1537
        1558
        1570
        1577
        1581
        1583
        1592
        1600
        1607
        1611
        1627
        1644
        1654
        1655
        1665
        1666
        1669
        1692
        1695
        1705
        1708
        1710
        1714
        1716
        1719
        1724
        1726
        1728
        1734
        1737
        1750
        1753
        1755
        1766
        1772
        1773
        1785
        1796
        1810
        1812
        1814
        1816
        1823
        1825
        1833
        1838
        1857
        1859
        1876
        1880
        1890
        1893
        1899
        1907
        1910
        1932
        1934
        1963
        1966
        1975
        1983
        1987
        1994
        1997
        2001
        2008
        2011
        2053
        2057
        2060
        2064
        2070
        2076
        2079
        2082
        2091
        2096
        2102
        2105
        2113
        2134
        2141
        2149
        2153
        2165
        2169
        2176
        2193
        2202
        2217
        2223
        2228
        2235
        2245
        2263
        2266
        2291
        2293
        2299
        2307
        2324
        2342
        2348
        2351
        2359
        2363
        2365
        2370
        2374
        2393
        2412
        2437
        2439
        2440
        2452
        2465
        2467
        2475
        2488
        2503
        2506
        2509
        2517
        2534
        2540
        2541
        2548
        2552
        2559
        2563
        2566
        2592
        2598
        2602
        2609
        2616
        2640
        2648
        2652
        2665
        2669
        2673
        2685
        2700
        2702
        2710
        2718
        2761
        2766
        2792
        2793
        2797
        2800
        2803
        2808
        2812
        2824
        2835
        2839
        2844
        2875
        2877
        2890
        2900
        2901
        2904
        2908
        2917
        2920
        2930
        2937
        2938
        2941
        2948
        2951
        2968
        2974
        2980
        2993
        3001
        3014
        3022
        3028
        3049
        3052
        3053
        3063
        3070
        3077
        3082
        3085
        3088
        3098
        3101
        3115
        3122
        3126
        3130
        3138
        3155
        3172
        3177
        3178
        3182
        3187
        3191
        3203
        3206
        3213
        3215
        3219
        3227
        3234
        3245
        3250
        3251
        3267
        3270
        3277
        3288
        3290
        3295
        3297
        3300
        3305
        3309
        3312
        3316
        3322
        3330
        3334
        3336
        3354
        3371
        3382
        3385
        3396
        3397
        3405
        3410
        3412
        3414
        3419
        3431
        3444
        3451
        3454
        3466
        3469
        3477
        3493
        3496
        3499
        3516
        3537
        3545
        3559
        3562
        3567
        3576
        3582
        3583
        3594
        3612
        3614
        3619
        3636
        3643
        3653
        3654
        3657
        3670
        3675
        3685
        3690
        3695
        3701
        3708
        3720
        3727
        3730
        3738
        3745
        3748
        3760
        3801
        3803
        3842
        3844
        3849
        3850
        3858
        3864
        3874
        3883
        3891
        3895
        3898
        3901
        3904
        3910
        3912
        3914
        3918
        3922
        3925
        3933
        3949
        3964
        3975
        3978
        3980
        3997
        4019
        4020
        4023
        4028
        4031
        4034
        4057
        4064
        4065
        4069
        4102
        4110
        4112
        4115
        4125
        4129
        4132
        4134
        4140
        4144
        4150
        4153
        4159
        4168
        4171
        4180
        4214
        4218
        4220
        4229
        4230
        4231
        4237
        4238
        4254
        4263
        4269
        4273
        4282
        4284
        4299
        4302
        4306
        4308
        4316
        4332
        4339
        4345
        4348
        4354
        4383
        4386
        4391
        4396
        4400
        4402
        4414
        4429
        4432
        4465
        4475
        4478
        4484
        4488
        4495
        4499
        4505
        4509
        4512
        4520
        4533
        4536
        4539
        4548
        4549
        4551
        4555
        4558
        4581
        4587
        4602
        4622
        4626
        4627
        4629
        4633
        4635
        4641
        4648
        4651
        4670
        4681
        4688
        4703
        4724
        4742
        4751
        4770
        4772
        4777
        4783
        4805
        4812
        4816
        4817
        4835
        4841
        4850
        4851
        4852
        4853
        4856
        4861
        4865
        4868
        4872
        4881
        4885
        4894
        4916
        4922
        4927
        4930
        4933
        4939
        4941
        4949
        4957
        4959
        4965
        4977
        4991
        4996
        5007
        5011
        5017
        5029
        5040
        5043
        5045
        5046
        5051
        5069
        5073
        5077
        5088
        5107
        5111
        5119
        5120
        5142
        5149
        5151
        5152
        5153
        5154
        5155
        5160
        5168
        5173
        5175
        5184
        5189
        5193
        5198
        5200
        5215
        5219
        5227
        5236
        5243
        5245
        5262
        5271
        5274
        5285
        5298
        5301
        5310
        5320
        5323
        5328
        5344
        5348
        5351
        5355
        5377
        5380
        5382
        5387
        5394
        5396
        5400
        5408
        5417
        5419
        5423
        5424
        5438
        5439
        5452
        5459
        5462
        5464
        5469
        5493
        5494
        5497
        5499
        5500
        5504
        5508
        5509
        5510
        5527
        5571
        5576
        5579
        5580
        5585
        5588
        5597
        5601
        5608
        5619
        5625
        5630
        5632
        5643
        5670
        5680
        5686
        5704
        5712
        5731
        5741
        5750
        5751
        5767
        5782
        5785
        5786
        5824
        5832
        5840
        5843
        5846
        5851
        5865
        5868
        5874
        5881
        5889
        5893
        5901
        5912
        5925
        5928
        5942
        5948
        5955
        5956
        5981
        5984
        5995
        5997
        5999
        6005
        6016
        6019
        6021
        6025
        6029
        6044
        6057
        6076
        6079
        6099
        6105
        6116
        6122
        6158
        6180
        6181
        6183
        6191
        6197
        6199
        6200
        6212
        6218
        6221
        6228
        6231
        6244
        6263
        6266
        6281
        6298
        6299
        6301
        6303
        6321
        6328
        6335
        6338
        6340
        6341
        6348
        6371
        6387
        6394
        6397
        6399
        6410
        6413
        6417
        6429
        6447
        6449
        6451
        6455
        6464
        6467
        6471
        6480
        6488
        6490
        6493
        6495
        6500
        6501
        6508
        6519
        6521
        6530
        6547
        6549
        6551
        6557
        6558
        6561
        6582
        6597
        6603
        6615
        6618
        6621
        6627
        6636
        6642
        6643
        6646
        6657
        6668
        6670
        6694
        6697
        6706
        6720
        6732
        6733
        6736
        6743
        6750
        6752
        6756
        6761
        6762
        6763
        6769
        6770
        6780
        6788
        6792
        6806
        6811
        6821
        6824
        6830
        6831
        6838
        6839
        6844
        6848
        6854
        6877
        6880
        6883
        6908
        6910
        6913
        6948
        6957
        6975
        6981
        6993
        7006
        7011
        7018
        7021
        7031
        7033
        7044
        7045
        7057
        7063
        7065
        7072
        7078
        7084
        7101
        7108
        7109
        7112
        7123
        7132
        7134
        7135
        7139
        7146
        7154
        7165
        7173
        7192
        7195
        7200
        7224
        7228
        7233
        7236
        7239
        7241
        7243
        7257
        7277
        7287
        7291
        7303
        7305
        7314
        7316
        7344
        7346
        7356
        7358
        7360
        7369
        7373
        7383
        7389
        7396
        7398
        7431
        7439
        7467
        7478
        7496
        7506
        7525
        7540
        7546
        7552
        7557
        7561
        7595
        7601
        7605
        7610
        7619
        7624
        7631
        7633
        7652
        7670
        7677
        7679
        7688
        7689
        7690
        7691
        7695
        7702
        7706
        7709
        7744
        7752
        7760
        7763
        7769
        7779
        7787
        7823
        7830
        7847
        7849
        7858
        7872
        7877
        7878
        7885
        7887
        7896
        7897
        7899
        7906
        7914
        7923
        7926
        7931
        7945
        7946
        7949
        7952
        7973
        7974
        7979
        7988
        7993
        8004
        8017
        8022
        8028
        8030
        8033
        8051
        8065
        8070
        8073
        8082
        8096
        8107
        8111
        8119
        8152
        8161
        8174
        8179
        8181
        8190
        8202
        8207
        8209
        8214
        8218
        8225
        8235
        8240
        8244
        8248
        8252
        8255
        8261
        8264
        8275
        8279
        8298
        8305
        8310
        8332
        8336
        8355
        8398
        8400
        8406
        8428
        8434
        8440
        8444
        8450
        8456
        8466
        8467
        8468
        8479
        8481
        8485
        8491
        8493
        8496
        8502
        8506
        8509
        8516
        8522
        8530
        8535
        8538
        8551
        8554
        8556
        8560
        8568
        8569
        8578
        8582
        8584
        8592
        8598
        8605
        8608
        8614
        8620
        8649
        8672
        8674
        8685
        8688
        8691
        8709
        8712
        8727
        8729
        8734
        8739
        8749
        8751
        8767
        8781
        8813
        8814
        8824
        8825
        8834
        8841
        8850
        8862
        8866
        8869
        8888
        8900
        8909
        8911
        8920
        8932
        8935
        8937
        8940
        8961
        8962
        8964
        8968
