        4
        22
        25
        32
        40
        44
        59
        72
        73
        123
        126
        133
        137
        144
        146
        155
        164
        177
        194
        205
        213
        223
        231
        244
        264
        265
        278
        298
        316
        322
        326
        334
        335
        348
        350
        376
        378
        383
        392
        395
        397
        403
        412
        413
        422
        428
        438
        440
        443
        447
        449
        456
        472
        475
        476
        479
        480
        487
        501
        507
        509
        510
        511
        519
        524
        530
        535
        546
        551
        563
        572
        574
        586
        596
        598
        602
        607
        608
        614
        616
        643
        644
        648
        650
        658
        668
        678
        680
        702
        715
        722
        723
        727
        735
        737
        750
        767
        768
        769
        783
        792
        817
        819
        832
        848
        853
        855
        867
        875
        878
        881
        889
        917
        918
        930
        966
        977
        979
        985
        999
        1011
        1013
        1015
        1037
        1048
        1050
        1056
        1060
        1062
        1071
        1072
        1078
        1082
        1086
        1089
        1111
        1124
        1125
        1126
        1139
        1154
        1155
        1160
        1184
        1196
        1208
        1209
        1227
        1239
        1250
        1256
        1267
        1280
        1287
        1290
        1293
        1303
        1323
        1329
        1332
        1334
        1339
        1340
        1341
        1353
        1357
        1358
        1364
        1369
        1386
        1387
        1394
        1395
        1396
        1406
        1415
        1416
        1437
        1442
        1452
        1455
        1473
        1475
        1488
        1493
        1494
        1497
        1498
        1506
        1523
        1544
        1546
        1547
        1548
        1558
        1573
        1574
        1576
        1585
        1587
        1594
        1601
        1609
        1618
        1623
        1636
        1644
        1648
        1649
        1651
        1653
        1659
        1666
        1676
        1679
        1681
        1685
        1690
        1710
        1727
        1743
        1747
        1754
        1761
        1762
        1765
        1774
        1782
        1791
        1794
        1804
        1807
        1809
        1810
        1814
        1820
        1855
        1860
        1875
        1885
        1895
        1899
        1901
        1914
        1918
        1920
        1943
        1946
        1948
        1950
        1952
        2003
        2009
        2013
        2015
        2016
        2018
        2024
        2036
        2040
        2041
        2049
        2054
        2057
        2077
        2087
        2090
        2095
        2111
        2112
        2118
        2120
        2131
        2134
        2147
        2149
        2162
        2166
        2168
        2184
        2198
        2205
        2206
        2210
        2216
        2224
        2241
        2254
        2260
        2261
        2271
        2275
        2277
        2283
        2298
        2299
        2302
        2309
        2317
        2321
        2338
        2339
        2343
        2346
        2347
        2350
        2354
        2355
        2356
        2365
        2372
        2389
        2397
        2401
        2418
        2433
        2442
        2456
        2465
        2483
        2490
        2491
        2493
        2512
        2525
        2575
        2604
        2606
        2607
        2611
        2618
        2642
        2644
        2649
        2669
        2673
        2676
        2692
        2696
        2707
        2724
        2725
        2728
        2735
        2744
        2754
        2767
        2771
        2781
        2791
        2792
        2802
        2809
        2810
        2822
        2829
        2832
        2837
        2852
        2859
        2862
        2865
        2873
        2894
        2898
        2900
        2912
        2921
        2949
        2958
        2965
        2967
        2998
        3010
        3015
        3020
        3032
        3043
        3048
        3064
        3070
        3086
        3093
        3098
        3104
        3107
        3110
        3114
        3117
        3121
        3126
        3132
        3134
        3157
        3163
        3167
        3168
        3176
        3180
        3182
        3197
        3198
        3199
        3204
        3206
        3208
        3227
        3248
        3258
        3264
        3276
        3282
        3286
        3287
        3292
        3293
        3297
        3299
        3307
        3313
        3314
        3324
        3337
        3339
        3343
        3348
        3350
        3358
        3365
        3375
        3389
        3415
        3419
        3421
        3423
        3425
        3432
        3436
        3451
        3458
        3471
        3494
        3503
        3507
        3509
        3532
        3538
        3544
        3549
        3556
        3558
        3568
        3571
        3572
        3583
        3592
        3601
        3605
        3615
        3619
        3620
        3622
        3624
        3649
        3653
        3657
        3665
        3667
        3677
        3698
        3711
        3714
        3715
        3716
        3722
        3724
        3728
        3731
        3737
        3740
        3742
        3772
        3785
        3795
        3806
        3816
        3829
        3834
        3843
        3860
        3870
        3884
        3886
        3889
        3897
        3904
        3907
        3912
        3913
        3928
        3946
        3947
        3959
        3965
        3983
        4012
        4014
        4025
        4026
        4032
        4046
        4055
        4059
        4062
        4072
        4081
        4089
        4100
        4108
        4111
        4117
        4121
        4129
        4132
        4137
        4143
        4144
        4157
        4160
        4167
        4168
        4172
        4179
        4202
        4210
        4219
        4238
        4243
        4247
        4255
        4261
        4264
        4269
        4276
        4307
        4311
        4322
        4325
        4335
        4342
        4358
        4360
        4361
        4363
        4369
        4383
        4392
        4394
        4403
        4413
        4415
        4417
        4420
        4424
        4427
        4447
        4452
        4483
        4492
        4493
        4496
        4501
        4517
        4531
        4543
        4545
        4546
        4557
        4566
        4576
        4584
        4595
        4596
        4599
        4603
        4635
        4647
        4651
        4652
        4665
        4668
        4669
        4679
        4684
        4690
        4694
        4695
        4697
        4716
        4726
        4728
        4734
        4735
        4737
        4755
        4770
        4780
        4784
        4795
        4798
        4822
        4838
        4842
        4845
        4847
        4859
        4868
        4876
        4890
        4901
        4905
        4910
        4916
        4927
        4946
        4950
        4961
        4971
        4991
        5003
        5007
        5021
        5025
        5049
        5057
        5075
        5084
        5088
        5089
        5090
        5107
        5114
        5116
        5120
        5124
        5132
        5141
        5143
        5146
        5147
        5151
        5173
        5181
        5198
        5204
        5206
        5210
        5225
        5227
        5237
        5238
        5241
        5244
        5252
        5257
        5259
        5278
        5288
        5305
        5306
        5309
        5315
        5322
        5331
        5338
        5339
        5341
        5350
        5356
        5358
        5361
        5382
        5385
        5395
        5406
        5411
        5432
        5434
        5441
        5456
        5458
        5460
        5461
        5462
        5469
        5475
        5484
        5501
        5509
        5511
        5514
        5518
        5521
        5524
        5534
        5536
        5545
        5549
        5560
        5563
        5564
        5566
        5573
        5576
        5581
        5593
        5596
        5618
        5620
        5638
        5639
        5664
        5670
        5671
        5674
        5682
        5711
        5713
        5729
        5732
        5733
        5734
        5739
        5754
        5764
        5765
        5767
        5772
        5773
        5777
        5790
        5801
        5805
        5820
        5836
        5851
        5857
        5868
        5884
        5892
        5908
        5910
        5930
        5937
        5943
        5945
        5946
        5959
        5966
        5974
        5984
        5988
        5992
        6020
        6023
        6026
        6027
        6042
        6046
        6053
        6055
        6060
        6074
        6081
        6086
        6095
        6107
        6125
        6128
        6131
        6161
        6183
        6188
        6190
        6219
        6223
        6237
        6260
        6287
        6290
        6323
        6329
        6333
        6348
        6366
        6388
        6410
        6430
        6439
        6463
        6469
        6476
        6480
        6488
        6489
        6492
        6494
        6530
        6550
        6555
        6558
        6560
        6579
        6601
        6608
        6613
        6620
        6641
        6649
        6669
        6670
        6676
        6679
        6683
        6696
        6709
        6717
        6737
        6739
        6762
        6782
        6797
        6809
        6819
        6829
        6831
        6835
        6837
        6838
        6853
        6856
        6865
        6868
        6874
        6887
        6909
        6915
        6932
        6934
        6941
        6949
        6952
        6956
        6961
        6962
        6964
        6975
        6977
        6998
        7012
        7020
        7045
        7056
        7064
        7068
        7082
        7121
        7127
        7128
        7131
        7133
        7135
        7152
        7165
        7170
        7190
        7193
        7194
        7204
        7209
        7210
        7213
        7218
        7221
        7227
        7239
        7242
        7253
        7255
        7258
        7259
        7262
        7267
        7269
        7277
        7282
        7283
        7296
        7305
        7311
        7316
        7343
        7350
        7356
        7375
        7379
        7382
        7404
        7436
        7444
        7450
        7462
        7492
        7496
        7500
