        10
        16
        23
        57
        59
        78
        80
        86
        89
        104
        117
        126
        128
        132
        133
        154
        172
        178
        190
        196
        199
        203
        210
        217
        231
        232
        235
        239
        247
        267
        272
        281
        313
        314
        317
        324
        338
        340
        343
        346
        347
        350
        364
        406
        408
        411
        418
        423
        429
        437
        440
        444
        453
        471
        488
        504
        506
        515
        528
        535
        549
        552
        570
        581
        596
        622
        635
        637
        641
        651
        680
        695
        702
        729
        732
        794
        806
        820
        845
        848
        849
        850
        857
        860
        863
        864
        871
        873
        879
        891
        892
        897
        900
        926
        929
        935
        959
        963
        983
        986
        989
        1001
        1013
        1015
        1023
        1026
        1027
        1032
        1038
        1054
        1065
        1071
        1075
        1093
        1097
        1108
        1111
        1112
        1126
        1129
        1130
        1131
        1133
        1177
        1185
        1188
        1196
        1204
        1218
        1253
        1254
        1257
        1271
        1282
        1296
        1307
        1320
        1331
        1341
        1356
        1361
        1363
        1366
        1375
        1377
        1391
        1404
        1421
        1430
        1435
        1436
        1438
        1456
        1468
        1470
        1472
        1486
        1493
        1506
        1522
        1530
        1577
        1578
        1598
        1612
        1613
        1633
        1635
        1653
        1659
        1673
        1675
        1678
        1691
        1697
        1704
        1712
        1718
        1733
        1749
        1751
        1760
        1761
        1763
        1777
        1778
        1780
        1792
        1802
        1828
        1832
        1834
        1836
        1838
        1846
        1851
        1855
        1871
        1885
        1888
        1889
        1897
        1898
        1913
        1922
        1936
        1950
        1959
        1972
        1974
        1984
        1985
        1989
        2002
        2023
        2028
        2033
        2049
        2051
        2057
        2074
        2079
        2085
        2103
        2120
        2126
        2128
        2129
        2130
        2131
        2146
        2147
        2152
        2178
        2181
        2182
        2189
        2204
        2205
        2231
        2240
        2255
        2263
        2267
        2270
        2274
        2275
        2283
        2287
        2302
        2303
        2307
        2328
        2329
        2336
        2341
        2345
        2358
        2367
        2374
        2388
        2400
        2415
        2422
        2436
        2453
        2454
        2456
        2463
        2464
        2467
        2469
        2471
        2476
        2478
        2481
        2491
        2494
        2510
        2529
        2539
        2540
        2541
        2552
        2554
        2555
        2556
        2558
        2560
        2563
        2575
        2576
        2585
        2598
        2599
        2600
        2602
        2607
        2609
        2613
        2621
        2624
        2629
        2632
        2655
        2660
        2663
        2670
        2690
        2714
        2720
        2732
        2736
        2741
        2743
        2746
        2775
        2780
        2782
        2785
        2799
        2807
        2827
        2833
        2855
        2893
        2899
        2900
        2902
        2906
        2915
        2934
        2935
        2936
        2941
        2943
        2948
        2951
        2960
        2963
        2972
        2977
        2982
        2983
        3001
        3008
        3012
        3014
        3017
        3020
        3022
        3024
        3031
        3035
        3047
        3051
        3055
        3057
        3058
        3061
        3069
        3070
        3075
        3077
        3090
        3093
        3098
        3099
        3103
        3106
        3125
        3127
        3130
        3143
        3146
        3152
        3153
        3160
        3163
        3169
        3177
        3190
        3196
        3200
        3207
        3208
        3211
        3216
        3219
        3235
        3249
        3251
        3253
        3256
        3267
        3280
        3282
        3302
        3303
        3305
        3306
        3311
        3319
        3324
        3329
        3332
        3338
        3342
        3344
        3351
        3356
        3361
        3366
        3372
        3373
        3376
        3379
        3380
        3386
        3391
        3395
        3417
        3418
        3431
        3441
        3444
        3454
        3458
        3475
        3477
        3500
        3506
        3511
        3519
        3536
        3538
        3551
        3561
        3565
        3589
        3596
        3600
        3602
        3609
        3612
        3634
        3639
        3651
        3653
        3655
        3657
        3663
        3693
        3696
        3700
        3707
        3715
        3717
        3720
        3727
        3730
        3732
        3736
        3738
        3743
        3745
        3771
        3777
        3783
        3786
        3803
        3815
        3828
        3830
        3831
        3840
        3841
        3846
        3849
        3863
        3872
        3887
        3893
        3896
        3900
        3903
        3905
        3914
        3916
        3919
        3929
        3936
        3939
        3942
        3944
        3951
        3963
        3977
        3978
        3994
        3996
        4001
        4003
        4006
        4012
        4015
        4022
        4033
        4039
        4045
        4050
        4051
        4056
        4059
        4066
        4077
        4082
        4102
        4105
        4108
        4115
        4119
        4121
        4128
        4134
        4139
        4146
        4153
        4159
        4162
        4171
        4178
        4180
        4183
        4189
        4192
        4197
        4212
        4215
        4223
        4235
        4239
        4240
        4241
        4248
        4252
        4263
        4279
        4294
        4302
        4307
        4309
        4313
        4320
        4323
        4328
        4332
        4336
        4337
        4338
        4339
        4340
        4359
        4370
        4376
        4377
        4388
        4393
        4396
        4403
        4405
        4408
        4410
        4422
        4424
        4426
        4429
        4437
        4449
        4456
        4459
        4467
        4472
        4478
        4485
        4499
        4501
        4505
        4508
        4512
        4513
        4523
        4529
        4532
        4540
        4544
        4575
        4577
        4585
        4587
        4593
        4601
        4604
        4609
        4610
        4611
        4614
        4619
        4626
        4632
        4648
        4663
        4666
        4678
        4681
        4687
        4688
        4694
        4697
        4701
        4722
        4726
        4732
        4736
        4739
        4741
        4744
        4752
        4762
        4763
        4766
        4771
        4773
        4776
        4780
        4789
        4808
        4811
        4814
        4825
        4828
        4831
        4853
        4855
        4861
        4863
        4877
        4884
        4886
        4889
        4894
        4914
        4919
        4925
        4932
        4933
        4938
        4940
        4942
        4953
        4960
        4963
        4966
        4967
        4987
        4997
        5002
        5004
        5011
        5023
        5027
        5028
        5033
        5035
        5040
        5042
        5045
        5057
        5062
        5063
        5066
        5071
        5077
        5080
        5094
        5101
        5105
        5108
        5136
        5142
        5143
        5144
        5148
        5149
        5157
        5159
        5160
        5165
        5167
        5170
        5171
        5175
        5176
        5177
        5189
        5198
        5211
        5219
        5236
        5250
        5254
        5256
        5263
        5264
        5285
        5300
        5307
        5311
        5313
        5329
        5334
        5335
        5337
        5343
        5354
        5357
        5380
        5383
        5397
        5409
        5430
        5433
        5435
        5447
        5460
        5466
        5472
        5480
        5486
        5492
        5502
        5504
        5510
        5513
        5515
        5519
        5527
        5545
        5546
        5551
        5560
        5567
        5568
        5572
        5583
        5584
        5586
        5602
        5607
        5609
        5610
        5613
        5616
        5619
        5621
        5632
        5633
        5640
        5646
        5648
        5651
        5654
        5658
        5663
        5665
        5673
        5680
        5683
        5696
        5715
        5716
        5722
        5733
        5736
        5738
        5761
        5771
        5780
        5792
        5803
        5807
        5810
        5813
        5821
        5824
        5832
        5837
        5847
        5850
        5854
        5861
        5863
        5866
        5868
        5871
        5875
        5877
        5882
        5887
        5888
        5892
        5902
        5911
        5916
        5918
        5932
        5938
        5943
        5945
        5957
        5972
        5976
        5978
        5997
        6016
        6048
        6069
        6073
        6075
        6082
        6091
        6102
        6128
        6131
        6157
        6161
        6164
        6178
        6183
        6184
        6267
        6273
        6292
        6299
        6305
        6311
        6318
        6319
        6321
        6323
        6330
        6331
        6335
        6339
        6341
        6345
        6350
        6352
        6354
        6362
        6372
        6373
        6374
        6378
        6382
        6383
        6386
        6387
        6388
        6393
        6395
        6398
        6399
        6405
        6409
        6413
        6417
        6418
        6419
        6420
        6423
        6425
        6429
        6433
        6439
        6441
        6444
        6446
        6447
        6461
        6464
        6471
        6472
        6473
        6477
        6483
        6486
        6490
        6496
        6515
        6517
        6529
        6537
        6538
        6540
        6542
        6556
        6562
        6564
        6568
        6570
        6575
        6577
        6594
        6595
        6597
        6599
        6602
        6605
        6609
        6621
        6624
        6627
        6636
        6638
        6654
        6659
        6662
        6669
        6680
        6681
        6683
        6689
        6703
        6708
        6709
        6713
        6723
        6728
        6730
        6738
        6742
        6751
        6765
        6771
        6802
        6810
        6818
        6821
        6841
        6849
        6859
        6863
        6865
        6867
        6870
        6875
        6876
        6878
        6880
        6888
        6891
        6897
        6900
        6914
        6921
        6941
        6942
        6951
        6960
        6970
        6971
        6974
        6981
        6982
        6994
        7012
        7016
        7030
        7043
        7044
        7047
        7048
        7054
        7063
        7069
        7074
        7083
        7099
        7107
        7111
        7119
        7121
        7126
        7157
        7165
        7166
        7168
        7169
        7176
        7189
        7190
        7193
        7203
        7209
        7218
        7221
        7222
        7241
        7242
        7247
        7249
        7252
        7254
        7259
        7261
        7273
        7276
        7290
        7294
        7309
        7319
        7324
        7326
        7328
        7330
        7334
        7336
        7343
        7346
        7351
        7353
        7360
        7362
        7365
        7371
        7372
        7375
        7376
        7377
        7381
        7386
        7387
        7391
        7394
        7399
        7405
        7406
        7408
        7410
        7417
        7418
        7432
        7435
        7439
        7440
        7445
        7462
        7465
        7467
        7475
        7486
        7490
        7492
        7493
        7496
        7506
        7514
        7518
        7526
        7528
        7531
        7534
        7535
        7541
        7550
        7572
        7579
        7580
        7582
        7586
        7590
        7601
        7603
        7607
        7608
        7618
        7631
        7636
        7637
        7640
        7641
        7651
        7653
        7663
        7672
        7675
        7676
        7678
        7683
        7704
        7716
        7717
        7728
        7740
        7744
        7746
        7750
        7753
        7755
        7757
        7759
        7765
        7767
        7770
        7777
        7781
        7785
        7791
        7793
        7796
        7800
        7804
        7810
        7829
        7833
        7841
        7844
        7847
        7849
        7853
        7861
        7875
        7886
        7899
        7906
        7907
        7910
        7912
        7915
        7933
        7942
        7949
        7963
        7966
        7969
        7976
        7977
        7992
        7996
        8000
        8009
        8014
        8015
        8018
        8021
        8023
        8039
        8043
        8044
        8055
        8059
        8063
        8072
        8078
        8091
        8097
        8100
        8104
        8110
        8118
        8121
        8127
        8128
        8137
        8149
        8158
        8161
        8165
        8167
        8176
        8178
        8180
        8186
        8188
        8196
        8200
        8203
        8205
        8215
        8216
        8218
        8223
        8231
        8237
        8241
        8253
        8254
        8260
        8263
        8266
        8273
        8291
        8294
        8302
        8309
        8316
        8323
        8325
        8329
        8331
        8333
        8353
        8358
        8386
        8387
        8389
        8392
        8393
        8401
        8406
        8414
        8415
        8421
        8423
        8428
        8429
        8433
        8441
        8452
        8454
        8455
        8459
        8468
        8469
        8472
        8483
        8487
        8490
        8496
        8498
        8500
        8505
        8520
        8541
        8551
        8553
        8577
        8586
        8589
        8603
        8608
        8609
        8615
        8618
        8620
        8622
        8628
        8629
        8632
        8641
        8675
        8677
        8680
        8689
        8694
        8703
        8711
        8715
        8716
        8724
        8725
        8731
        8733
        8740
        8745
        8758
        8763
        8766
        8769
        8773
        8780
        8790
        8794
        8795
        8807
        8810
        8830
        8832
        8833
        8843
        8848
        8854
        8858
        8860
        8874
        8876
        8878
        8879
        8883
        8885
        8890
        8902
        8911
        8913
        8917
        8925
        8936
        8949
        8952
        8954
        8972
        8974
        8979
        8982
        8992
        8993
        8995
