        2
        4
        15
        32
        38
        39
        43
        44
        51
        71
        76
        77
        82
        89
        93
        97
        101
        102
        110
        112
        125
        129
        147
        148
        149
        150
        160
        165
        171
        187
        190
        212
        217
        223
        245
        251
        254
        260
        263
        266
        269
        287
        298
        310
        325
        328
        344
        353
        360
        371
        387
        399
        402
        408
        412
        414
        415
        427
        434
        438
        439
        452
        454
        456
        466
        467
        471
        478
        479
        484
        486
        492
        509
        512
        516
        525
        533
        535
        541
        546
        549
        551
        573
        575
        578
        599
        610
        621
        624
        631
        634
        643
        644
        645
        651
        659
        660
        664
        668
        670
        674
        678
        692
        695
        697
        699
        709
        714
        726
        742
        746
        747
        749
        756
        758
        770
        772
        780
        789
        794
        796
        805
        821
        826
        831
        849
        852
        854
        857
        868
        874
        880
        886
        893
        900
        903
        920
        928
        942
        943
        966
        981
        985
        994
        1013
        1020
        1038
        1043
        1053
        1060
        1068
        1088
        1093
        1101
        1103
        1106
        1115
        1127
        1134
        1144
        1148
        1160
        1166
        1191
        1201
        1204
        1207
        1209
        1221
        1227
        1243
        1249
        1250
        1253
        1254
        1255
        1269
        1290
        1291
        1292
        1293
        1294
        1295
        1297
        1307
        1309
        1310
        1315
        1341
        1345
        1349
        1352
        1354
        1356
        1357
        1361
        1365
        1368
        1371
        1378
        1382
        1385
        1389
        1394
        1399
        1411
        1424
        1426
        1443
        1449
        1455
        1459
        1487
        1493
        1494
        1496
        1502
        1509
        1519
        1525
        1526
        1527
        1533
        1545
        1580
        1587
        1595
        1601
        1602
        1617
        1624
        1628
        1635
        1678
        1679
        1694
        1707
        1708
        1715
        1742
        1744
        1781
        1790
        1799
        1821
        1857
        1912
        1935
        1980
        2007
        2036
        2039
        2046
        2069
        2071
        2078
        2089
        2096
        2099
        2101
        2119
        2137
        2144
        2150
        2258
        2382
        2388
        2399
        2457
        2465
        2514
        2664
        2731
        2742
        2757
        2758
        2795
        2911
        2920
        2934
        2941
        2958
        2977
        3011
        3030
        3071
        3098
        3112
        3137
        3142
        3147
        3187
        3193
        3196
        3197
        3199
        3208
        3219
        3223
        3228
        3239
        3242
        3268
        3270
        3271
        3275
        3281
        3308
        3323
        3333
        3338
        3342
        3348
        3415
        3431
        3437
        3448
        3457
        3462
        3496
        3526
        3531
        3546
        3553
        3588
        3600
        3636
        3666
        3711
        3714
        3738
        3759
        3766
        3767
        3782
        3814
        3824
        3858
        3860
        3865
        3888
        3990
        4009
        4021
        4023
        4025
        4042
        4050
        4054
        4063
        4065
        4072
        4075
        4080
        4084
        4086
        4089
        4091
        4093
        4098
        4100
        4101
        4105
        4111
        4114
        4118
        4120
        4124
        4127
        4133
        4134
        4138
        4139
        4141
        4146
        4152
        4156
        4157
        4167
        4168
        4173
        4176
        4182
        4184
        4200
        4218
        4223
        4225
        4228
        4233
        4250
        4255
        4264
        4273
        4305
        4308
        4312
        4314
        4317
        4331
        4337
        4348
        4350
        4363
        4366
        4372
        4376
        4378
        4400
        4418
        4426
        4428
        4431
        4432
        4435
        4439
        4443
        4446
        4451
        4455
        4467
        4475
        4480
        4483
        4484
        4496
        4499
        4502
        4507
        4510
        4513
        4521
        4524
        4538
        4547
        4553
        4560
        4562
        4574
        4584
        4586
        4591
        4599
        4602
        4605
        4613
        4614
        4619
        4620
        4621
        4623
        4624
        4630
        4633
        4646
        4647
        4649
        4650
        4658
        4659
        4662
        4663
        4666
        4667
        4674
        4680
        4707
        4708
        4714
        4717
        4724
        4726
        4729
        4740
        4747
        4750
        4753
        4754
        4764
        4769
        4770
        4776
        4780
        4781
        4787
        4799
        4806
        4810
        4813
        4814
        4816
        4821
        4823
        4824
        4829
        4830
        4836
        4839
        4841
        4843
        4849
        4853
        4860
        4863
        4864
        4867
        4870
        4872
        4879
        4881
        4889
        4897
        4900
        4905
        4907
        4913
        4915
        4920
        4922
        4924
        4925
        4929
        4931
        4935
        4944
        4946
        4950
        4951
        4952
        4954
        4957
        4958
        4970
        4972
        4977
        4979
        4981
        4990
        4994
        4997
        5001
        5002
        5008
        5018
        5024
        5031
        5043
        5048
        5056
        5065
        5067
        5068
        5072
        5080
        5083
        5090
        5095
        5098
        5103
        5106
        5110
        5117
        5138
        5141
        5142
        5155
        5161
        5163
        5165
        5169
        5177
        5183
        5185
        5188
        5189
        5194
        5197
        5206
        5208
        5210
        5232
        5236
        5237
        5238
        5246
        5256
        5257
        5261
        5265
        5271
        5278
        5288
        5293
        5303
        5305
        5307
        5310
        5316
        5317
        5318
        5323
        5324
        5331
        5336
        5340
        5341
        5342
        5343
        5349
        5354
        5356
        5358
        5361
        5363
        5366
        5369
        5370
        5374
        5379
        5383
        5384
        5390
        5396
        5400
        5405
        5406
        5408
        5415
        5416
        5418
        5419
        5424
        5427
        5429
        5444
        5446
        5450
        5461
        5462
        5469
        5478
        5481
        5491
        5492
        5506
        5508
        5514
        5519
        5522
        5524
        5536
        5540
        5543
        5546
        5549
        5550
        5553
        5554
        5566
        5569
        5570
        5578
        5585
        5587
        5601
        5611
        5613
        5616
        5617
        5621
        5633
        5638
        5643
        5656
        5657
        5659
        5672
        5674
        5682
        5683
        5685
        5688
        5692
        5696
        5698
        5701
        5709
        5713
        5714
        5724
        5730
        5732
        5733
        5737
        5741
        5746
        5756
        5760
        5763
        5767
        5769
        5775
        5779
        5788
        5790
        5800
        5806
        5813
        5819
        5820
        5822
        5831
        5844
        5849
        5851
        5852
        5862
        5869
        5872
        5873
        5874
        5876
        5877
        5878
        5887
        5888
        5892
        5894
        5909
        5914
        5917
        5918
        5919
        5927
        5929
        5934
        5945
        5950
        5957
        5962
        5965
        5967
        5968
        5989
        5991
        5994
        6000
        6013
        6015
        6022
        6025
        6028
        6031
        6033
        6037
        6042
        6053
        6054
        6059
        6075
        6076
        6079
        6083
        6085
        6091
        6097
        6098
        6104
        6108
        6113
        6118
        6122
        6138
        6148
        6153
        6165
        6173
        6186
        6195
        6199
        6201
        6208
        6214
        6216
        6221
        6226
        6228
        6238
        6241
        6253
        6269
        6271
        6273
        6276
        6289
        6295
        6303
        6310
        6320
        6331
        6333
        6334
        6343
        6354
        6362
        6364
        6375
        6377
        6378
        6382
        6383
        6394
        6403
        6408
        6422
        6434
        6447
        6454
        6460
        6478
        6493
        6501
        6535
        6538
        6542
        6550
        6552
        6554
        6558
        6561
        6572
        6585
        6592
        6594
        6601
        6602
        6605
        6610
        6611
        6614
        6624
        6627
        6629
        6632
        6636
        6641
        6653
        6657
        6660
        6680
        6682
        6686
        6695
        6699
        6701
        6708
        6715
        6716
        6721
        6724
        6751
        6755
        6768
        6771
        6779
        6783
        6787
        6798
        6799
        6801
        6807
        6809
        6814
        6816
        6819
        6830
        6833
        6838
        6848
        6854
        6860
        6868
        6870
        6880
        6897
        6905
        6915
        6917
        6933
        6940
        6943
        6950
        6958
        6961
        6975
        6993
        7002
        7012
        7014
        7022
        7036
        7048
        7054
        7066
        7071
        7074
        7092
        7095
        7098
        7100
        7115
        7117
        7130
        7143
        7149
        7157
        7168
        7171
        7179
        7181
        7186
        7190
        7192
        7210
        7211
        7223
        7229
        7233
        7244
        7261
        7262
        7266
        7269
        7273
        7275
        7281
        7287
        7298
        7304
        7306
        7320
        7324
        7327
        7352
        7353
        7355
        7359
        7360
        7361
        7364
        7365
        7371
        7373
        7374
        7378
        7391
        7393
        7396
        7397
        7408
        7418
        7421
        7422
        7428
        7435
        7437
        7438
        7441
        7448
        7451
        7456
        7464
        7466
        7468
        7496
        7503
        7507
        7514
        7517
        7520
        7526
        7528
        7531
        7557
        7563
        7565
        7582
        7586
        7588
        7595
        7601
        7603
        7614
        7620
        7622
        7629
        7632
        7638
        7647
        7652
        7654
        7656
        7669
        7689
        7699
        7706
        7724
        7726
        7729
        7731
        7758
        7761
        7766
        7777
        7780
        7788
        7790
        7793
        7795
        7803
        7807
        7817
        7833
        7838
        7842
        7845
        7847
        7848
        7859
        7863
        7865
        7868
        7878
        7887
        7896
        7902
        7911
        7915
        7922
        7931
        7939
        7948
        7950
        7952
        7957
        7962
        7974
        7984
        7986
        7989
        7990
        7993
        8000
        8002
        8010
        8012
        8018
        8035
        8045
        8048
        8051
        8056
        8063
        8071
        8085
        8086
        8088
        8092
        8101
        8104
        8109
        8111
        8112
        8119
        8124
        8126
        8128
        8139
        8144
        8147
        8152
        8156
        8159
        8170
        8177
        8181
        8193
        8194
        8198
        8203
        8212
        8233
        8237
        8241
        8247
        8249
        8267
        8277
        8279
        8288
        8312
        8318
        8327
        8341
        8347
        8356
        8357
        8359
        8364
        8371
        8373
        8393
        8397
        8400
        8406
        8413
        8417
        8422
        8424
        8426
        8432
        8434
        8447
        8458
        8466
        8469
        8481
        8487
        8491
        8501
        8505
        8517
        8522
        8525
        8529
        8531
        8535
        8548
        8554
        8556
        8561
        8563
        8578
        8584
        8590
        8596
        8597
        8599
        8601
        8602
        8603
        8606
        8608
        8613
        8629
        8631
        8632
        8646
        8653
        8655
        8657
        8661
        8674
        8681
        8685
        8688
        8701
        8702
        8703
        8707
        8713
        8715
        8723
        8727
        8744
        8749
        8751
        8753
        8764
        8767
        8768
        8794
        8808
        8810
        8812
        8815
        8841
        8844
        8852
        8860
        8863
        8881
        8886
        8893
        8895
        8904
        8905
        8908
        8914
        8915
        8916
        8921
        8927
        8946
        8947
        8950
        8953
        8963
        8965
        8968
        8969
        8974
        8985
        8991
        8996
        8997
        8999
