        8
        17
        28
        42
        45
        47
        48
        53
        54
        64
        65
        67
        69
        72
        79
        80
        87
        92
        95
        107
        109
        119
        121
        123
        127
        128
        132
        133
        144
        146
        151
        154
        159
        169
        171
        173
        178
        183
        192
        204
        205
        217
        218
        233
        243
        246
        255
        258
        266
        269
        274
        277
        287
        295
        301
        317
        329
        330
        340
        344
        355
        357
        359
        361
        362
        369
        376
        389
        393
        397
        430
        432
        435
        449
        471
        478
        480
        483
        485
        487
        491
        507
        517
        531
        539
        547
        551
        555
        563
        569
        573
        577
        582
        584
        587
        599
        601
        606
        614
        619
        630
        634
        635
        637
        640
        642
        646
        647
        654
        656
        658
        672
        674
        676
        678
        685
        698
        713
        716
        717
        731
        734
        737
        747
        751
        761
        768
        770
        780
        799
        802
        804
        806
        809
        820
        830
        838
        853
        858
        863
        873
        902
        905
        913
        915
        926
        931
        936
        946
        952
        954
        955
        957
        958
        978
        982
        983
        986
        996
        1019
        1021
        1025
        1032
        1034
        1035
        1036
        1040
        1053
        1062
        1068
        1073
        1080
        1105
        1108
        1110
        1116
        1119
        1121
        1134
        1136
        1143
        1147
        1151
        1163
        1171
        1173
        1197
        1206
        1213
        1218
        1222
        1224
        1242
        1243
        1252
        1254
        1258
        1263
        1266
        1283
        1285
        1288
        1299
        1303
        1316
        1317
        1326
        1339
        1342
        1349
        1350
        1355
        1357
        1362
        1369
        1385
        1402
        1414
        1418
        1421
        1439
        1445
        1452
        1462
        1467
        1468
        1472
        1477
        1495
        1509
        1512
        1513
        1515
        1523
        1532
        1540
        1543
        1546
        1559
        1561
        1569
        1572
        1585
        1596
        1610
        1622
        1627
        1630
        1641
        1645
        1655
        1659
        1665
        1668
        1702
        1716
        1722
        1724
        1728
        1732
        1743
        1754
        1768
        1770
        1780
        1782
        1787
        1803
        1805
        1807
        1812
        1818
        1824
        1830
        1838
        1848
        1854
        1866
        1885
        1888
        1889
        1905
        1909
        1914
        1921
        1924
        1929
        1930
        1942
        1956
        1963
        1974
        1978
        1980
        1983
        1992
        1995
        2003
        2011
        2012
        2013
        2019
        2034
        2040
        2046
        2052
        2060
        2073
        2080
        2081
        2087
        2088
        2089
        2110
        2116
        2121
        2130
        2139
        2150
        2159
        2166
        2174
        2194
        2196
        2204
        2233
        2235
        2239
        2253
        2263
        2267
        2271
        2283
        2301
        2302
        2317
        2334
        2338
        2343
        2350
        2355
        2362
        2363
        2370
        2379
        2384
        2391
        2395
        2396
        2399
        2405
        2409
        2418
        2421
        2425
        2427
        2436
        2442
        2444
        2448
        2452
        2455
        2463
        2465
        2467
        2484
        2486
        2489
        2492
        2496
        2512
        2516
        2523
        2528
        2531
        2544
        2546
        2553
        2554
        2555
        2565
        2567
        2568
        2571
        2576
        2580
        2581
        2589
        2595
        2596
        2598
        2608
        2623
        2629
        2630
        2639
        2642
        2663
        2682
        2691
        2693
        2711
        2719
        2731
        2737
        2744
        2747
        2891
        2892
        2898
        2907
        2910
        2916
        2918
        2920
        3089
        3130
        3149
        3260
        3266
        3268
        3272
        3275
        3278
        3284
        3297
        3300
        3316
        3317
        3328
        3334
        3340
        3341
        3359
        3376
        3381
        3394
        3404
        3408
        3415
        3422
        3423
        3426
        3428
        3439
        3440
        3445
        3448
        3450
        3452
        3455
        3457
        3480
        3498
        3504
        3511
        3523
        3527
        3543
        3547
        3550
        3561
        3572
        3587
        3594
        3616
        3623
        3639
        3650
        3652
        3655
        3659
        3660
        3662
        3669
        3670
        3671
        3673
        3675
        3684
        3687
        3689
        3708
        3718
        3721
        3729
        3731
        3732
        3733
        3734
        3736
        3737
        3747
        3749
        3753
        3754
        3756
        3759
        3760
        3764
        3768
        3777
        3780
        3794
        3798
        3799
        3802
        3803
        3809
        3829
        3831
        3833
        3835
        3842
        3850
        3884
        3893
        3895
        3898
        3903
        3907
        3908
        3918
        3920
        3924
        3927
        3931
        3934
        3936
        3938
        3939
        3948
        3950
        3958
        3964
        3986
        3992
        4001
        4004
        4020
        4022
        4024
        4025
        4027
        4046
        4061
        4064
        4071
        4089
        4091
        4097
        4101
        4102
        4109
        4116
        4132
        4133
        4141
        4145
        4152
        4162
        4167
        4171
        4173
        4175
        4177
        4181
        4184
        4187
        4192
        4195
        4204
        4207
        4226
        4228
        4229
        4239
        4253
        4254
        4271
        4285
        4289
        4291
        4292
        4297
        4321
        4326
        4332
        4339
        4342
        4344
        4349
        4352
        4358
        4360
        4363
        4369
        4372
        4376
        4377
        4379
        4386
        4400
        4401
        4405
        4416
        4420
        4428
        4434
        4444
        4458
        4470
        4489
        4500
        4505
        4513
        4520
        4529
        4537
        4540
        4546
        4548
        4555
        4559
        4565
        4574
        4576
        4577
        4583
        4588
        4590
        4602
        4603
        4604
        4610
        4635
        4639
        4650
        4654
        4671
        4675
        4676
        4678
        4683
        4711
        4719
        4721
        4724
        4734
        4746
        4765
        4769
        4777
        4780
        4786
        4789
        4812
        4814
        4819
        4824
        4828
        4836
        4844
        4867
        4870
        4882
        4884
        4896
        4899
        4901
        4908
        4913
        4933
        4936
        4957
        4960
        4962
        4965
        4967
        4972
        4986
        4993
        5000
        5002
        5024
        5032
        5036
        5039
        5041
        5046
        5048
        5049
        5051
        5052
        5055
        5057
        5071
        5075
        5080
        5087
        5103
        5108
        5111
        5128
        5130
        5134
        5137
        5158
        5173
        5185
        5187
        5188
        5193
        5199
        5204
        5208
        5224
        5243
        5246
        5251
        5272
        5281
        5284
        5290
        5296
        5304
        5309
        5318
        5326
        5329
        5332
        5356
        5359
        5389
        5394
        5395
        5413
        5414
        5421
        5423
        5427
        5438
        5455
        5462
        5470
        5474
        5477
        5489
        5500
        5502
        5504
        5508
        5514
        5519
        5523
        5525
        5531
        5534
        5537
        5542
        5549
        5551
        5557
        5561
        5562
        5563
        5566
        5572
        5582
        5588
        5592
        5593
        5596
        5598
        5599
        5602
        5606
        5610
        5620
        5625
        5644
        5651
        5658
        5660
        5663
        5668
        5669
        5671
        5674
        5676
        5678
        5680
        5681
        5689
        5693
        5696
        5714
        5716
        5727
        5729
        5731
        5743
        5744
        5758
        5766
        5773
        5782
        5784
        5790
        5792
        5796
        5798
        5800
        5805
        5813
        5818
        5831
        5834
        5841
        5842
        5844
        5855
        5857
        5858
        5862
        5875
        5883
        5890
        5894
        5898
        5899
        5908
        5910
        5917
        5929
        5944
        5947
        5949
        5952
        5956
        5966
        5968
        5969
        5982
        5986
        5995
        6000
        6015
        6019
        6039
        6042
        6045
        6058
        6065
        6068
        6073
        6075
        6078
        6079
        6083
        6085
        6095
        6108
        6118
        6123
        6124
        6130
        6133
        6148
        6149
        6165
        6166
        6171
        6173
        6180
        6183
        6186
        6188
        6190
        6191
        6195
        6202
        6209
        6214
        6216
        6217
        6220
        6221
        6224
        6227
        6228
        6229
        6235
        6239
        6255
        6260
        6269
        6272
        6275
        6276
        6278
        6289
        6293
        6295
        6316
        6325
        6331
        6332
        6350
        6353
        6355
        6356
        6361
        6362
        6366
        6379
        6402
        6413
        6415
        6418
        6423
        6429
        6430
        6436
        6454
        6459
        6462
        6463
        6465
        6479
        6480
        6483
        6486
        6499
        6513
        6516
        6527
        6530
        6531
        6536
        6564
        6574
        6576
        6578
        6581
        6582
        6613
        6626
        6634
        6638
        6639
        6653
        6671
        6673
        6684
        6695
        6697
        6698
        6700
        6707
        6709
        6714
        6728
        6735
        6738
        6743
        6751
        6758
        6784
        6789
        6790
        6796
        6802
        6830
        6833
        6836
        6840
        6844
        6845
        6856
        6860
        6863
        6869
        6874
        6882
        6884
        6899
        6901
        6906
        6921
        6924
        6928
        6967
        6970
        6982
        6985
        7015
        7020
        7027
        7030
        7032
        7035
        7039
        7044
        7048
        7058
        7060
        7068
        7070
        7081
        7086
        7096
        7102
        7104
        7108
        7111
        7118
        7120
        7124
        7127
        7137
        7141
        7146
        7177
        7184
        7185
        7186
        7193
        7201
        7204
        7208
        7210
        7211
        7218
        7224
        7228
        7234
        7246
        7254
        7262
        7265
        7267
        7279
        7282
        7287
        7290
        7292
        7296
        7307
        7309
        7313
        7319
        7322
        7347
        7353
        7357
        7359
        7360
        7376
        7380
        7384
        7391
        7394
        7402
        7408
        7414
        7417
        7432
        7440
        7450
        7457
        7468
        7474
        7487
        7489
        7493
        7508
        7516
        7525
        7528
        7539
        7550
        7553
        7561
        7569
        7571
        7577
        7583
        7585
        7589
        7590
        7593
        7609
        7610
        7651
        7660
        7681
        7684
        7689
        7694
        7697
        7715
        7721
        7740
        7751
        7752
        7758
        7761
        7765
        7771
        7781
        7783
        7793
        7796
        7804
        7826
        7828
        7835
        7840
        7855
        7861
        7862
        7866
        7868
        7874
        7909
        7911
        7926
        7931
        7944
        7948
        7950
        7964
        7969
        7971
        7985
        7986
        7995
        8000
        8013
        8014
        8022
        8035
        8038
        8041
        8042
        8053
        8054
        8064
        8073
        8084
        8097
        8100
        8112
        8114
        8152
        8165
        8172
        8175
        8185
        8196
        8198
        8199
        8208
        8215
        8221
        8223
        8224
        8226
        8230
        8244
        8254
        8266
        8268
        8270
        8277
        8289
        8291
        8292
        8301
        8304
        8306
        8311
        8335
        8342
        8374
        8404
        8419
        8424
        8427
        8429
        8446
        8449
        8458
        8460
        8462
        8480
        8490
        8492
        8494
        8495
        8496
        8498
        8508
        8515
        8528
        8534
        8536
        8537
        8541
        8543
        8545
        8551
        8558
        8561
        8562
        8574
        8576
        8577
        8582
        8590
        8594
        8607
        8616
        8620
        8628
        8629
        8630
        8632
        8635
        8636
        8659
        8663
        8667
        8668
        8671
        8673
        8677
        8679
        8681
        8687
        8692
        8694
        8696
        8698
        8699
        8701
        8713
        8716
        8722
        8729
        8744
        8746
        8750
        8761
        8764
        8774
        8788
        8789
        8792
        8798
        8802
        8804
        8815
        8816
        8824
        8831
        8833
        8838
        8844
        8856
        8860
        8866
        8878
        8882
        8886
        8889
        8892
        8896
        8910
        8912
        8915
        8924
        8934
        8939
        8947
        8950
        8961
        8964
        8965
        8987
