        5
        15
        42
        45
        53
        57
        72
        77
        79
        80
        81
        94
        96
        98
        99
        107
        112
        116
        117
        119
        121
        126
        150
        161
        166
        167
        194
        201
        207
        213
        234
        236
        237
        238
        241
        257
        260
        261
        264
        265
        268
        277
        287
        291
        305
        309
        315
        320
        321
        334
        341
        342
        346
        354
        361
        366
        373
        381
        386
        389
        405
        409
        420
        421
        426
        430
        437
        457
        465
        490
        497
        499
        510
        517
        522
        523
        525
        527
        530
        547
        557
        559
        565
        580
        589
        604
        607
        628
        635
        640
        655
        657
        662
        674
        676
        682
        688
        709
        712
        722
        725
        729
        732
        737
        742
        755
        772
        776
        787
        791
        794
        795
        797
        798
        808
        811
        813
        816
        820
        827
        831
        832
        834
        840
        844
        852
        853
        855
        863
        872
        873
        879
        885
        892
        893
        894
        895
        896
        897
        909
        921
        923
        926
        927
        932
        935
        940
        955
        958
        964
        966
        967
        971
        977
        980
        981
        986
        1002
        1003
        1011
        1015
        1017
        1032
        1041
        1051
        1052
        1054
        1065
        1081
        1086
        1089
        1095
        1099
        1103
        1110
        1112
        1113
        1123
        1129
        1140
        1143
        1167
        1172
        1177
        1191
        1196
        1197
        1201
        1211
        1216
        1220
        1243
        1250
        1268
        1277
        1292
        1317
        1322
        1323
        1326
        1349
        1350
        1354
        1362
        1373
        1376
        1388
        1391
        1395
        1411
        1414
        1416
        1420
        1423
        1426
        1443
        1449
        1456
        1483
        1484
        1488
        1496
        1505
        1509
        1512
        1517
        1533
        1547
        1550
        1569
        1573
        1576
        1586
        1591
        1594
        1598
        1609
        1614
        1615
        1620
        1625
        1632
        1642
        1643
        1644
        1651
        1658
        1666
        1673
        1675
        1680
        1688
        1690
        1698
        1712
        1721
        1723
        1724
        1733
        1737
        1744
        1748
        1750
        1752
        1753
        1769
        1771
        1772
        1780
        1781
        1784
        1790
        1796
        1805
        1812
        1816
        1817
        1830
        1842
        1859
        1860
        1872
        1875
        1877
        1880
        1882
        1890
        1891
        1907
        1908
        1915
        1923
        1925
        1928
        1929
        1931
        1932
        1942
        1957
        1980
        1992
        2006
        2008
        2017
        2019
        2023
        2028
        2038
        2039
        2044
        2054
        2057
        2060
        2062
        2067
        2071
        2072
        2074
        2076
        2077
        2084
        2102
        2109
        2112
        2114
        2117
        2119
        2125
        2130
        2141
        2159
        2164
        2168
        2187
        2196
        2197
        2201
        2206
        2213
        2214
        2217
        2220
        2224
        2228
        2234
        2238
        2240
        2244
        2245
        2250
        2254
        2273
        2275
        2276
        2288
        2294
        2299
        2301
        2309
        2316
        2318
        2321
        2322
        2324
        2336
        2354
        2372
        2378
        2381
        2385
        2388
        2391
        2403
        2404
        2414
        2415
        2419
        2421
        2433
        2434
        2453
        2474
        2475
        2476
        2478
        2489
        2494
        2500
        2541
        2567
        2578
        2581
        2582
        2592
        2600
        2602
        2613
        2617
        2621
        2626
        2629
        2631
        2632
        2642
        2664
        2669
        2671
        2672
        2675
        2680
        2683
        2687
        2693
        2701
        2713
        2718
        2720
        2742
        2744
        2746
        2748
        2760
        2765
        2775
        2779
        2787
        2803
        2805
        2817
        2823
        2836
        2838
        2843
        2847
        2851
        2858
        2884
        2887
        2888
        2892
        2894
        2899
        2900
        2911
        2921
        2930
        2937
        2943
        2963
        2974
        2979
        2988
        2990
        3008
        3010
        3013
        3032
        3049
        3054
        3059
        3062
        3076
        3079
        3093
        3094
        3100
        3113
        3118
        3124
        3136
        3142
        3143
        3148
        3150
        3151
        3157
        3162
        3164
        3178
        3208
        3213
        3216
        3219
        3233
        3234
        3242
        3250
        3252
        3254
        3257
        3264
        3266
        3267
        3272
        3273
        3274
        3277
        3279
        3281
        3282
        3299
        3316
        3324
        3327
        3328
        3338
        3350
        3352
        3364
        3367
        3369
        3370
        3371
        3373
        3382
        3392
        3404
        3427
        3428
        3438
        3444
        3460
        3462
        3480
        3481
        3484
        3505
        3512
        3542
        3547
        3548
        3550
        3552
        3566
        3568
        3575
        3581
        3582
        3585
        3591
        3596
        3605
        3629
        3649
        3653
        3656
        3681
        3684
        3685
        3691
        3693
        3707
        3709
        3711
        3715
        3724
        3726
        3743
        3747
        3750
        3763
        3774
        3777
        3778
        3789
        3794
        3809
        3817
        3818
        3830
        3835
        3855
        3878
        3880
        3895
        3899
        3900
        3903
        3912
        3913
        3914
        3923
        3937
        3941
        3959
        3961
        3964
        3966
        3971
        3974
        3988
        3993
        3997
        4003
        4007
        4010
        4026
        4027
        4028
        4031
        4051
        4052
        4055
        4059
        4066
        4069
        4071
        4079
        4084
        4089
        4101
        4103
        4107
        4109
        4116
        4124
        4143
        4146
        4147
        4150
        4156
        4157
        4162
        4164
        4165
        4184
        4189
        4193
        4194
        4201
        4203
        4215
        4222
        4228
        4233
        4235
        4242
        4244
        4249
        4250
        4255
        4263
        4273
        4276
        4279
        4281
        4282
        4283
        4290
        4293
        4310
        4313
        4317
        4326
        4331
        4332
        4340
        4342
        4349
        4353
        4363
        4371
        4374
        4377
        4379
        4386
        4390
        4399
        4403
        4406
        4413
        4415
        4423
        4425
        4435
        4437
        4438
        4445
        4449
        4453
        4456
        4459
        4469
        4471
        4475
        4476
        4497
        4499
        4501
        4513
        4514
        4521
        4535
        4543
        4552
        4563
        4571
        4583
        4586
        4600
        4630
        4634
        4645
        4649
        4650
        4659
        4669
        4671
        4672
        4675
        4680
        4681
        4682
        4683
        4684
        4695
        4696
        4710
        4712
        4719
        4723
        4726
        4730
        4749
        4750
        4754
        4761
        4786
        4789
        4791
        4796
        4819
        4840
        4849
        4868
        4876
        4890
        4894
        4898
        4908
        4925
        4930
        4931
        4940
        4959
        4976
        4991
        5003
        5018
        5039
        5053
        5058
        5061
        5070
        5079
        5103
        5121
        5126
        5141
        5158
        5164
        5167
        5190
        5191
        5197
        5200
        5203
        5204
        5212
        5220
        5222
        5225
        5226
        5228
        5232
        5245
        5265
        5269
        5274
        5277
        5281
        5282
        5283
        5310
        5318
        5324
        5330
        5331
        5338
        5342
        5344
        5347
        5356
        5363
        5373
        5391
        5399
        5406
        5413
        5420
        5422
        5433
        5435
        5442
        5453
        5463
        5467
        5474
        5487
        5488
        5490
        5498
        5499
        5507
        5522
        5526
        5528
        5530
        5544
        5549
        5564
        5570
        5578
        5579
        5581
        5588
        5591
        5595
        5596
        5614
        5615
        5622
        5628
        5642
        5643
        5644
        5651
        5658
        5666
        5668
        5676
        5685
        5687
        5692
        5702
        5707
        5709
        5712
        5727
        5730
        5750
        5753
        5755
        5760
        5763
        5767
        5772
        5779
        5780
        5796
        5797
        5800
        5801
        5804
        5810
        5816
        5817
        5820
        5821
        5825
        5847
        5848
        5852
        5853
        5857
        5860
        5864
        5865
        5866
        5879
        5884
        5885
        5890
        5893
        5907
        5917
        5930
        5943
        5944
        5946
        5950
        5952
        5962
        5964
        5987
        5992
        6000
        6004
        6006
        6007
        6008
        6009
        6010
        6016
        6022
        6026
        6031
        6041
        6043
        6050
        6052
        6055
        6056
        6066
        6072
        6084
        6091
        6113
        6116
        6128
        6139
        6149
        6153
        6160
        6163
        6168
        6179
        6200
        6210
        6224
        6234
        6238
        6239
        6243
        6246
        6249
        6250
        6252
        6261
        6264
        6298
        6311
        6312
        6315
        6329
        6330
        6346
        6348
        6349
        6353
        6354
        6355
        6356
        6358
        6360
        6367
        6372
        6373
        6380
        6381
        6384
        6389
        6394
        6397
        6402
        6411
        6421
        6425
        6428
        6441
        6443
        6446
        6453
        6461
        6465
        6466
        6473
        6477
        6478
        6480
        6490
        6495
        6506
        6509
        6524
        6526
        6527
        6528
        6550
        6555
        6561
        6562
        6563
        6567
        6572
        6588
        6596
        6600
        6601
        6605
        6610
        6613
        6621
        6626
        6636
        6641
        6654
        6655
        6664
        6667
        6674
        6681
        6684
        6685
        6686
        6687
        6696
        6698
        6704
        6705
        6707
        6721
        6728
        6729
        6731
        6736
        6741
        6755
        6759
        6765
        6770
        6774
        6776
        6784
        6790
        6791
        6796
        6798
        6802
        6803
        6834
        6838
        6840
        6841
        6848
        6853
        6875
        6876
        6888
        6890
        6896
        6909
        6916
        6930
        6933
        6940
        6952
        6954
        6970
        6974
        6978
        6980
        6994
        7011
        7018
        7021
        7025
        7034
        7035
        7039
        7057
        7061
        7063
        7070
        7075
        7091
        7106
        7120
        7130
        7131
        7148
        7153
        7168
        7169
        7171
        7175
        7185
        7196
        7207
        7216
        7223
        7244
        7251
        7259
        7265
        7274
        7279
        7281
        7286
        7292
        7300
        7308
        7322
        7326
        7331
        7332
        7333
        7344
        7347
        7350
        7368
        7369
        7372
        7376
        7384
        7391
        7393
        7394
        7405
        7408
        7418
        7421
        7428
        7429
        7434
        7475
        7490
        7493
        7506
        7515
        7530
        7539
        7551
        7556
        7560
        7562
        7567
        7583
        7586
        7591
        7596
        7601
        7609
        7620
        7640
        7641
        7646
        7660
        7670
        7676
        7678
        7687
        7703
        7710
        7772
        7781
        7782
        7791
        7795
        7796
        7798
        7802
        7817
        7826
        7830
        7832
        7849
        7856
        7858
        7861
        7868
        7870
        7903
        7910
        7939
        7945
        7948
        7950
        7953
        7958
        7972
        7983
        7988
        7991
        7992
        7995
        8007
        8008
        8010
        8012
        8021
        8024
        8026
        8031
        8043
        8223
        8226
        8231
        8233
        8237
        8261
        8267
        8277
        8279
        8291
        8295
        8311
        8318
        8326
        8328
        8329
        8337
        8340
        8347
        8350
        8352
        8358
        8359
        8389
        8399
        8411
        8413
        8425
        8426
        8429
        8438
        8440
        8446
        8450
        8457
        8465
        8472
        8490
        8493
        8502
        8505
        8520
        8522
        8524
        8537
        8540
        8549
        8551
        8554
        8577
        8583
        8591
        8596
        8600
        8607
        8609
        8624
        8628
        8633
        8637
        8644
        8649
        8652
        8653
        8654
        8660
        8676
        8678
        8684
        8688
        8691
        8694
        8696
        8706
        8735
        8736
        8740
        8743
        8751
        8754
        8760
        8768
        8772
        8774
        8783
        8788
        8794
        8807
        8817
        8818
        8819
        8827
        8842
        8846
        8847
        8869
        8899
        8905
        8911
        8915
        8916
        8918
        8921
        8926
        8930
        8936
        8940
        8944
        8949
        8952
        8962
        8984
        8987
