        6
        8
        10
        13
        15
        26
        29
        30
        32
        34
        36
        47
        52
        55
        57
        59
        60
        64
        67
        86
        114
        116
        117
        118
        119
        150
        159
        184
        216
        219
        225
        234
        247
        284
        290
        297
        302
        309
        317
        338
        353
        361
        368
        371
        385
        388
        395
        401
        403
        407
        409
        423
        432
        436
        447
        454
        463
        465
        468
        478
        480
        485
        493
        504
        511
        516
        518
        521
        528
        530
        535
        536
        554
        561
        574
        575
        581
        588
        598
        606
        610
        612
        630
        632
        633
        643
        644
        654
        655
        667
        691
        704
        705
        754
        768
        803
        804
        808
        811
        823
        828
        853
        867
        876
        880
        885
        888
        892
        894
        897
        898
        910
        911
        915
        917
        926
        931
        935
        940
        957
        963
        966
        991
        993
        997
        1015
        1020
        1026
        1029
        1036
        1038
        1040
        1043
        1044
        1046
        1051
        1055
        1057
        1059
        1069
        1091
        1098
        1122
        1125
        1135
        1138
        1153
        1158
        1168
        1169
        1170
        1172
        1177
        1182
        1185
        1189
        1190
        1193
        1203
        1206
        1213
        1220
        1250
        1255
        1268
        1270
        1281
        1288
        1295
        1302
        1307
        1312
        1315
        1317
        1323
        1343
        1363
        1372
        1385
        1392
        1398
        1405
        1409
        1414
        1424
        1427
        1433
        1442
        1446
        1455
        1462
        1481
        1484
        1486
        1506
        1507
        1513
        1516
        1520
        1522
        1528
        1539
        1542
        1544
        1546
        1554
        1557
        1561
        1565
        1566
        1568
        1590
        1591
        1592
        1595
        1599
        1625
        1626
        1631
        1632
        1638
        1639
        1640
        1642
        1653
        1665
        1669
        1680
        1688
        1693
        1703
        1710
        1732
        1736
        1741
        1750
        1757
        1761
        1770
        1792
        1797
        1806
        1809
        1813
        1817
        1819
        1821
        1823
        1825
        1829
        1831
        1839
        1841
        1852
        1853
        1861
        1862
        1868
        1873
        1875
        1880
        1890
        1913
        1918
        1919
        1923
        1925
        1927
        1932
        1953
        1958
        1965
        1973
        1975
        1976
        1980
        1990
        1996
        2000
        2003
        2006
        2010
        2013
        2014
        2015
        2017
        2021
        2022
        2028
        2035
        2036
        2038
        2041
        2047
        2051
        2052
        2061
        2062
        2077
        2084
        2091
        2094
        2098
        2106
        2111
        2128
        2137
        2142
        2156
        2159
        2168
        2170
        2173
        2182
        2186
        2195
        2197
        2199
        2211
        2213
        2222
        2224
        2225
        2227
        2228
        2231
        2234
        2238
        2240
        2241
        2244
        2248
        2249
        2250
        2251
        2252
        2254
        2259
        2260
        2266
        2269
        2272
        2283
        2293
        2310
        2311
        2318
        2325
        2326
        2331
        2338
        2344
        2355
        2358
        2364
        2378
        2383
        2393
        2407
        2409
        2410
        2412
        2419
        2422
        2433
        2437
        2446
        2461
        2472
        2476
        2477
        2478
        2484
        2501
        2507
        2510
        2514
        2522
        2524
        2526
        2529
        2532
        2533
        2535
        2536
        2538
        2540
        2552
        2555
        2560
        2564
        2565
        2567
        2573
        2574
        2582
        2608
        2612
        2614
        2616
        2618
        2620
        2628
        2633
        2646
        2652
        2657
        2661
        2665
        2667
        2679
        2680
        2682
        2701
        2703
        2722
        2723
        2731
        2737
        2738
        2747
        2751
        2755
        2780
        2783
        2786
        2788
        2791
        2803
        2812
        2816
        2818
        2829
        2830
        2836
        2839
        2847
        2862
        2869
        2871
        2872
        2878
        2879
        2882
        2895
        2901
        2907
        2913
        2917
        2932
        2936
        2946
        2950
        2952
        2956
        2957
        2960
        2964
        2966
        3003
        3024
        3028
        3031
        3042
        3046
        3064
        3067
        3069
        3071
        3073
        3082
        3085
        3086
        3091
        3100
        3130
        3133
        3134
        3137
        3144
        3150
        3156
        3164
        3167
        3169
        3170
        3189
        3196
        3201
        3203
        3204
        3208
        3212
        3220
        3228
        3235
        3243
        3261
        3264
        3267
        3285
        3289
        3290
        3300
        3311
        3316
        3320
        3321
        3323
        3327
        3330
        3344
        3359
        3360
        3361
        3363
        3369
        3371
        3383
        3384
        3385
        3390
        3401
        3407
        3416
        3417
        3418
        3424
        3425
        3432
        3434
        3447
        3452
        3464
        3487
        3499
        3500
        3505
        3512
        3514
        3516
        3523
        3529
        3534
        3545
        3551
        3560
        3563
        3564
        3581
        3593
        3597
        3601
        3609
        3611
        3613
        3629
        3634
        3639
        3642
        3652
        3661
        3668
        3675
        3680
        3683
        3685
        3689
        3696
        3704
        3712
        3715
        3728
        3734
        3746
        3756
        3765
        3768
        3773
        3779
        3784
        3789
        3804
        3813
        3837
        3843
        3849
        3850
        3854
        3856
        3858
        3871
        3875
        3878
        3887
        3895
        3899
        3903
        3907
        3916
        3919
        3920
        3924
        3926
        3929
        3935
        3954
        3972
        3975
        3978
        3980
        3981
        3983
        3985
        3986
        4010
        4012
        4027
        4039
        4043
        4047
        4050
        4051
        4054
        4058
        4060
        4080
        4083
        4088
        4092
        4095
        4097
        4098
        4119
        4121
        4128
        4129
        4134
        4169
        4173
        4189
        4197
        4202
        4203
        4204
        4226
        4228
        4230
        4231
        4232
        4241
        4244
        4261
        4267
        4270
        4292
        4310
        4320
        4324
        4328
        4338
        4354
        4355
        4358
        4366
        4369
        4370
        4372
        4395
        4405
        4409
        4421
        4423
        4445
        4462
        4483
        4493
        4495
        4516
        4526
        4530
        4542
        4566
        4571
        4572
        4577
        4589
        4595
        4604
        4611
        4618
        4619
        4638
        4656
        4665
        4667
        4669
        4681
        4683
        4687
        4695
        4699
        4703
        4724
        4727
        4736
        4747
        4755
        4769
        4779
        4781
        4788
        4796
        4809
        4818
        4820
        4829
        4830
        4839
        4848
        4856
        4863
        4873
        4876
        4878
        4892
        4900
        4908
        4911
        4913
        4928
        4939
        4966
        4970
        4973
        4982
        4990
        4998
        5001
        5013
        5014
        5028
        5044
        5046
        5051
        5053
        5054
        5060
        5061
        5064
        5067
        5070
        5074
        5089
        5090
        5099
        5106
        5112
        5122
        5133
        5136
        5154
        5171
        5181
        5195
        5210
        5213
        5223
        5229
        5234
        5236
        5260
        5266
        5268
        5271
        5276
        5277
        5281
        5285
        5294
        5295
        5303
        5322
        5324
        5326
        5337
        5346
        5349
        5350
        5357
        5359
        5367
        5369
        5372
        5391
        5392
        5396
        5400
        5409
        5410
        5415
        5419
        5423
        5436
        5454
        5458
        5463
        5464
        5465
        5484
        5485
        5495
        5516
        5523
        5532
        5541
        5544
        5550
        5551
        5563
        5567
        5568
        5570
        5588
        5600
        5606
        5639
        5641
        5644
        5646
        5653
        5669
        5675
        5679
        5683
        5685
        5689
        5691
        5701
        5702
        5711
        5712
        5723
        5730
        5731
        5733
        5741
        5748
        5750
        5763
        5795
        5797
        5798
        5804
        5810
        5813
        5824
        5825
        5827
        5835
        5843
        5845
        5849
        5860
        5863
        5886
        5887
        5893
        5894
        5913
        5914
        5923
        5947
        5953
        5957
        5961
        5963
        5964
        5975
        6003
        6010
        6017
        6019
        6024
        6051
        6060
        6063
        6086
        6094
        6100
        6126
        6128
        6136
        6142
        6144
        6149
        6151
        6165
        6169
        6170
        6176
        6183
        6185
        6201
        6203
        6205
        6209
        6211
        6213
        6216
        6232
        6236
        6237
        6242
        6246
        6248
        6256
        6259
        6265
        6271
        6278
        6282
        6284
        6289
        6315
        6319
        6320
        6334
        6356
        6360
        6370
        6371
        6381
        6391
        6395
        6412
        6415
        6417
        6426
        6427
        6428
        6432
        6433
        6436
        6464
        6472
        6481
        6486
        6490
        6495
        6502
        6508
        6510
        6518
        6520
        6532
        6535
        6542
        6547
        6555
        6561
        6570
        6571
        6588
        6599
        6602
        6605
        6606
        6607
        6611
        6614
        6617
        6627
        6628
        6629
        6641
        6651
        6655
        6664
        6665
        6670
        6676
        6681
        6703
        6710
        6721
        6742
        6746
        6750
        6763
        6767
        6784
        6801
        6805
        6810
        6820
        6826
        6832
        6833
        6834
        6848
        6877
        6883
        6889
        6894
        6895
        6909
        6917
        6921
        6925
        6935
        6941
        6945
        6947
        6949
        6955
        6956
        6962
        6972
        6973
        6980
        6985
        6988
        6994
        6995
        6998
        7003
        7004
        7012
        7013
        7016
        7024
        7029
        7030
        7035
        7043
        7044
        7046
        7047
        7049
        7051
        7054
        7063
        7065
        7068
        7078
        7086
        7089
        7091
        7092
        7093
        7096
        7098
        7100
        7103
        7107
        7112
        7122
        7126
        7131
        7136
        7154
        7162
        7164
        7173
        7182
        7185
        7190
        7195
        7197
        7200
        7203
        7205
        7208
        7212
        7216
        7220
        7256
        7260
        7262
        7264
        7265
        7271
        7289
        7290
        7291
        7293
        7304
        7308
        7309
        7313
        7320
        7324
        7341
        7350
        7352
        7363
        7368
        7377
        7381
        7388
        7427
        7432
        7441
        7444
        7451
        7452
        7464
        7477
        7488
        7494
        7509
        7513
        7532
        7540
        7600
        7626
        7629
        7665
        7694
        7701
        7705
        7811
        7896
        7899
        7997
        8019
        8077
        8127
        8144
        8155
        8156
        8157
        8160
        8161
        8164
        8165
        8166
        8172
        8173
        8174
        8176
        8178
        8180
        8182
        8193
        8201
        8208
        8209
        8210
        8211
        8219
        8222
        8223
        8226
        8229
        8231
        8235
        8236
        8247
        8249
        8251
        8253
        8256
        8258
        8260
        8263
        8265
        8266
        8268
        8273
        8277
        8283
        8291
        8299
        8301
        8302
        8307
        8308
        8318
        8336
        8342
        8345
        8347
        8349
        8351
        8355
        8357
        8365
        8366
        8376
        8380
        8423
        8433
        8442
        8463
        8468
        8472
        8474
        8507
        8509
        8532
        8535
        8541
        8544
        8554
        8561
        8579
        8616
        8619
        8629
        8700
        8709
        8727
        8748
        8756
        8766
        8770
        8774
        8797
        8799
        8836
        8852
        8860
        8863
        8872
        8879
        8881
        8885
        8888
        8897
        8906
        8921
        8922
        8926
        8927
        8940
        8959
        8968
        8972
        8993
