        58
        61
        64
        67
        70
        83
        94
        101
        117
        118
        130
        144
        147
        154
        165
        179
        193
        245
        264
        270
        314
        316
        317
        319
        323
        329
        341
        351
        352
        357
        365
        394
        400
        409
        410
        411
        419
        426
        435
        445
        455
        456
        466
        471
        472
        473
        478
        487
        511
        513
        514
        526
        537
        538
        545
        558
        564
        566
        571
        577
        588
        603
        606
        613
        628
        640
        643
        647
        658
        662
        676
        687
        690
        694
        715
        719
        729
        740
        745
        750
        755
        760
        772
        775
        800
        813
        842
        859
        860
        869
        884
        888
        908
        914
        923
        929
        946
        948
        950
        954
        965
        968
        980
        992
        999
        1004
        1005
        1019
        1027
        1040
        1043
        1045
        1050
        1070
        1071
        1087
        1089
        1132
        1137
        1161
        1176
        1183
        1193
        1196
        1215
        1218
        1221
        1240
        1262
        1269
        1274
        1280
        1282
        1288
        1290
        1295
        1301
        1307
        1315
        1316
        1332
        1359
        1360
        1361
        1368
        1377
        1386
        1399
        1401
        1409
        1412
        1430
        1441
        1444
        1457
        1458
        1466
        1473
        1488
        1521
        1524
        1530
        1549
        1557
        1558
        1562
        1563
        1569
        1571
        1584
        1588
        1591
        1594
        1597
        1608
        1609
        1619
        1622
        1638
        1663
        1681
        1690
        1699
        1705
        1711
        1714
        1718
        1727
        1730
        1740
        1743
        1745
        1756
        1764
        1769
        1789
        1799
        1804
        1816
        1817
        1819
        1824
        1829
        1844
        1848
        1852
        1859
        1878
        1890
        1893
        1909
        1921
        1926
        1937
        1954
        1960
        1970
        1975
        1983
        1985
        2002
        2004
        2010
        2012
        2025
        2045
        2056
        2059
        2062
        2067
        2089
        2090
        2091
        2098
        2102
        2123
        2134
        2138
        2157
        2172
        2177
        2179
        2181
        2184
        2201
        2211
        2225
        2230
        2249
        2260
        2262
        2263
        2276
        2278
        2281
        2296
        2298
        2306
        2330
        2345
        2361
        2366
        2386
        2409
        2437
        2450
        2451
        2454
        2462
        2464
        2466
        2468
        2470
        2479
        2487
        2491
        2502
        2510
        2514
        2528
        2532
        2541
        2552
        2555
        2572
        2574
        2582
        2586
        2591
        2600
        2606
        2608
        2628
        2649
        2656
        2674
        2689
        2700
        2705
        2707
        2717
        2751
        2758
        2760
        2764
        2766
        2771
        2781
        2795
        2803
        2805
        2806
        2809
        2814
        2833
        2847
        2852
        2855
        2860
        2865
        2874
        2885
        2886
        2887
        2894
        2899
        2903
        2907
        2915
        2918
        2919
        2927
        2928
        2942
        2944
        2949
        2955
        2967
        2977
        2980
        2985
        2994
        2995
        3004
        3055
        3077
        3098
        3102
        3105
        3107
        3128
        3130
        3137
        3156
        3183
        3184
        3185
        3209
        3214
        3227
        3230
        3239
        3240
        3241
        3242
        3247
        3260
        3266
        3275
        3284
        3287
        3289
        3298
        3303
        3306
        3307
        3308
        3320
        3322
        3332
        3334
        3336
        3349
        3409
        3421
        3423
        3452
        3454
        3455
        3461
        3464
        3466
        3472
        3475
        3480
        3484
        3506
        3531
        3537
        3559
        3572
        3575
        3601
        3611
        3616
        3622
        3628
        3633
        3635
        3637
        3650
        3654
        3656
        3660
        3665
        3667
        3671
        3679
        3687
        3705
        3718
        3720
        3727
        3731
        3739
        3752
        3778
        3781
        3784
        3807
        3816
        3845
        3851
        3852
        3857
        3860
        3861
        3872
        3874
        3876
        3880
        3882
        3889
        3898
        3942
        3974
        3981
        3996
        4006
        4014
        4027
        4035
        4049
        4064
        4071
        4085
        4113
        4119
        4126
        4136
        4137
        4141
        4143
        4155
        4165
        4168
        4184
        4188
        4218
        4221
        4239
        4242
        4255
        4258
        4266
        4268
        4277
        4309
        4310
        4317
        4320
        4326
        4331
        4337
        4340
        4343
        4361
        4362
        4365
        4369
        4385
        4390
        4392
        4399
        4401
        4402
        4416
        4431
        4462
        4488
        4491
        4493
        4500
        4501
        4504
        4505
        4509
        4519
        4521
        4524
        4539
        4565
        4568
        4600
        4614
        4622
        4624
        4635
        4657
        4659
        4664
        4665
        4675
        4691
        4693
        4694
        4701
        4704
        4706
        4707
        4718
        4721
        4724
        4738
        4742
        4751
        4769
        4785
        4791
        4796
        4806
        4815
        4819
        4821
        4825
        4828
        4834
        4835
        4855
        4865
        4871
        4872
        4873
        4885
        4888
        4891
        4904
        4906
        4913
        4923
        4934
        4952
        4972
        4981
        5004
        5006
        5016
        5028
        5029
        5034
        5039
        5043
        5044
        5066
        5074
        5081
        5087
        5093
        5096
        5102
        5111
        5148
        5149
        5152
        5153
        5168
        5172
        5191
        5193
        5220
        5223
        5229
        5231
        5235
        5255
        5258
        5266
        5280
        5284
        5285
        5286
        5294
        5303
        5304
        5333
        5334
        5358
        5365
        5367
        5392
        5394
        5395
        5396
        5404
        5408
        5413
        5415
        5416
        5421
        5425
        5428
        5433
        5449
        5455
        5456
        5458
        5470
        5472
        5473
        5474
        5480
        5488
        5494
        5507
        5519
        5536
        5538
        5539
        5542
        5545
        5550
        5552
        5558
        5574
        5582
        5600
        5602
        5608
        5642
        5645
        5651
        5658
        5662
        5666
        5673
        5692
        5693
        5695
        5702
        5709
        5716
        5728
        5732
        5734
        5753
        5756
        5768
        5791
        5815
        5828
        5837
        5853
        5862
        5869
        5892
        5900
        5912
        5913
        5915
        5929
        5941
        5945
        5951
        5953
        5954
        5955
        5961
        5962
        5973
        5976
        5983
        6003
        6004
        6015
        6019
        6025
        6035
        6050
        6051
        6052
        6053
        6061
        6064
        6077
        6103
        6108
        6117
        6137
        6141
        6158
        6161
        6169
        6175
        6178
        6187
        6193
        6196
        6198
        6203
        6210
        6219
        6223
        6240
        6242
        6244
        6272
        6279
        6281
        6283
        6287
        6291
        6300
        6306
        6310
        6313
        6317
        6325
        6331
        6333
        6337
        6340
        6342
        6351
        6360
        6374
        6384
        6392
        6397
        6407
        6412
        6415
        6421
        6422
        6427
        6428
        6431
        6432
        6437
        6449
        6463
        6467
        6470
        6474
        6475
        6482
        6487
        6499
        6505
        6527
        6541
        6543
        6550
        6551
        6552
        6557
        6573
        6589
        6590
        6598
        6599
        6602
        6611
        6635
        6646
        6647
        6648
        6657
        6686
        6695
        6704
        6720
        6740
        6744
        6750
        6751
        6752
        6754
        6756
        6803
        6807
        6810
        6813
        6820
        6825
        6844
        6845
        6847
        6850
        6852
        6854
        6862
        6878
        6896
        6900
        6906
        6912
        6916
        6917
        6919
        6920
        6922
        6925
        6926
        6932
        6940
        6942
        6945
        6947
        6949
        6955
        6968
        6975
        6982
        6996
        7002
        7005
        7008
        7010
        7015
        7019
        7023
        7035
        7040
        7041
        7045
        7049
        7060
        7086
        7109
        7110
        7114
        7124
        7152
        7168
        7169
        7175
        7176
        7189
        7194
        7197
        7204
        7213
        7214
        7215
        7218
        7220
        7232
        7242
        7245
        7254
        7256
        7258
        7279
        7284
        7289
        7301
        7319
        7321
        7325
        7339
        7341
        7367
        7377
        7381
        7389
        7400
        7407
        7413
        7416
        7418
        7421
        7438
        7441
        7455
        7467
        7470
        7473
        7507
        7513
        7514
        7531
        7536
        7537
        7538
        7551
        7569
        7573
        7583
        7608
        7614
        7630
        7636
        7650
        7663
        7665
        7666
        7669
        7670
        7682
        7683
        7685
        7686
        7690
        7705
        7710
        7714
        7715
        7717
        7729
        7736
        7761
        7764
        7765
        7767
        7770
        7781
        7783
        7785
        7799
        7806
        7812
        7814
        7815
        7821
        7822
        7828
        7830
        7838
        7839
        7849
        7851
        7854
        7867
        7882
        7886
        7904
        7906
        7912
        7918
        7920
        7931
        7938
        7941
        7971
        7980
        7988
        7999
        8013
        8017
        8021
        8059
        8060
        8071
        8080
        8088
        8109
        8116
        8120
        8131
        8136
        8138
        8144
        8145
        8147
        8155
        8162
        8171
        8173
        8181
        8183
        8191
        8192
        8196
        8205
        8206
        8207
        8208
        8211
        8221
        8225
        8228
        8231
        8239
        8241
        8261
        8263
        8265
        8266
        8279
        8282
        8286
        8289
        8298
        8304
        8315
        8334
        8343
        8350
        8360
        8374
        8388
        8395
        8399
        8421
        8427
        8433
        8443
        8446
        8450
        8466
        8469
        8479
        8481
        8483
        8487
        8490
        8493
        8498
        8519
        8527
        8528
        8530
        8532
        8535
        8539
        8541
        8556
        8557
        8561
        8567
        8570
        8581
        8588
        8589
        8592
        8601
        8606
        8616
        8625
        8657
        8681
        8687
        8691
        8693
        8701
        8709
        8711
        8714
        8722
        8739
        8740
        8747
        8764
        8778
        8780
        8783
        8785
        8791
        8801
        8808
        8810
        8811
        8812
        8825
        8832
        8852
        8853
        8855
        8865
        8866
        8868
        8882
        8887
        8888
        8897
        8901
        8910
        8916
        8923
        8933
        8944
        8948
        8950
        8960
        8966
        8969
        8983
        8987
