        2
        3
        4
        7
        9
        10
        24
        26
        33
        34
        48
        50
        52
        59
        65
        71
        72
        75
        83
        84
        85
        87
        102
        104
        115
        119
        124
        131
        132
        139
        140
        141
        146
        159
        162
        167
        168
        171
        178
        181
        188
        191
        194
        202
        205
        209
        211
        219
        223
        227
        231
        238
        241
        247
        252
        257
        261
        263
        265
        272
        275
        284
        290
        295
        297
        298
        303
        305
        306
        308
        309
        311
        314
        326
        327
        332
        333
        335
        346
        350
        356
        386
        391
        401
        406
        409
        424
        426
        432
        435
        438
        443
        444
        449
        451
        458
        461
        462
        463
        465
        468
        474
        475
        479
        482
        484
        490
        494
        501
        507
        512
        515
        518
        519
        522
        526
        529
        533
        535
        537
        538
        554
        560
        562
        569
        572
        575
        576
        578
        582
        591
        595
        604
        612
        617
        624
        626
        629
        630
        631
        633
        638
        641
        649
        655
        656
        657
        659
        664
        666
        667
        669
        671
        673
        675
        678
        680
        681
        690
        693
        695
        699
        701
        703
        710
        720
        721
        733
        739
        740
        744
        745
        751
        753
        759
        760
        763
        767
        768
        775
        776
        777
        782
        793
        797
        799
        801
        813
        819
        820
        837
        843
        850
        854
        866
        868
        885
        888
        889
        890
        895
        899
        904
        907
        911
        915
        923
        926
        928
        932
        934
        937
        938
        939
        942
        943
        946
        949
        952
        953
        960
        962
        973
        981
        987
        988
        989
        992
        995
        1007
        1012
        1014
        1015
        1021
        1023
        1029
        1030
        1035
        1038
        1041
        1043
        1046
        1049
        1050
        1061
        1064
        1065
        1085
        1086
        1087
        1091
        1098
        1099
        1110
        1111
        1117
        1118
        1130
        1132
        1134
        1137
        1142
        1143
        1152
        1158
        1159
        1161
        1177
        1185
        1186
        1189
        1192
        1193
        1200
        1206
        1220
        1224
        1225
        1226
        1228
        1231
        1235
        1242
        1244
        1249
        1250
        1261
        1266
        1284
        1286
        1293
        1295
        1302
        1307
        1311
        1313
        1314
        1317
        1321
        1322
        1326
        1330
        1331
        1342
        1344
        1346
        1347
        1352
        1354
        1373
        1376
        1378
        1382
        1385
        1392
        1393
        1394
        1400
        1401
        1403
        1405
        1408
        1413
        1437
        1438
        1440
        1456
        1458
        1459
        1460
        1465
        1467
        1469
        1471
        1474
        1476
        1482
        1488
        1490
        1492
        1510
        1516
        1536
        1543
        1553
        1558
        1563
        1565
        1573
        1575
        1578
        1586
        1587
        1596
        1597
        1604
        1607
        1615
        1624
        1630
        1635
        1638
        1651
        1652
        1657
        1660
        1663
        1665
        1668
        1671
        1684
        1686
        1689
        1691
        1703
        1708
        1713
        1716
        1719
        1730
        1738
        1739
        1740
        1741
        1746
        1750
        1756
        1760
        1771
        1780
        1784
        1792
        1804
        1806
        1810
        1813
        1814
        1816
        1822
        1830
        1837
        1840
        1843
        1850
        1854
        1874
        1876
        1882
        1890
        1892
        1896
        1899
        1900
        1903
        1910
        1911
        1913
        1915
        1916
        1918
        1921
        1925
        1926
        1927
        1930
        1931
        1945
        1946
        1950
        1959
        1962
        1965
        1968
        1971
        1976
        1982
        1984
        1987
        1989
        1993
        1996
        1998
        2007
        2008
        2010
        2023
        2027
        2035
        2036
        2037
        2043
        2046
        2047
        2061
        2063
        2064
        2069
        2077
        2078
        2080
        2082
        2097
        2100
        2105
        2109
        2115
        2116
        2117
        2122
        2143
        2145
        2147
        2150
        2151
        2162
        2165
        2166
        2168
        2173
        2190
        2191
        2200
        2202
        2209
        2213
        2214
        2215
        2218
        2222
        2227
        2229
        2239
        2242
        2244
        2250
        2254
        2261
        2264
        2265
        2269
        2271
        2275
        2276
        2278
        2280
        2290
        2292
        2296
        2300
        2306
        2308
        2314
        2315
        2316
        2319
        2322
        2326
        2330
        2331
        2333
        2334
        2336
        2340
        2342
        2347
        2352
        2353
        2360
        2363
        2365
        2366
        2368
        2370
        2373
        2374
        2382
        2383
        2386
        2389
        2394
        2397
        2399
        2400
        2401
        2414
        2417
        2418
        2426
        2428
        2438
        2446
        2454
        2455
        2456
        2457
        2460
        2461
        2467
        2468
        2471
        2474
        2478
        2479
        2481
        2482
        2484
        2490
        2492
        2494
        2500
        2507
        2510
        2513
        2517
        2520
        2521
        2523
        2524
        2525
        2542
        2549
        2554
        2562
        2565
        2570
        2574
        2576
        2578
        2580
        2584
        2590
        2599
        2602
        2603
        2615
        2617
        2618
        2624
        2626
        2629
        2630
        2631
        2632
        2637
        2639
        2640
        2643
        2644
        2648
        2652
        2659
        2664
        2672
        2679
        2682
        2685
        2691
        2694
        2707
        2708
        2713
        2722
        2723
        2726
        2727
        2728
        2729
        2733
        2735
        2742
        2753
        2755
        2759
        2760
        2767
        2769
        2774
        2775
        2776
        2778
        2782
        2785
        2791
        2792
        2794
        2796
        2798
        2807
        2808
        2812
        2818
        2821
        2824
        2827
        2833
        2834
        2843
        2846
        2848
        2856
        2858
        2859
        2863
        2879
        2881
        2883
        2903
        2915
        2916
        2929
        2933
        2936
        2938
        2941
        2942
        2953
        2954
        2956
        2963
        2965
        2968
        2970
        2972
        2974
        2979
        2981
        2983
        2984
        2991
        2994
        3003
        3004
        3013
        3026
        3027
        3035
        3041
        3042
        3044
        3052
        3054
        3058
        3065
        3070
        3072
        3080
        3081
        3084
        3091
        3102
        3104
        3114
        3130
        3131
        3132
        3134
        3142
        3143
        3149
        3152
        3153
        3157
        3158
        3160
        3161
        3166
        3172
        3176
        3177
        3185
        3187
        3192
        3203
        3209
        3213
        3214
        3216
        3220
        3225
        3229
        3234
        3240
        3242
        3243
        3245
        3255
        3256
        3260
        3261
        3263
        3265
        3268
        3270
        3283
        3284
        3292
        3294
        3296
        3297
        3303
        3318
        3319
        3323
        3324
        3326
        3345
        3346
        3347
        3353
        3354
        3368
        3383
        3386
        3389
        3395
        3397
        3399
        3407
        3408
        3409
        3414
        3416
        3418
        3419
        3425
        3426
        3427
        3432
        3434
        3437
        3438
        3439
        3440
        3443
        3445
        3454
        3455
        3459
        3460
        3463
        3464
        3468
        3473
        3477
        3479
        3494
        3496
        3501
        3505
        3509
        3510
        3511
        3513
        3516
        3518
        3522
        3524
        3528
        3533
        3543
        3549
        3556
        3563
        3572
        3573
        3575
        3576
        3591
        3603
        3606
        3608
        3610
        3613
        3621
        3623
        3641
        3645
        3664
        3669
        3672
        3674
        3677
        3678
        3679
        3682
        3684
        3693
        3696
        3701
        3709
        3715
        3720
        3722
        3723
        3724
        3734
        3735
        3741
        3753
        3757
        3765
        3767
        3773
        3774
        3776
        3786
        3788
        3792
        3796
        3801
        3808
        3812
        3815
        3817
        3818
        3820
        3833
        3837
        3839
        3842
        3845
        3848
        3859
        3865
        3866
        3872
        3877
        3880
        3888
        3895
        3897
        3899
        3902
        3916
        3917
        3918
        3920
        3921
        3923
        3930
        3931
        3933
        3940
        3948
        3952
        3960
        3963
        3970
        3976
        3985
        3989
        3992
        4000
        4002
        4011
        4017
        4025
        4026
        4027
        4029
        4031
        4039
        4040
        4045
        4053
        4055
        4057
        4063
        4065
        4069
        4072
        4075
        4082
        4089
        4099
        4104
        4113
        4119
        4124
        4130
        4137
        4138
        4142
        4146
        4147
        4148
        4150
        4153
        4154
        4155
        4157
        4162
        4165
        4168
        4170
        4174
        4175
        4179
        4184
        4191
        4196
        4202
        4205
        4208
        4217
        4223
        4225
        4237
        4239
        4240
        4255
        4256
        4259
        4260
        4262
        4266
        4267
        4281
        4290
        4291
        4293
        4295
        4297
        4299
        4301
        4305
        4306
        4320
        4328
        4330
        4332
        4335
        4337
        4338
        4339
        4340
        4349
        4354
        4359
        4361
        4368
        4369
        4375
        4380
        4381
        4382
        4383
        4384
        4400
        4403
        4415
        4426
        4430
        4432
        4434
        4436
        4439
        4440
        4441
        4447
        4448
        4449
        4453
        4459
        4465
        4473
        4483
        4485
        4488
        4490
        4496
        4500
        4501
        4502
        4510
        4512
        4515
        4520
        4525
        4526
        4527
        4544
        4545
        4547
        4552
        4554
        4556
        4567
        4571
        4576
        4578
        4580
        4582
        4583
        4586
        4592
        4604
        4610
        4614
        4616
        4624
        4626
        4633
        4635
        4636
        4639
        4645
        4646
        4659
        4660
        4674
        4676
        4679
        4688
        4689
        4691
        4696
        4706
        4708
        4710
        4714
        4718
        4720
        4734
        4740
        4741
        4743
        4749
        4752
        4754
        4755
        4756
        4757
        4767
        4783
        4788
        4797
        4801
        4803
        4814
        4820
        4833
        4835
        4846
        4848
        4854
        4855
        4857
        4858
        4859
        4863
        4869
        4888
        4905
        4915
        4923
        4927
        4938
        4952
        4973
        4978
        4980
        5012
        5035
        5036
        5040
        5041
        5042
        5046
        5048
        5052
        5054
        5059
        5077
        5107
        5114
        5116
        5129
        5133
        5134
        5146
        5150
        5156
        5157
        5160
        5172
        5208
        5210
        5214
        5225
        5230
        5233
        5246
        5255
        5258
        5267
        5269
        5270
        5274
        5275
        5280
        5289
        5302
        5303
        5307
        5314
        5318
        5322
        5325
        5328
        5334
        5335
        5341
        5355
        5360
        5361
        5366
        5371
        5378
        5382
        5389
        5399
        5400
        5402
        5404
        5406
        5409
        5411
        5413
        5418
        5424
        5425
        5426
        5428
        5434
        5439
        5450
        5456
        5466
        5481
        5488
        5497
        5508
        5511
        5515
        5518
        5541
        5554
        5556
        5558
        5565
        5566
        5575
        5576
        5579
        5583
        5588
        5600
        5601
        5605
        5614
        5617
        5624
        5626
        5638
        5640
        5648
        5650
        5657
        5664
        5666
        5669
        5671
        5679
        5682
        5687
        5696
        5698
        5710
        5721
        5723
        5724
        5726
        5727
        5730
        5731
        5732
        5736
        5745
        5746
        5750
        5759
        5767
        5772
        5776
        5778
        5781
        5786
        5792
        5798
        5800
        5806
        5807
        5816
        5827
        5832
        5833
        5837
        5846
        5848
        5850
        5859
        5866
        5868
        5881
        5882
        5885
        5888
        5892
        5904
        5907
        5911
        5915
        5917
        5921
        5925
        5930
        5933
        5935
        5936
        5938
        5947
        5949
        5961
        5962
        5969
        5970
        5974
        5976
        5977
        5979
        5982
        5983
        5984
        5986
        5992
        5995
        5997
        6001
        6021
        6022
        6031
        6035
        6036
        6037
        6039
        6045
        6050
        6060
        6061
        6062
        6064
        6066
        6070
        6076
        6080
        6086
        6088
        6092
        6095
        6104
        6106
        6115
        6119
        6123
        6127
        6128
        6140
        6145
        6151
        6157
        6162
        6165
        6167
        6169
        6174
        6176
        6185
        6186
        6189
        6192
        6202
        6207
        6219
        6220
        6222
        6230
        6235
        6237
        6240
        6241
        6244
        6250
        6254
        6256
        6263
        6265
        6267
        6271
        6280
        6281
        6294
        6297
        6301
        6309
        6312
        6319
        6324
        6326
        6327
        6330
        6338
        6339
        6344
        6345
        6347
        6352
        6358
        6368
        6383
        6384
        6385
        6386
        6388
        6390
        6401
        6404
        6405
        6415
        6417
        6438
        6440
        6441
        6449
        6453
        6454
        6457
        6458
        6459
        6460
        6461
        6464
        6465
        6466
        6484
        6486
        6489
        6492
        6493
        6497
        6498
        6499
        6500
        6503
        6506
        6511
        6514
        6516
        6518
        6520
        6521
        6522
        6523
        6526
        6530
        6542
        6553
        6571
        6576
        6579
        6582
        6584
        6585
        6588
        6589
        6602
        6604
        6609
        6611
        6613
        6617
        6620
        6626
        6630
        6631
        6635
        6641
        6652
        6658
        6660
        6661
        6666
        6672
        6689
        6690
        6691
        6692
        6695
        6702
        6716
        6717
        6718
        6722
        6723
        6733
        6734
        6739
        6740
        6745
        6746
        6747
        6748
        6750
        6752
        6760
        6773
        6778
        6783
        6789
        6790
        6792
        6794
        6796
        6798
        6805
        6807
        6821
        6827
        6829
        6840
        6841
        6850
        6856
        6859
        6863
        6865
        6866
        6869
        6872
        6882
        6883
        6884
        6889
        6892
        6895
        6896
        6899
        6905
        6913
        6918
        6920
        6930
        6935
        6937
        6938
        6943
        6945
        6960
        6963
        6967
        6975
        6980
        6984
        6987
        6992
        7000
        7004
        7008
        7014
        7018
        7019
        7023
        7024
        7037
        7039
        7044
        7049
        7050
        7054
        7056
        7057
        7059
        7060
        7065
        7069
        7075
        7078
        7089
        7090
        7091
        7095
        7104
        7109
        7112
        7113
        7114
        7116
        7120
        7121
        7122
        7127
        7128
        7129
        7148
        7149
        7151
        7154
        7158
        7161
        7162
        7179
        7180
        7181
        7186
        7190
        7196
        7199
        7201
        7206
        7222
        7223
        7224
        7225
        7234
        7235
        7240
        7242
        7244
        7249
        7252
        7255
        7264
        7268
        7273
        7283
        7288
        7293
        7297
        7298
        7301
        7307
        7309
        7310
        7313
        7320
        7321
        7331
        7336
        7342
        7344
        7347
        7348
        7353
        7356
        7359
        7363
        7368
        7370
        7374
        7378
        7397
        7402
        7407
        7409
        7414
        7416
        7417
        7420
        7421
        7422
        7430
        7433
        7442
        7443
        7445
        7458
        7460
        7468
        7477
        7480
        7498
        7504
        7505
        7512
        7517
        7518
        7519
        7522
        7529
        7531
        7533
        7549
        7554
        7557
        7560
        7561
        7567
        7570
        7573
        7579
        7590
        7592
        7594
        7596
        7598
        7615
        7616
        7619
        7621
        7626
        7629
        7630
        7631
        7632
        7637
        7642
        7655
        7660
        7663
        7668
        7686
        7690
        7693
        7698
        7700
        7705
        7708
        7712
        7716
        7723
        7727
        7749
        7757
        7759
        7760
        7762
        7764
        7765
        7773
        7785
        7788
        7795
        7797
        7801
        7808
        7812
        7814
        7815
        7818
        7819
        7823
        7828
        7830
        7831
        7837
        7840
        7841
        7843
        7845
        7859
        7861
        7870
        7871
        7872
        7874
        7876
        7880
        7888
        7890
        7894
        7895
        7898
        7902
        7908
        7913
        7923
        7925
        7928
        7929
        7932
        7945
        7946
        7947
        7950
        7957
        7962
        7967
        7968
        7981
        7994
        7996
        8005
        8016
        8019
        8030
        8033
        8035
        8040
        8041
        8043
        8046
        8056
        8057
        8063
        8065
        8066
        8068
        8069
        8074
        8075
        8078
        8087
        8092
        8101
        8103
        8106
        8108
        8111
        8115
        8123
        8128
        8132
        8138
        8145
        8148
        8150
        8151
        8153
        8163
        8175
        8176
        8181
        8184
        8185
        8190
        8195
        8198
        8202
        8204
        8206
        8211
        8213
        8216
        8217
        8218
        8220
        8222
        8223
        8224
        8230
        8232
        8234
        8239
        8243
        8246
        8253
        8254
        8256
        8261
        8262
        8265
        8269
        8273
        8285
        8287
        8289
        8290
        8298
        8299
        8301
        8303
        8308
        8310
        8318
        8321
        8323
        8325
        8327
        8328
        8331
        8332
        8338
        8340
        8342
        8344
        8345
        8351
        8353
        8354
        8359
        8362
        8365
        8367
        8371
        8372
        8373
        8384
        8386
        8388
        8396
        8402
        8404
        8413
        8416
        8418
        8420
        8422
        8424
        8427
        8429
        8431
        8432
        8434
        8437
        8439
        8451
        8452
        8453
        8461
        8468
        8470
        8471
        8476
        8477
        8485
        8487
        8488
        8490
        8497
        8503
        8505
        8519
        8520
        8524
        8529
        8530
        8531
        8541
        8543
        8545
        8548
        8559
        8563
        8571
        8580
        8583
        8585
        8591
        8611
        8612
        8620
        8622
        8624
        8625
        8629
        8630
        8632
        8636
        8639
        8640
        8641
        8643
        8644
        8648
        8650
        8654
        8657
        8660
        8664
        8666
        8667
        8673
        8678
        8682
        8685
        8686
        8689
        8697
        8705
        8708
        8711
        8713
        8719
        8723
        8725
        8728
        8729
        8733
        8734
        8736
        8737
        8738
        8747
        8750
        8753
        8757
        8761
        8762
        8766
        8781
        8782
        8783
        8787
        8790
        8792
        8794
        8799
        8801
        8808
        8810
        8812
        8813
        8818
        8821
        8830
        8831
        8843
        8848
        8859
        8861
        8865
        8867
        8868
        8872
        8874
        8876
        8887
        8889
        8898
        8903
        8909
        8911
        8912
        8915
        8917
        8918
        8920
        8921
        8923
        8928
        8934
        8935
        8936
        8941
        8947
        8948
        8953
        8956
        8962
        8963
        8965
        8975
        8982
        8983
        8985
        8994
