        7
        9
        10
        14
        22
        24
        27
        32
        41
        42
        47
        52
        56
        58
        62
        66
        71
        87
        88
        89
        96
        97
        98
        101
        104
        111
        115
        116
        118
        120
        126
        129
        136
        141
        143
        146
        147
        155
        160
        167
        172
        176
        180
        184
        185
        188
        191
        193
        195
        196
        200
        207
        208
        209
        215
        217
        218
        220
        226
        228
        229
        231
        232
        233
        242
        244
        246
        249
        255
        259
        267
        270
        275
        277
        281
        285
        293
        295
        297
        303
        312
        313
        314
        315
        319
        321
        332
        334
        335
        341
        345
        352
        353
        354
        356
        366
        367
        373
        377
        378
        380
        385
        388
        389
        390
        391
        396
        398
        400
        406
        412
        414
        418
        421
        425
        433
        438
        445
        449
        451
        453
        454
        455
        459
        460
        461
        464
        468
        471
        481
        482
        485
        489
        494
        501
        507
        523
        536
        542
        543
        552
        554
        556
        558
        565
        567
        575
        577
        596
        598
        604
        607
        608
        609
        614
        617
        645
        647
        649
        650
        651
        659
        662
        663
        668
        669
        671
        675
        680
        681
        683
        688
        690
        691
        694
        700
        707
        708
        709
        711
        714
        715
        716
        726
        731
        738
        742
        745
        750
        756
        757
        758
        759
        761
        763
        768
        773
        774
        777
        785
        795
        797
        799
        803
        804
        806
        807
        811
        813
        814
        815
        817
        822
        823
        825
        831
        838
        839
        841
        843
        846
        847
        854
        859
        863
        867
        879
        888
        889
        892
        893
        898
        910
        913
        915
        918
        919
        926
        930
        941
        943
        947
        949
        952
        958
        973
        974
        976
        980
        986
        987
        991
        994
        1000
        1003
        1009
        1013
        1016
        1017
        1021
        1027
        1029
        1037
        1038
        1039
        1041
        1043
        1046
        1050
        1056
        1057
        1059
        1063
        1065
        1073
        1082
        1085
        1088
        1091
        1096
        1100
        1106
        1111
        1117
        1124
        1127
        1130
        1133
        1135
        1137
        1142
        1146
        1147
        1149
        1156
        1162
        1176
        1177
        1179
        1180
        1183
        1189
        1194
        1197
        1202
        1206
        1210
        1215
        1226
        1228
        1230
        1233
        1236
        1239
        1244
        1246
        1254
        1270
        1277
        1279
        1282
        1284
        1288
        1307
        1320
        1325
        1326
        1328
        1334
        1340
        1344
        1346
        1347
        1353
        1355
        1361
        1363
        1366
        1369
        1374
        1378
        1381
        1382
        1384
        1391
        1392
        1394
        1397
        1400
        1401
        1406
        1410
        1412
        1420
        1427
        1428
        1430
        1434
        1446
        1453
        1473
        1475
        1483
        1486
        1488
        1490
        1494
        1501
        1504
        1510
        1514
        1516
        1520
        1527
        1528
        1529
        1533
        1535
        1544
        1552
        1567
        1569
        1571
        1573
        1578
        1587
        1589
        1597
        1602
        1606
        1616
        1623
        1632
        1633
        1640
        1645
        1649
        1653
        1654
        1661
        1663
        1667
        1668
        1670
        1671
        1673
        1675
        1676
        1681
        1689
        1703
        1704
        1713
        1720
        1722
        1724
        1728
        1736
        1746
        1751
        1755
        1758
        1765
        1773
        1780
        1781
        1790
        1792
        1793
        1794
        1796
        1803
        1805
        1808
        1809
        1827
        1832
        1834
        1836
        1843
        1846
        1860
        1863
        1866
        1876
        1879
        1883
        1885
        1889
        1895
        1897
        1900
        1905
        1906
        1907
        1911
        1915
        1922
        1926
        1928
        1931
        1937
        1940
        1941
        1943
        1945
        1948
        1951
        1952
        1955
        1957
        1958
        1961
        1963
        1968
        1970
        1981
        1987
        2001
        2004
        2008
        2012
        2013
        2019
        2020
        2023
        2024
        2031
        2034
        2036
        2037
        2038
        2040
        2045
        2051
        2053
        2054
        2056
        2068
        2071
        2086
        2088
        2098
        2100
        2103
        2105
        2108
        2118
        2119
        2121
        2127
        2132
        2134
        2145
        2146
        2150
        2160
        2166
        2169
        2171
        2173
        2175
        2177
        2179
        2181
        2185
        2187
        2195
        2198
        2200
        2209
        2217
        2248
        2253
        2259
        2261
        2266
        2269
        2273
        2284
        2288
        2290
        2291
        2294
        2301
        2304
        2305
        2306
        2308
        2310
        2312
        2314
        2316
        2323
        2327
        2330
        2332
        2335
        2336
        2341
        2349
        2353
        2362
        2363
        2366
        2368
        2372
        2389
        2393
        2394
        2395
        2403
        2407
        2412
        2414
        2423
        2426
        2429
        2434
        2436
        2439
        2440
        2450
        2453
        2456
        2462
        2465
        2467
        2468
        2475
        2476
        2481
        2485
        2496
        2498
        2506
        2510
        2516
        2526
        2527
        2531
        2532
        2534
        2536
        2541
        2546
        2551
        2555
        2557
        2559
        2560
        2569
        2571
        2575
        2581
        2582
        2583
        2596
        2602
        2603
        2614
        2620
        2622
        2623
        2641
        2652
        2657
        2660
        2667
        2670
        2679
        2693
        2699
        2706
        2711
        2714
        2719
        2722
        2726
        2731
        2734
        2736
        2743
        2744
        2745
        2748
        2750
        2753
        2757
        2761
        2773
        2775
        2780
        2784
        2785
        2794
        2806
        2807
        2815
        2821
        2825
        2834
        2840
        2848
        2858
        2859
        2865
        2868
        2870
        2872
        2876
        2887
        2890
        2891
        2901
        2915
        2918
        2924
        2926
        2936
        2937
        2943
        2944
        2945
        2947
        2950
        2954
        2959
        2960
        2961
        2962
        2963
        2964
        2967
        2970
        2976
        2981
        2984
        2986
        2987
        2988
        2993
        3000
        3005
        3006
        3008
        3012
        3016
        3018
        3024
        3026
        3032
        3033
        3035
        3036
        3044
        3053
        3054
        3070
        3072
        3075
        3077
        3078
        3086
        3090
        3094
        3095
        3096
        3104
        3107
        3108
        3111
        3113
        3126
        3130
        3145
        3147
        3148
        3152
        3160
        3162
        3167
        3170
        3186
        3192
        3195
        3201
        3207
        3208
        3211
        3213
        3220
        3225
        3231
        3232
        3234
        3249
        3259
        3260
        3266
        3269
        3272
        3273
        3276
        3280
        3283
        3285
        3286
        3288
        3290
        3291
        3294
        3301
        3304
        3305
        3311
        3317
        3318
        3324
        3325
        3332
        3335
        3337
        3345
        3352
        3359
        3371
        3373
        3375
        3377
        3379
        3380
        3386
        3388
        3393
        3398
        3399
        3403
        3406
        3408
        3421
        3427
        3437
        3439
        3441
        3444
        3447
        3448
        3464
        3470
        3472
        3478
        3481
        3486
        3492
        3498
        3500
        3513
        3514
        3525
        3530
        3539
        3547
        3551
        3563
        3569
        3573
        3577
        3578
        3579
        3585
        3589
        3597
        3599
        3600
        3604
        3606
        3624
        3635
        3636
        3639
        3640
        3641
        3654
        3657
        3659
        3661
        3663
        3667
        3668
        3676
        3679
        3684
        3694
        3695
        3697
        3700
        3704
        3716
        3719
        3722
        3724
        3728
        3731
        3735
        3736
        3740
        3741
        3742
        3743
        3746
        3748
        3750
        3752
        3755
        3756
        3758
        3763
        3764
        3770
        3772
        3781
        3782
        3785
        3786
        3791
        3799
        3801
        3802
        3806
        3809
        3815
        3820
        3828
        3832
        3835
        3837
        3845
        3849
        3857
        3858
        3862
        3872
        3899
        3908
        3916
        3928
        3931
        3937
        3939
        3946
        3951
        3954
        3955
        3960
        3965
        3972
        3984
        3987
        3989
        3991
        3994
        4002
        4004
        4005
        4007
        4021
        4022
        4024
        4025
        4035
        4042
        4044
        4047
        4049
        4051
        4058
        4060
        4062
        4064
        4066
        4069
        4075
        4077
        4081
        4082
        4083
        4094
        4109
        4113
        4114
        4129
        4132
        4135
        4137
        4138
        4143
        4160
        4168
        4171
        4183
        4186
        4188
        4195
        4200
        4208
        4211
        4213
        4215
        4220
        4226
        4230
        4239
        4242
        4244
        4245
        4252
        4263
        4265
        4267
        4270
        4271
        4275
        4276
        4281
        4285
        4289
        4292
        4299
        4306
        4312
        4313
        4314
        4337
        4340
        4341
        4344
        4349
        4354
        4355
        4365
        4366
        4367
        4369
        4371
        4375
        4379
        4380
        4383
        4400
        4405
        4418
        4425
        4427
        4428
        4431
        4432
        4433
        4442
        4448
        4453
        4459
        4466
        4502
        4503
        4511
        4515
        4520
        4527
        4529
        4533
        4539
        4543
        4545
        4555
        4560
        4567
        4571
        4583
        4585
        4587
        4589
        4607
        4609
        4611
        4625
        4627
        4630
        4646
        4650
        4652
        4657
        4658
        4660
        4662
        4664
        4669
        4672
        4677
        4682
        4683
        4695
        4696
        4699
        4700
        4701
        4702
        4704
        4705
        4711
        4712
        4723
        4732
        4734
        4736
        4739
        4740
        4743
        4746
        4750
        4756
        4757
        4758
        4760
        4764
        4768
        4781
        4787
        4793
        4801
        4803
        4805
        4809
        4813
        4817
        4821
        4833
        4837
        4840
        4841
        4846
        4850
        4852
        4857
        4865
        4866
        4872
        4875
        4882
        4884
        4885
        4886
        4893
        4909
        4915
        4923
        4929
        4931
        4934
        4939
        4945
        4951
        4954
        4959
        4964
        4967
        4973
        4975
        4981
        4991
        4992
        4993
        4994
        4999
        5007
        5009
        5018
        5025
        5026
        5038
        5040
        5049
        5052
        5055
        5060
        5061
        5065
        5067
        5070
        5072
        5076
        5078
        5085
        5092
        5094
        5101
        5102
        5112
        5124
        5125
        5130
        5133
        5135
        5138
        5139
        5140
        5144
        5151
        5152
        5165
        5167
        5172
        5174
        5205
        5207
        5209
        5213
        5218
        5220
        5243
        5245
        5252
        5255
        5257
        5258
        5260
        5261
        5263
        5264
        5269
        5273
        5277
        5279
        5287
        5321
        5328
        5341
        5345
        5348
        5351
        5352
        5353
        5354
        5357
        5359
        5363
        5374
        5376
        5377
        5378
        5380
        5384
        5389
        5393
        5397
        5398
        5399
        5411
        5413
        5423
        5425
        5431
        5433
        5434
        5435
        5441
        5443
        5447
        5454
        5458
        5468
        5471
        5476
        5480
        5486
        5488
        5492
        5498
        5500
        5501
        5508
        5518
        5527
        5535
        5539
        5550
        5556
        5559
        5561
        5582
        5587
        5598
        5603
        5606
        5611
        5626
        5633
        5635
        5644
        5656
        5660
        5665
        5666
        5668
        5669
        5676
        5690
        5698
        5705
        5716
        5726
        5749
        5750
        5756
        5758
        5763
        5764
        5779
        5784
        5787
        5795
        5803
        5806
        5811
        5816
        5818
        5820
        5826
        5833
        5840
        5844
        5846
        5856
        5859
        5860
        5868
        5872
        5878
        5879
        5887
        5892
        5893
        5897
        5898
        5900
        5904
        5910
        5911
        5914
        5921
        5924
        5925
        5934
        5937
        5940
        5945
        5952
        5953
        5954
        5956
        5958
        5966
        5967
        5969
        5973
        5978
        5979
        5981
        5985
        5986
        6004
        6007
        6009
        6013
        6018
        6025
        6028
        6030
        6033
        6035
        6038
        6044
        6046
        6047
        6052
        6054
        6057
        6061
        6062
        6082
        6083
        6086
        6089
        6090
        6102
        6106
        6109
        6112
        6115
        6117
        6119
        6124
        6126
        6127
        6132
        6136
        6140
        6142
        6145
        6148
        6149
        6156
        6159
        6165
        6170
        6175
        6176
        6179
        6181
        6185
        6193
        6199
        6207
        6211
        6220
        6221
        6223
        6227
        6232
        6235
        6237
        6242
        6245
        6247
        6252
        6257
        6263
        6269
        6272
        6277
        6280
        6283
        6286
        6288
        6292
        6297
        6300
        6310
        6314
        6320
        6328
        6340
        6353
        6355
        6366
        6368
        6375
        6378
        6382
        6384
        6391
        6393
        6394
        6396
        6400
        6403
        6406
        6410
        6411
        6417
        6432
        6441
        6449
        6452
        6453
        6456
        6457
        6462
        6465
        6472
        6477
        6480
        6483
        6484
        6491
        6495
        6498
        6505
        6512
        6530
        6531
        6533
        6538
        6541
        6542
        6545
        6546
        6547
        6553
        6555
        6557
        6559
        6561
        6562
        6564
        6567
        6570
        6576
        6579
        6585
        6591
        6597
        6615
        6617
        6618
        6619
        6621
        6622
        6623
        6627
        6628
        6629
        6637
        6639
        6641
        6644
        6646
        6657
        6658
        6659
        6663
        6667
        6673
        6674
        6678
        6679
        6690
        6692
        6694
        6695
        6701
        6702
        6716
        6718
        6727
        6735
        6739
        6743
        6746
        6748
        6764
        6771
        6773
        6776
        6777
        6783
        6788
        6792
        6800
        6803
        6804
        6822
        6828
        6829
        6831
        6836
        6839
        6844
        6851
        6855
        6858
        6866
        6869
        6881
        6887
        6890
        6892
        6893
        6894
        6906
        6912
        6921
        6925
        6933
        6936
        6937
        6957
        6969
        6972
        6976
        6985
        6986
        6996
        7000
        7020
        7023
        7026
        7028
        7031
        7033
        7037
        7039
        7052
        7059
        7065
        7081
        7083
        7094
        7106
        7107
        7109
        7111
        7113
        7147
        7166
        7167
        7168
        7172
        7191
        7198
        7204
        7207
        7211
        7213
        7215
        7220
        7223
        7229
        7235
        7245
        7251
        7256
        7262
        7266
        7268
        7270
        7275
        7279
        7280
        7307
        7310
        7311
        7314
        7316
        7324
        7325
        7328
        7331
        7339
        7342
        7356
        7357
        7364
        7366
        7367
        7368
        7377
        7379
        7381
        7384
        7386
        7388
        7393
        7398
        7404
        7424
        7430
        7433
        7435
        7436
        7437
        7438
        7445
        7446
        7447
        7449
        7453
        7455
        7457
        7466
        7467
        7474
        7478
        7480
        7482
        7497
        7498
        7499
        7500
        7508
        7509
        7512
        7519
        7520
        7521
        7523
        7528
        7530
        7531
        7535
        7536
        7538
        7539
        7541
        7543
        7545
        7548
        7551
        7554
        7556
        7566
        7569
        7570
        7572
        7573
        7574
        7576
        7578
        7579
        7583
        7586
        7592
        7597
        7600
        7604
        7605
        7614
        7620
        7628
        7635
        7648
        7650
        7652
        7659
        7677
        7679
        7686
        7700
        7702
        7704
        7706
        7710
        7712
        7716
        7724
        7725
        7732
        7741
        7744
        7746
        7753
        7755
        7767
        7769
        7789
        7791
        7796
        7797
        7799
        7801
        7811
        7813
        7818
        7819
        7829
        7839
        7842
        7844
        7846
        7861
        7866
        7867
        7873
        7875
        7879
        7888
        7890
        7892
        7893
        7895
        7904
        7906
        7910
        7918
        7922
        7927
        7931
        7934
        7942
        7947
        7958
        7960
        7979
        7986
        7990
        7991
        7994
        8001
        8008
        8020
        8038
        8039
        8047
        8049
        8060
        8062
        8084
        8098
        8103
        8106
        8111
        8116
        8123
        8135
        8138
        8145
        8147
        8148
        8156
        8157
        8165
        8167
        8170
        8172
        8176
        8183
        8186
        8193
        8203
        8210
        8212
        8218
        8220
        8235
        8236
        8239
        8244
        8245
        8246
        8257
        8263
        8275
        8286
        8287
        8290
        8293
        8296
        8307
        8308
        8316
        8320
        8327
        8337
        8338
        8345
        8347
        8349
        8352
        8354
        8356
        8363
        8374
        8375
        8377
        8378
        8380
        8395
        8402
        8414
        8419
        8436
        8440
        8442
        8445
        8447
        8453
        8454
        8482
        8483
        8484
        8485
        8491
        8494
        8496
        8497
        8501
        8502
        8503
        8507
        8508
        8511
        8512
        8521
        8524
        8525
        8526
        8532
        8538
        8542
        8549
        8554
        8558
        8560
        8561
        8563
        8565
        8566
        8567
        8569
        8571
        8577
        8580
        8584
        8589
        8591
        8593
        8598
        8600
        8604
        8615
        8630
        8631
        8634
        8639
        8643
        8649
        8651
        8652
        8653
        8659
        8661
        8662
        8665
        8666
        8671
        8679
        8682
        8691
        8696
        8699
        8702
        8707
        8716
        8725
        8726
        8727
        8729
        8734
        8738
        8741
        8743
        8746
        8750
        8758
        8760
        8764
        8769
        8776
        8783
        8784
        8789
        8791
        8793
        8794
        8798
        8800
        8801
        8805
        8812
        8820
        8821
        8822
        8825
        8843
        8849
        8852
        8853
        8855
        8861
        8868
        8872
        8874
        8878
        8883
        8884
        8889
        8894
        8897
        8898
        8900
        8902
        8905
        8912
        8920
        8921
        8932
        8934
        8936
        8949
        8954
        8961
        8968
        8970
        8972
        8980
        8983
        8987
        8988
        8989
        8991
        8993
