        4
        7
        9
        10
        12
        14
        15
        23
        25
        28
        29
        36
        37
        48
        49
        50
        51
        53
        67
        68
        79
        84
        87
        89
        95
        97
        98
        100
        101
        107
        112
        115
        117
        119
        122
        126
        129
        133
        139
        141
        146
        147
        151
        152
        155
        156
        158
        160
        161
        169
        173
        175
        184
        197
        198
        216
        222
        224
        234
        239
        240
        242
        249
        250
        255
        258
        263
        265
        267
        272
        279
        280
        281
        284
        285
        287
        292
        303
        304
        311
        313
        318
        323
        338
        342
        346
        352
        355
        356
        361
        366
        368
        371
        392
        393
        395
        397
        398
        402
        406
        415
        423
        436
        438
        456
        470
        475
        478
        484
        486
        489
        491
        499
        503
        518
        519
        529
        536
        537
        539
        543
        546
        548
        550
        554
        557
        577
        582
        587
        589
        595
        598
        605
        607
        609
        610
        622
        623
        632
        636
        638
        640
        644
        650
        654
        656
        658
        661
        662
        669
        671
        678
        682
        684
        685
        687
        689
        694
        697
        703
        719
        723
        732
        741
        749
        750
        756
        757
        758
        760
        762
        764
        767
        786
        791
        794
        799
        803
        805
        808
        811
        814
        820
        821
        830
        831
        834
        836
        839
        843
        847
        855
        858
        866
        873
        876
        879
        880
        881
        882
        883
        887
        891
        898
        903
        904
        909
        913
        930
        932
        938
        947
        949
        952
        955
        958
        962
        967
        972
        978
        982
        984
        987
        994
        995
        1002
        1003
        1009
        1013
        1017
        1018
        1020
        1032
        1039
        1043
        1046
        1052
        1057
        1058
        1061
        1069
        1070
        1076
        1080
        1082
        1085
        1090
        1095
        1100
        1102
        1108
        1110
        1113
        1114
        1117
        1120
        1123
        1124
        1128
        1130
        1134
        1137
        1138
        1139
        1145
        1158
        1162
        1166
        1169
        1175
        1180
        1181
        1184
        1189
        1191
        1196
        1201
        1205
        1210
        1221
        1223
        1235
        1238
        1242
        1253
        1263
        1269
        1272
        1275
        1279
        1280
        1283
        1287
        1293
        1294
        1297
        1303
        1310
        1312
        1315
        1318
        1321
        1325
        1326
        1339
        1342
        1347
        1349
        1351
        1354
        1356
        1357
        1367
        1368
        1374
        1399
        1409
        1415
        1416
        1417
        1424
        1428
        1438
        1441
        1444
        1447
        1450
        1460
        1465
        1466
        1477
        1479
        1485
        1489
        1494
        1510
        1514
        1516
        1517
        1521
        1523
        1525
        1534
        1536
        1537
        1541
        1545
        1562
        1566
        1568
        1570
        1572
        1575
        1580
        1582
        1585
        1591
        1594
        1597
        1598
        1603
        1604
        1611
        1617
        1621
        1624
        1628
        1630
        1631
        1635
        1638
        1640
        1644
        1658
        1661
        1666
        1674
        1679
        1681
        1686
        1694
        1697
        1699
        1702
        1712
        1714
        1717
        1721
        1730
        1739
        1741
        1747
        1752
        1757
        1766
        1767
        1776
        1782
        1787
        1791
        1792
        1795
        1798
        1805
        1812
        1817
        1822
        1823
        1826
        1830
        1839
        1841
        1842
        1851
        1861
        1869
        1871
        1885
        1891
        1892
        1899
        1900
        1901
        1904
        1905
        1908
        1917
        1924
        1928
        1930
        1936
        1937
        1942
        1943
        1945
        1954
        1958
        1960
        1968
        1970
        1971
        1989
        1994
        1997
        2004
        2005
        2007
        2016
        2023
        2028
        2031
        2040
        2046
        2053
        2054
        2056
        2063
        2064
        2073
        2076
        2077
        2079
        2080
        2083
        2093
        2096
        2097
        2102
        2104
        2105
        2109
        2115
        2117
        2119
        2121
        2130
        2133
        2135
        2137
        2144
        2148
        2151
        2153
        2169
        2172
        2173
        2180
        2182
        2185
        2194
        2196
        2201
        2205
        2219
        2224
        2226
        2228
        2234
        2235
        2248
        2253
        2260
        2264
        2275
        2280
        2287
        2289
        2296
        2300
        2301
        2312
        2315
        2326
        2328
        2333
        2335
        2342
        2344
        2352
        2353
        2356
        2358
        2361
        2374
        2384
        2392
        2393
        2402
        2408
        2416
        2418
        2424
        2427
        2430
        2441
        2472
        2481
        2482
        2489
        2494
        2499
        2500
        2501
        2504
        2505
        2510
        2512
        2520
        2524
        2527
        2529
        2532
        2535
        2538
        2542
        2545
        2547
        2549
        2560
        2574
        2576
        2577
        2580
        2581
        2584
        2587
        2588
        2603
        2609
        2613
        2618
        2621
        2628
        2636
        2637
        2639
        2642
        2644
        2651
        2656
        2660
        2661
        2664
        2666
        2678
        2679
        2680
        2682
        2686
        2693
        2702
        2703
        2715
        2721
        2732
        2744
        2759
        2761
        2764
        2774
        2778
        2779
        2783
        2784
        2785
        2786
        2792
        2795
        2804
        2810
        2817
        2818
        2819
        2821
        2823
        2825
        2834
        2837
        2839
        2840
        2841
        2849
        2851
        2852
        2859
        2873
        2877
        2891
        2892
        2894
        2908
        2909
        2911
        2913
        2915
        2920
        2923
        2930
        2931
        2937
        2941
        2943
        2956
        2964
        2968
        2987
        2989
        2995
        2997
        3008
        3014
        3015
        3017
        3023
        3029
        3033
        3034
        3038
        3045
        3053
        3058
        3070
        3076
        3085
        3087
        3089
        3092
        3105
        3107
        3114
        3119
        3121
        3129
        3130
        3133
        3138
        3144
        3145
        3147
        3153
        3167
        3168
        3172
        3176
        3179
        3183
        3186
        3190
        3199
        3203
        3205
        3209
        3213
        3216
        3218
        3223
        3224
        3230
        3232
        3235
        3239
        3241
        3244
        3259
        3262
        3265
        3277
        3282
        3284
        3288
        3290
        3291
        3295
        3296
        3298
        3302
        3316
        3324
        3329
        3336
        3337
        3339
        3351
        3353
        3355
        3369
        3371
        3374
        3377
        3379
        3380
        3383
        3395
        3396
        3397
        3399
        3401
        3411
        3424
        3426
        3428
        3429
        3442
        3443
        3450
        3455
        3462
        3468
        3470
        3471
        3474
        3477
        3480
        3482
        3489
        3492
        3502
        3503
        3505
        3507
        3518
        3524
        3525
        3528
        3532
        3534
        3535
        3537
        3539
        3540
        3542
        3543
        3555
        3561
        3566
        3596
        3600
        3602
        3607
        3610
        3620
        3626
        3634
        3645
        3649
        3653
        3655
        3672
        3693
        3694
        3696
        3699
        3707
        3710
        3712
        3717
        3722
        3724
        3726
        3729
        3731
        3743
        3746
        3775
        3778
        3780
        3789
        3796
        3805
        3820
        3822
        3825
        3837
        3849
        3850
        3861
        3863
        3865
        3872
        3881
        3891
        3897
        3900
        3904
        3910
        3911
        3912
        3918
        3923
        3929
        3933
        3936
        3943
        3948
        3954
        3958
        3967
        3972
        3977
        3978
        3983
        3987
        3991
        3994
        3996
        3998
        4003
        4004
        4007
        4019
        4022
        4024
        4030
        4040
        4044
        4047
        4060
        4066
        4067
        4071
        4073
        4075
        4092
        4106
        4108
        4117
        4118
        4126
        4127
        4130
        4131
        4138
        4152
        4155
        4160
        4181
        4182
        4200
        4211
        4214
        4216
        4219
        4234
        4238
        4242
        4243
        4244
        4255
        4268
        4271
        4274
        4277
        4282
        4286
        4294
        4305
        4308
        4312
        4315
        4329
        4332
        4346
        4348
        4352
        4359
        4365
        4372
        4375
        4376
        4385
        4386
        4388
        4390
        4396
        4398
        4403
        4408
        4412
        4413
        4415
        4418
        4424
        4430
        4435
        4450
        4453
        4463
        4464
        4466
        4467
        4473
        4477
        4478
        4485
        4491
        4499
        4501
        4503
        4505
        4506
        4514
        4521
        4523
        4524
        4530
        4541
        4543
        4554
        4558
        4559
        4568
        4576
        4591
        4601
        4603
        4613
        4623
        4636
        4637
        4642
        4643
        4651
        4654
        4655
        4661
        4663
        4665
        4670
        4673
        4677
        4680
        4687
        4689
        4693
        4694
        4697
        4698
        4710
        4714
        4716
        4718
        4723
        4727
        4732
        4735
        4749
        4750
        4753
        4755
        4764
        4771
        4778
        4782
        4801
        4803
        4805
        4806
        4833
        4834
        4836
        4851
        4854
        4856
        4858
        4859
        4863
        4864
        4865
        4870
        4876
        4880
        4890
        4891
        4903
        4904
        4905
        4908
        4913
        4925
        4927
        4957
        4959
        4963
        4964
        4967
        4969
        4977
        4979
        4987
        4994
        4999
        5018
        5029
        5038
        5042
        5045
        5061
        5064
        5069
        5071
        5074
        5079
        5080
        5082
        5084
        5092
        5094
        5097
        5098
        5102
        5110
        5122
        5126
        5130
        5132
        5133
        5135
        5143
        5146
        5151
        5157
        5159
        5163
        5164
        5165
        5172
        5178
        5179
        5191
        5193
        5200
        5204
        5208
        5220
        5222
        5227
        5230
        5236
        5238
        5243
        5250
        5258
        5285
        5288
        5294
        5297
        5299
        5303
        5304
        5306
        5310
        5312
        5314
        5321
        5327
        5328
        5330
        5332
        5337
        5339
        5344
        5346
        5354
        5364
        5365
        5369
        5373
        5376
        5384
        5387
        5389
        5397
        5398
        5407
        5412
        5415
        5417
        5418
        5420
        5421
        5427
        5429
        5440
        5441
        5442
        5449
        5451
        5452
        5455
        5458
        5485
        5487
        5490
        5491
        5494
        5496
        5497
        5498
        5506
        5511
        5514
        5517
        5523
        5525
        5535
        5555
        5556
        5561
        5565
        5566
        5574
        5575
        5576
        5583
        5585
        5587
        5589
        5595
        5601
        5608
        5613
        5614
        5615
        5622
        5656
        5673
        5675
        5678
        5685
        5689
        5693
        5712
        5721
        5727
        5740
        5742
        5745
        5747
        5752
        5756
        5757
        5768
        5772
        5774
        5793
        5816
        5823
        5832
        5838
        5841
        5844
        5850
        5853
        5878
        5884
        5890
        5891
        5893
        5895
        5900
        5902
        5908
        5914
        5916
        5918
        5919
        5920
        5923
        5935
        5939
        5941
        5945
        5963
        5964
        5969
        5970
        5984
        5991
        5994
        6001
        6003
        6011
        6012
        6018
        6019
        6026
        6028
        6029
        6036
        6039
        6041
        6043
        6056
        6057
        6059
        6061
        6066
        6068
        6079
        6090
        6091
        6093
        6095
        6096
        6098
        6105
        6106
        6110
        6114
        6119
        6122
        6125
        6136
        6138
        6140
        6146
        6150
        6151
        6153
        6156
        6158
        6165
        6169
        6171
        6173
        6180
        6185
        6187
        6189
        6194
        6196
        6205
        6222
        6227
        6231
        6234
        6238
        6242
        6244
        6246
        6254
        6255
        6256
        6261
        6265
        6266
        6277
        6286
        6288
        6291
        6293
        6296
        6301
        6310
        6313
        6331
        6334
        6336
        6339
        6350
        6353
        6356
        6360
        6361
        6362
        6363
        6364
        6365
        6370
        6385
        6397
        6403
        6408
        6413
        6415
        6417
        6418
        6424
        6427
        6428
        6431
        6432
        6434
        6436
        6438
        6440
        6442
        6447
        6449
        6480
        6484
        6491
        6496
        6519
        6520
        6521
        6524
        6526
        6533
        6535
        6536
        6543
        6547
        6552
        6553
        6557
        6562
        6574
        6575
        6576
        6577
        6578
        6584
        6589
        6598
        6618
        6626
        6630
        6633
        6649
        6660
        6677
        6684
        6685
        6695
        6698
        6705
        6710
        6722
        6728
        6731
        6735
        6736
        6739
        6740
        6745
        6747
        6751
        6756
        6765
        6767
        6773
        6783
        6785
        6806
        6810
        6811
        6814
        6817
        6819
        6822
        6824
        6826
        6828
        6835
        6838
        6841
        6847
        6860
        6863
        6865
        6871
        6876
        6879
        6880
        6881
        6882
        6884
        6889
        6897
        6907
        6911
        6917
        6922
        6925
        6929
        6934
        6936
        6941
        6943
        6948
        6950
        6964
        6980
        6986
        6993
        6995
        7004
        7006
        7007
        7008
        7010
        7012
        7013
        7014
        7018
        7022
        7024
        7025
        7028
        7029
        7031
        7033
        7036
        7037
        7041
        7043
        7060
        7064
        7068
        7071
        7082
        7083
        7084
        7088
        7091
        7095
        7105
        7109
        7111
        7113
        7114
        7118
        7128
        7148
        7150
        7168
        7182
        7188
        7194
        7196
        7202
        7207
        7214
        7226
        7244
        7247
        7249
        7258
        7262
        7265
        7266
        7274
        7279
        7282
        7283
        7288
        7289
        7297
        7299
        7302
        7306
        7310
        7312
        7316
        7318
        7322
        7325
        7326
        7336
        7348
        7358
        7362
        7364
        7366
        7375
        7380
        7382
        7388
        7395
        7408
        7413
        7414
        7417
        7419
        7425
        7428
        7438
        7444
        7454
        7456
        7460
        7464
        7465
        7468
        7472
        7473
        7482
        7485
        7498
        7516
        7518
        7522
        7534
        7539
        7541
        7546
        7547
        7550
        7551
        7554
        7560
        7563
        7564
        7569
        7574
        7575
        7576
        7581
        7585
        7611
        7613
        7615
        7618
        7620
        7621
        7634
        7642
        7643
        7645
        7647
        7659
        7661
        7663
        7670
        7680
        7681
        7684
        7686
        7695
        7698
        7700
        7702
        7706
        7708
        7710
        7716
        7736
        7739
        7746
        7760
        7762
        7764
        7765
        7766
        7773
        7775
        7777
        7782
        7784
        7788
        7790
        7794
        7798
        7804
        7806
        7809
        7814
        7815
        7826
        7833
        7837
        7845
        7846
        7848
        7859
        7861
        7888
        7890
        7903
        7905
        7907
        7923
        7924
        7927
        7929
        7930
        7937
        7944
        7948
        7952
        7959
        7963
        7965
        7972
        7984
        7992
        7993
        7994
        7997
        8003
        8014
        8017
        8021
        8022
        8027
        8028
        8034
        8036
        8045
        8054
        8058
        8063
        8065
        8073
        8077
        8078
        8079
        8085
        8087
        8092
        8094
        8096
        8100
        8102
        8107
        8113
        8115
        8122
        8125
        8130
        8131
        8133
        8138
        8144
        8147
        8152
        8154
        8161
        8163
        8168
        8180
        8184
        8188
        8199
        8219
        8222
        8231
        8232
        8233
        8236
        8238
        8246
        8248
        8256
        8267
        8273
        8275
        8280
        8282
        8285
        8295
        8309
        8315
        8323
        8324
        8325
        8326
        8330
        8336
        8341
        8346
        8352
        8354
        8356
        8357
        8358
        8360
        8361
        8363
        8367
        8372
        8374
        8377
        8382
        8387
        8388
        8389
        8390
        8392
        8396
        8401
        8402
        8404
        8407
        8417
        8419
        8420
        8422
        8423
        8424
        8426
        8428
        8435
        8437
        8438
        8439
        8457
        8458
        8466
        8473
        8477
        8480
        8481
        8484
        8488
        8496
        8500
        8509
        8510
        8522
        8523
        8524
        8525
        8526
        8534
        8538
        8540
        8543
        8546
        8547
        8551
        8558
        8559
        8562
        8564
        8567
        8568
        8569
        8572
        8574
        8577
        8578
        8584
        8601
        8608
        8616
        8617
        8618
        8623
        8647
        8649
        8653
        8658
        8660
        8663
        8672
        8679
        8681
        8683
        8692
        8697
        8699
        8700
        8701
        8702
        8704
        8708
        8710
        8723
        8741
        8742
        8751
        8754
        8757
        8762
        8769
        8771
        8772
        8777
        8782
        8788
        8791
        8802
        8806
        8813
        8821
        8837
        8846
        8848
        8854
        8856
        8858
        8860
        8869
        8880
        8881
        8882
        8885
        8887
        8893
        8898
        8899
        8902
        8905
        8912
        8917
        8922
        8926
        8929
        8930
        8934
        8935
        8939
        8946
        8948
        8952
        8960
        8963
        8966
        8968
        8969
        8986
        8993
