        6
        13
        17
        18
        20
        22
        35
        40
        50
        58
        67
        79
        80
        107
        108
        117
        118
        124
        127
        130
        135
        136
        138
        140
        142
        143
        147
        155
        166
        168
        179
        188
        196
        197
        203
        218
        219
        220
        226
        229
        231
        238
        239
        245
        248
        251
        263
        264
        269
        277
        283
        289
        294
        305
        306
        308
        311
        313
        328
        332
        344
        345
        348
        350
        356
        365
        374
        376
        384
        388
        391
        397
        403
        408
        412
        416
        417
        421
        424
        430
        432
        433
        438
        440
        442
        450
        451
        454
        464
        466
        476
        483
        484
        488
        492
        501
        506
        513
        515
        526
        529
        533
        553
        557
        559
        563
        570
        572
        590
        595
        600
        604
        606
        615
        623
        625
        629
        640
        642
        644
        658
        660
        661
        664
        669
        673
        678
        679
        683
        684
        687
        688
        700
        707
        709
        713
        715
        722
        725
        735
        739
        742
        757
        763
        764
        772
        776
        780
        783
        786
        791
        795
        805
        807
        812
        815
        818
        826
        831
        836
        840
        848
        849
        851
        856
        857
        861
        867
        871
        873
        879
        882
        884
        885
        890
        893
        907
        909
        910
        911
        912
        913
        916
        923
        958
        960
        962
        966
        969
        989
        992
        993
        994
        1001
        1002
        1011
        1014
        1015
        1019
        1030
        1036
        1038
        1041
        1043
        1048
        1051
        1056
        1067
        1073
        1077
        1085
        1086
        1088
        1089
        1090
        1098
        1100
        1101
        1104
        1107
        1110
        1116
        1121
        1124
        1126
        1131
        1134
        1150
        1153
        1155
        1158
        1163
        1168
        1170
        1190
        1196
        1208
        1219
        1222
        1232
        1234
        1237
        1239
        1241
        1244
        1248
        1249
        1250
        1257
        1270
        1276
        1280
        1282
        1283
        1292
        1295
        1297
        1298
        1301
        1303
        1307
        1308
        1310
        1316
        1317
        1319
        1322
        1324
        1329
        1334
        1338
        1343
        1345
        1349
        1350
        1353
        1355
        1357
        1371
        1374
        1378
        1379
        1385
        1391
        1395
        1408
        1409
        1415
        1417
        1422
        1427
        1429
        1441
        1452
        1458
        1468
        1469
        1481
        1486
        1487
        1488
        1491
        1498
        1522
        1523
        1526
        1535
        1547
        1557
        1565
        1569
        1576
        1595
        1599
        1602
        1610
        1614
        1616
        1621
        1625
        1627
        1636
        1638
        1645
        1648
        1657
        1669
        1670
        1674
        1675
        1677
        1679
        1694
        1696
        1698
        1702
        1703
        1711
        1715
        1717
        1727
        1731
        1733
        1737
        1744
        1755
        1764
        1770
        1778
        1780
        1783
        1787
        1789
        1790
        1796
        1799
        1805
        1807
        1813
        1814
        1821
        1830
        1842
        1846
        1849
        1852
        1860
        1866
        1879
        1882
        1883
        1884
        1888
        1890
        1891
        1910
        1911
        1922
        1926
        1930
        1933
        1934
        1948
        1950
        1958
        1969
        1972
        1975
        1992
        1995
        1999
        2001
        2007
        2011
        2013
        2024
        2025
        2035
        2043
        2044
        2045
        2048
        2051
        2053
        2054
        2059
        2064
        2066
        2067
        2076
        2077
        2082
        2085
        2090
        2091
        2099
        2104
        2112
        2114
        2116
        2122
        2128
        2129
        2130
        2135
        2139
        2140
        2142
        2149
        2151
        2155
        2165
        2167
        2177
        2180
        2183
        2189
        2190
        2196
        2198
        2202
        2205
        2207
        2208
        2209
        2221
        2223
        2224
        2226
        2237
        2251
        2255
        2269
        2270
        2275
        2280
        2283
        2287
        2297
        2299
        2300
        2301
        2305
        2310
        2313
        2316
        2317
        2324
        2327
        2331
        2335
        2339
        2353
        2355
        2356
        2359
        2361
        2367
        2372
        2378
        2382
        2391
        2394
        2401
        2406
        2410
        2420
        2421
        2423
        2428
        2430
        2432
        2434
        2436
        2443
        2446
        2459
        2474
        2481
        2495
        2502
        2504
        2510
        2512
        2513
        2529
        2530
        2540
        2548
        2550
        2555
        2576
        2589
        2606
        2611
        2613
        2615
        2620
        2628
        2631
        2641
        2645
        2651
        2653
        2654
        2658
        2689
        2709
        2711
        2724
        2733
        2741
        2748
        2751
        2762
        2770
        2773
        2774
        2777
        2778
        2786
        2788
        2807
        2810
        2821
        2824
        2830
        2836
        2838
        2840
        2846
        2848
        2867
        2874
        2879
        2882
        2883
        2886
        2900
        2908
        2912
        2919
        2920
        2921
        2923
        2929
        2937
        2938
        2940
        2968
        2973
        2976
        2981
        2993
        2995
        2998
        3003
        3004
        3009
        3022
        3025
        3031
        3035
        3044
        3048
        3056
        3067
        3070
        3076
        3078
        3080
        3087
        3091
        3094
        3099
        3100
        3109
        3118
        3120
        3124
        3126
        3135
        3138
        3151
        3163
        3165
        3166
        3170
        3173
        3190
        3192
        3194
        3200
        3213
        3222
        3223
        3233
        3239
        3240
        3242
        3244
        3253
        3255
        3259
        3262
        3266
        3267
        3272
        3277
        3279
        3284
        3292
        3293
        3302
        3304
        3310
        3317
        3322
        3324
        3326
        3338
        3358
        3361
        3364
        3367
        3372
        3384
        3393
        3397
        3401
        3404
        3408
        3417
        3424
        3426
        3427
        3431
        3433
        3435
        3443
        3447
        3463
        3472
        3482
        3483
        3489
        3499
        3506
        3509
        3515
        3517
        3520
        3524
        3530
        3541
        3543
        3547
        3549
        3551
        3568
        3573
        3585
        3591
        3593
        3602
        3604
        3609
        3613
        3627
        3636
        3641
        3643
        3647
        3649
        3655
        3656
        3659
        3661
        3664
        3684
        3686
        3687
        3690
        3696
        3702
        3713
        3731
        3744
        3746
        3748
        3750
        3763
        3765
        3774
        3781
        3785
        3798
        3801
        3808
        3822
        3824
        3826
        3829
        3836
        3841
        3848
        3852
        3861
        3865
        3866
        3872
        3873
        3877
        3879
        3881
        3883
        3886
        3891
        3899
        3903
        3912
        3931
        3939
        3943
        3944
        3953
        3961
        3962
        3964
        3965
        3971
        3972
        3979
        3982
        3985
        3988
        3998
        3999
        4002
        4018
        4020
        4021
        4024
        4033
        4034
        4039
        4046
        4050
        4053
        4057
        4059
        4060
        4061
        4071
        4073
        4075
        4081
        4082
        4094
        4102
        4103
        4109
        4113
        4118
        4119
        4123
        4125
        4133
        4142
        4144
        4145
        4146
        4148
        4151
        4152
        4157
        4160
        4167
        4171
        4193
        4206
        4220
        4221
        4222
        4224
        4231
        4240
        4243
        4245
        4246
        4248
        4250
        4253
        4258
        4260
        4263
        4273
        4289
        4296
        4299
        4308
        4312
        4326
        4329
        4337
        4339
        4342
        4345
        4370
        4383
        4386
        4423
        4427
        4434
        4445
        4454
        4461
        4466
        4472
        4475
        4480
        4488
        4493
        4495
        4496
        4499
        4500
        4509
        4512
        4517
        4520
        4528
        4529
        4531
        4555
        4556
        4561
        4563
        4569
        4570
        4574
        4577
        4581
        4583
        4585
        4596
        4602
        4605
        4614
        4616
        4625
        4627
        4632
        4634
        4642
        4643
        4646
        4647
        4649
        4656
        4663
        4667
        4668
        4672
        4674
        4676
        4686
        4694
        4703
        4713
        4722
        4725
        4726
        4730
        4733
        4740
        4752
        4755
        4761
        4768
        4770
        4771
        4775
        4778
        4780
        4786
        4788
        4797
        4799
        4802
        4807
        4810
        4811
        4812
        4814
        4816
        4817
        4831
        4837
        4840
        4847
        4848
        4855
        4858
        4860
        4864
        4868
        4874
        4877
        4881
        4885
        4888
        4894
        4905
        4917
        4923
        4924
        4926
        4930
        4944
        4951
        4952
        4958
        4960
        4962
        4967
        4975
        4976
        4979
        4982
        4983
        4985
        4998
        5001
        5008
        5015
        5019
        5021
        5022
        5025
        5029
        5030
        5032
        5042
        5047
        5051
        5055
        5058
        5064
        5065
        5068
        5074
        5082
        5087
        5089
        5095
        5097
        5099
        5101
        5110
        5114
        5115
        5139
        5140
        5144
        5147
        5154
        5160
        5164
        5177
        5186
        5195
        5196
        5206
        5212
        5219
        5229
        5231
        5237
        5239
        5243
        5246
        5248
        5251
        5264
        5266
        5281
        5284
        5290
        5308
        5311
        5314
        5315
        5317
        5318
        5319
        5321
        5325
        5328
        5343
        5353
        5355
        5359
        5364
        5368
        5370
        5380
        5384
        5386
        5398
        5399
        5414
        5417
        5420
        5426
        5435
        5441
        5442
        5444
        5445
        5446
        5447
        5450
        5453
        5455
        5459
        5467
        5492
        5496
        5518
        5520
        5532
        5536
        5538
        5544
        5552
        5555
        5559
        5575
        5581
        5582
        5591
        5599
        5606
        5612
        5620
        5631
        5633
        5638
        5644
        5652
        5654
        5655
        5658
        5659
        5660
        5662
        5667
        5669
        5675
        5676
        5687
        5688
        5698
        5704
        5705
        5708
        5709
        5716
        5717
        5733
        5744
        5747
        5749
        5751
        5753
        5757
        5762
        5764
        5771
        5773
        5786
        5789
        5791
        5797
        5800
        5803
        5811
        5814
        5815
        5818
        5819
        5821
        5829
        5831
        5834
        5835
        5837
        5839
        5841
        5843
        5858
        5860
        5864
        5865
        5871
        5873
        5876
        5890
        5891
        5905
        5911
        5914
        5917
        5924
        5926
        5930
        5935
        5946
        5949
        5956
        5969
        5981
        5983
        5989
        5991
        5992
        5996
        5999
        6003
        6011
        6017
        6018
        6026
        6037
        6038
        6041
        6045
        6046
        6049
        6054
        6056
        6058
        6063
        6069
        6071
        6073
        6083
        6088
        6090
        6095
        6097
        6105
        6109
        6116
        6133
        6146
        6148
        6151
        6154
        6157
        6161
        6168
        6169
        6170
        6176
        6182
        6186
        6192
        6201
        6205
        6207
        6211
        6213
        6214
        6233
        6235
        6236
        6248
        6249
        6251
        6253
        6257
        6262
        6269
        6279
        6283
        6286
        6288
        6296
        6307
        6312
        6318
        6320
        6322
        6326
        6331
        6338
        6343
        6349
        6350
        6354
        6357
        6366
        6372
        6375
        6387
        6391
        6393
        6394
        6397
        6408
        6411
        6414
        6417
        6425
        6430
        6433
        6435
        6443
        6444
        6449
        6457
        6459
        6479
        6483
        6485
        6489
        6491
        6496
        6505
        6508
        6511
        6512
        6521
        6522
        6524
        6528
        6530
        6549
        6553
        6554
        6557
        6558
        6560
        6564
        6567
        6578
        6588
        6589
        6592
        6596
        6602
        6604
        6606
        6609
        6611
        6620
        6622
        6627
        6628
        6629
        6640
        6646
        6648
        6651
        6663
        6664
        6668
        6670
        6676
        6682
        6684
        6688
        6696
        6723
        6726
        6728
        6732
        6742
        6744
        6754
        6760
        6763
        6774
        6776
        6781
        6786
        6790
        6795
        6800
        6801
        6807
        6810
        6820
        6825
        6828
        6834
        6835
        6837
        6840
        6855
        6858
        6859
        6861
        6866
        6868
        6874
        6886
        6887
        6888
        6895
        6897
        6898
        6905
        6908
        6912
        6913
        6914
        6925
        6927
        6935
        6938
        6944
        6948
        6954
        6958
        6959
        6967
        6970
        6973
        6977
        6985
        6994
        6996
        7000
        7001
        7003
        7009
        7010
        7012
        7030
        7034
        7035
        7040
        7049
        7051
        7053
        7056
        7061
        7063
        7066
        7068
        7078
        7110
        7114
        7127
        7135
        7143
        7150
        7154
        7158
        7161
        7170
        7183
        7188
        7194
        7199
        7200
        7211
        7214
        7215
        7216
        7217
        7218
        7219
        7221
        7235
        7238
        7247
        7250
        7253
        7255
        7262
        7266
        7270
        7271
        7273
        7280
        7281
        7282
        7284
        7293
        7299
        7305
        7314
        7315
        7317
        7318
        7336
        7338
        7339
        7344
        7368
        7370
        7375
        7377
        7393
        7394
        7398
        7410
        7415
        7440
        7441
        7450
        7452
        7458
        7460
        7462
        7472
        7473
        7475
        7483
        7489
        7498
        7500
        7507
        7508
        7514
        7523
        7537
        7541
        7550
        7553
        7559
        7560
        7569
        7575
        7581
        7583
        7587
        7596
        7599
        7606
        7624
        7626
        7628
        7630
        7632
        7634
        7635
        7638
        7646
        7651
        7665
        7671
        7673
        7678
        7682
        7691
        7695
        7700
        7706
        7707
        7722
        7723
        7730
        7734
        7735
        7748
        7750
        7756
        7760
        7763
        7767
        7772
        7774
        7784
        7786
        7792
        7794
        7798
        7810
        7811
        7812
        7814
        7815
        7820
        7821
        7822
        7828
        7829
        7833
        7838
        7840
        7853
        7856
        7859
        7863
        7866
        7875
        7876
        7877
        7880
        7884
        7890
        7892
        7897
        7922
        7924
        7929
        7934
        7950
        7959
        7975
        7979
        7982
        7985
        7986
        7987
        7989
        7990
        7991
        8000
        8003
        8005
        8009
        8012
        8015
        8018
        8030
        8038
        8041
        8052
        8057
        8058
        8060
        8065
        8067
        8083
        8086
        8096
        8099
        8110
        8121
        8128
        8133
        8140
        8168
        8175
        8176
        8178
        8185
        8187
        8197
        8200
        8202
        8217
        8219
        8221
        8226
        8228
        8230
        8235
        8236
        8247
        8258
        8267
        8269
        8272
        8274
        8277
        8286
        8287
        8295
        8314
        8317
        8318
        8320
        8328
        8331
        8333
        8334
        8339
        8341
        8349
        8352
        8356
        8362
        8364
        8368
        8375
        8391
        8393
        8397
        8401
        8408
        8413
        8425
        8430
        8437
        8439
        8445
        8451
        8455
        8460
        8462
        8465
        8466
        8472
        8476
        8479
        8486
        8488
        8491
        8493
        8496
        8498
        8512
        8515
        8520
        8522
        8533
        8542
        8551
        8556
        8565
        8570
        8571
        8572
        8583
        8593
        8601
        8602
        8608
        8610
        8613
        8614
        8624
        8629
        8635
        8647
        8652
        8660
        8669
        8670
        8672
        8677
        8690
        8698
        8701
        8704
        8716
        8723
        8725
        8730
        8735
        8737
        8746
        8751
        8754
        8756
        8758
        8762
        8765
        8780
        8784
        8787
        8792
        8797
        8798
        8800
        8804
        8805
        8812
        8815
        8817
        8821
        8824
        8829
        8833
        8843
        8847
        8850
        8856
        8857
        8858
        8865
        8869
        8876
        8885
        8887
        8888
        8893
        8894
        8899
        8901
        8903
        8910
        8913
        8926
        8934
        8946
        8949
        8951
        8954
        8959
        8960
        8969
        8972
        8974
        8975
        8979
        8983
        8988
        8990
        8995
