        2
        7
        9
        14
        19
        21
        26
        33
        36
        40
        45
        48
        50
        52
        53
        54
        56
        60
        68
        91
        94
        96
        99
        100
        102
        105
        110
        120
        127
        130
        139
        147
        148
        149
        152
        162
        167
        169
        175
        177
        178
        186
        191
        200
        206
        210
        220
        225
        226
        232
        235
        243
        246
        250
        256
        259
        266
        269
        280
        281
        289
        298
        299
        305
        313
        314
        316
        331
        333
        340
        348
        351
        353
        355
        363
        380
        390
        393
        394
        399
        406
        410
        414
        421
        424
        441
        456
        464
        476
        480
        485
        489
        491
        492
        502
        506
        507
        508
        512
        531
        532
        541
        549
        557
        573
        579
        581
        591
        594
        596
        599
        601
        604
        611
        613
        622
        633
        639
        641
        643
        648
        650
        661
        676
        682
        685
        688
        692
        694
        697
        700
        704
        716
        720
        730
        736
        738
        741
        752
        753
        756
        760
        768
        780
        784
        798
        811
        813
        822
        844
        852
        855
        857
        859
        863
        867
        872
        876
        885
        892
        896
        901
        915
        924
        927
        933
        937
        943
        946
        959
        974
        981
        994
        1005
        1008
        1015
        1017
        1030
        1032
        1033
        1036
        1038
        1039
        1040
        1041
        1054
        1072
        1079
        1083
        1085
        1087
        1113
        1123
        1125
        1138
        1143
        1154
        1155
        1156
        1161
        1164
        1167
        1168
        1170
        1177
        1179
        1184
        1189
        1190
        1195
        1204
        1211
        1219
        1221
        1228
        1230
        1237
        1241
        1248
        1250
        1252
        1254
        1256
        1263
        1264
        1268
        1273
        1276
        1283
        1300
        1302
        1304
        1306
        1324
        1326
        1330
        1335
        1338
        1343
        1351
        1361
        1363
        1367
        1372
        1382
        1384
        1386
        1390
        1421
        1422
        1427
        1432
        1439
        1445
        1450
        1452
        1456
        1471
        1486
        1517
        1525
        1532
        1535
        1540
        1544
        1545
        1553
        1559
        1565
        1567
        1574
        1575
        1578
        1581
        1583
        1588
        1593
        1607
        1609
        1614
        1615
        1621
        1630
        1631
        1634
        1636
        1637
        1644
        1653
        1656
        1661
        1676
        1689
        1693
        1701
        1706
        1707
        1726
        1738
        1761
        1764
        1767
        1775
        1784
        1788
        1795
        1798
        1801
        1804
        1810
        1815
        1817
        1832
        1840
        1844
        1846
        1849
        1853
        1857
        1859
        1872
        1875
        1879
        1897
        1916
        1927
        1932
        1939
        1943
        1945
        1947
        1952
        1957
        1959
        1964
        1969
        1980
        1984
        1998
        2010
        2012
        2025
        2028
        2029
        2032
        2050
        2053
        2057
        2058
        2061
        2068
        2072
        2091
        2093
        2102
        2112
        2113
        2116
        2128
        2137
        2145
        2148
        2151
        2159
        2166
        2169
        2175
        2182
        2192
        2197
        2200
        2214
        2221
        2222
        2226
        2229
        2230
        2245
        2251
        2258
        2267
        2270
        2273
        2279
        2284
        2285
        2287
        2288
        2290
        2293
        2296
        2299
        2304
        2308
        2314
        2316
        2318
        2319
        2321
        2323
        2326
        2333
        2335
        2336
        2337
        2338
        2340
        2342
        2347
        2350
        2352
        2362
        2364
        2367
        2370
        2374
        2377
        2397
        2404
        2411
        2416
        2418
        2420
        2422
        2426
        2427
        2429
        2431
        2433
        2435
        2438
        2443
        2446
        2447
        2465
        2469
        2475
        2479
        2485
        2489
        2493
        2496
        2504
        2510
        2512
        2513
        2515
        2517
        2523
        2524
        2528
        2537
        2538
        2545
        2546
        2548
        2553
        2554
        2557
        2561
        2568
        2574
        2575
        2576
        2582
        2584
        2593
        2600
        2605
        2607
        2612
        2615
        2620
        2623
        2626
        2629
        2630
        2633
        2639
        2654
        2664
        2667
        2670
        2678
        2679
        2680
        2681
        2685
        2687
        2692
        2693
        2703
        2706
        2708
        2710
        2728
        2734
        2736
        2739
        2754
        2756
        2759
        2762
        2764
        2768
        2770
        2778
        2781
        2789
        2791
        2802
        2803
        2805
        2807
        2810
        2826
        2831
        2840
        2841
        2842
        2845
        2851
        2852
        2853
        2863
        2864
        2865
        2868
        2872
        2874
        2878
        2879
        2884
        2885
        2890
        2893
        2894
        2897
        2899
        2900
        2903
        2912
        2914
        2918
        2919
        2926
        2930
        2932
        2941
        2946
        2949
        2951
        2956
        2958
        2968
        2978
        2980
        3146
        3150
        3151
        3162
        3163
        3166
        3204
        3515
        3520
        3523
        3524
        3525
        3528
        3532
        3535
        3536
        3552
        3554
        3561
        3578
        3579
        3581
        3586
        3587
        3593
        3594
        3597
        3602
        3607
        3610
        3616
        3618
        3631
        3634
        3635
        3637
        3643
        3645
        3647
        3650
        3652
        3659
        3661
        3662
        3667
        3668
        3671
        3679
        3680
        3684
        3690
        3702
        3707
        3715
        3716
        3718
        3722
        3743
        3762
        3766
        3771
        3772
        3773
        3775
        3780
        3781
        3783
        3785
        3787
        3793
        3794
        3795
        3802
        3803
        3804
        3805
        3809
        3814
        3827
        3837
        3838
        3841
        3843
        3849
        3851
        3855
        3860
        3862
        3865
        3878
        3883
        3893
        3895
        3896
        3898
        3906
        3910
        3921
        3922
        3935
        3945
        3948
        3959
        3963
        3966
        3970
        3972
        3974
        3977
        3979
        3982
        3985
        3992
        4013
        4017
        4018
        4025
        4033
        4040
        4041
        4045
        4049
        4050
        4053
        4054
        4056
        4058
        4062
        4066
        4076
        4078
        4081
        4084
        4093
        4096
        4099
        4101
        4105
        4108
        4110
        4111
        4122
        4141
        4143
        4149
        4155
        4169
        4173
        4175
        4176
        4186
        4187
        4193
        4206
        4215
        4223
        4225
        4239
        4242
        4245
        4252
        4255
        4264
        4267
        4268
        4272
        4275
        4276
        4287
        4289
        4294
        4295
        4302
        4303
        4310
        4318
        4323
        4333
        4341
        4342
        4346
        4348
        4354
        4362
        4369
        4373
        4375
        4376
        4385
        4392
        4395
        4406
        4408
        4409
        4410
        4413
        4416
        4423
        4425
        4432
        4433
        4434
        4440
        4441
        4451
        4455
        4458
        4459
        4470
        4472
        4476
        4479
        4480
        4483
        4484
        4485
        4488
        4491
        4498
        4508
        4510
        4514
        4523
        4528
        4536
        4538
        4542
        4545
        4546
        4551
        4555
        4558
        4562
        4567
        4576
        4582
        4583
        4584
        4585
        4587
        4596
        4610
        4612
        4618
        4622
        4625
        4633
        4636
        4644
        4651
        4655
        4670
        4671
        4679
        4681
        4682
        4685
        4689
        4690
        4692
        4694
        4712
        4717
        4720
        4723
        4726
        4727
        4732
        4734
        4740
        4745
        4751
        4762
        4767
        4776
        4779
        4784
        4785
        4790
        4814
        4820
        4821
        4827
        4828
        4833
        4834
        4841
        4849
        4856
        4859
        4863
        4873
        4874
        4876
        4881
        4884
        4888
        4893
        4896
        4897
        4898
        4901
        4902
        4903
        4904
        4905
        4915
        4923
        4930
        4933
        4934
        4944
        4947
        4949
        4950
        4952
        4970
        4972
        4977
        4983
        4986
        4992
        4994
        4998
        4999
        5007
        5012
        5021
        5039
        5043
        5046
        5047
        5048
        5051
        5058
        5060
        5066
        5071
        5072
        5073
        5074
        5085
        5091
        5095
        5098
        5099
        5101
        5105
        5108
        5114
        5121
        5124
        5134
        5143
        5145
        5153
        5158
        5161
        5164
        5165
        5168
        5169
        5171
        5175
        5176
        5178
        5185
        5186
        5187
        5195
        5201
        5203
        5211
        5213
        5215
        5217
        5221
        5222
        5234
        5256
        5257
        5260
        5265
        5266
        5268
        5273
        5274
        5276
        5284
        5289
        5291
        5292
        5294
        5298
        5299
        5307
        5309
        5311
        5314
        5328
        5332
        5337
        5343
        5344
        5348
        5354
        5360
        5366
        5376
        5382
        5389
        5394
        5395
        5396
        5405
        5408
        5411
        5412
        5415
        5418
        5431
        5432
        5437
        5450
        5457
        5459
        5465
        5466
        5471
        5473
        5477
        5481
        5482
        5487
        5491
        5499
        5500
        5505
        5507
        5513
        5516
        5522
        5530
        5534
        5541
        5552
        5557
        5562
        5568
        5579
        5599
        5606
        5612
        5621
        5639
        5644
        5648
        5650
        5654
        5669
        5672
        5674
        5690
        5696
        5703
        5705
        5710
        5715
        5722
        5727
        5731
        5739
        5741
        5749
        5764
        5786
        5789
        5793
        5798
        5799
        5815
        5819
        5820
        5827
        5832
        5853
        5855
        5868
        5878
        5885
        5887
        5902
        5926
        5934
        5938
        5951
        5962
        5978
        5983
        5988
        5996
        6008
        6018
        6043
        6044
        6045
        6070
        6073
        6074
        6076
        6113
        6114
        6155
        6167
        6188
        6199
        6240
        6244
        6261
        6296
        6309
        6311
        6337
        6351
        6358
        6387
        6390
        6401
        6410
        6411
        6412
        6435
        6439
        6446
        6510
        6565
        6571
        6583
        6593
        6595
        6600
        6603
        6609
        6616
        6617
        6618
        6619
        6620
        6621
        6762
        6765
        6767
        6778
        6782
        6784
        6786
        6787
        6789
        6793
        6798
        6807
        6808
        6812
        6816
        6825
        6826
        6828
        6831
        6837
        6841
        6844
        6850
        6851
        6854
        6856
        6869
        6885
        6890
        6891
        6907
        6913
        6919
        6920
        6922
        6924
        6926
        6930
        6937
        6939
        6941
        6944
        6946
        6949
        6963
        6983
        6985
        6990
        6999
        7001
        7002
        7005
        7008
        7011
        7015
        7017
        7023
        7025
        7032
        7039
        7041
        7044
        7045
        7047
        7050
        7053
        7068
        7074
        7075
        7079
        7081
        7084
        7087
        7092
        7099
        7100
        7102
        7107
        7110
        7122
        7126
        7130
        7135
        7138
        7139
        7141
        7144
        7146
        7151
        7162
        7166
        7175
        7177
        7179
        7181
        7185
        7194
        7197
        7204
        7205
        7213
        7215
        7218
        7220
        7222
        7224
        7235
        7237
        7238
        7240
        7247
        7248
        7255
        7257
        7258
        7259
        7263
        7280
        7285
        7286
        7291
        7292
        7294
        7295
        7296
        7302
        7308
        7314
        7317
        7318
        7320
        7330
        7341
        7346
        7351
        7353
        7356
        7358
        7365
        7368
        7374
        7378
        7385
        7391
        7393
        7395
        7396
        7398
        7400
        7401
        7422
        7423
        7427
        7434
        7437
        7441
        7445
        7447
        7448
        7455
        7457
        7462
        7466
        7468
        7478
        7481
        7483
        7486
        7493
        7494
        7500
        7504
        7511
        7513
        7515
        7516
        7519
        7525
        7533
        7538
        7540
        7547
        7555
        7566
        7582
        7587
        7588
        7590
        7606
        7607
        7610
        7612
        7616
        7620
        7626
        7634
        7641
        7642
        7645
        7647
        7654
        7659
        7660
        7680
        7683
        7693
        7695
        7701
        7704
        7710
        7713
        7721
        7733
        7743
        7749
        7764
        7766
        7767
        7795
        7807
        7818
        7826
        7827
        7828
        7829
        7837
        7852
        7877
        7878
        7881
        7908
        7916
        7923
        7929
        7936
        7945
        7948
        7953
        7954
        7955
        7956
        7984
        7987
        7995
        7998
        7999
        8005
        8006
        8010
        8012
        8034
        8041
        8045
        8048
        8049
        8050
        8053
        8067
        8072
        8073
        8077
        8084
        8098
        8107
        8109
        8115
        8117
        8119
        8120
        8128
        8132
        8134
        8137
        8144
        8156
        8161
        8174
        8177
        8179
        8182
        8184
        8189
        8191
        8193
        8195
        8202
        8203
        8210
        8212
        8213
        8216
        8217
        8218
        8221
        8222
        8224
        8228
        8234
        8235
        8237
        8248
        8249
        8250
        8252
        8254
        8261
        8264
        8265
        8268
        8270
        8276
        8282
        8286
        8301
        8307
        8314
        8325
        8328
        8329
        8332
        8334
        8336
        8338
        8339
        8343
        8345
        8353
        8355
        8357
        8358
        8360
        8367
        8368
        8369
        8371
        8379
        8381
        8383
        8385
        8389
        8394
        8397
        8402
        8403
        8412
        8420
        8422
        8435
        8436
        8438
        8440
        8445
        8447
        8450
        8451
        8455
        8462
        8464
        8466
        8471
        8472
        8474
        8483
        8493
        8499
        8503
        8505
        8507
        8510
        8513
        8516
        8524
        8532
        8533
        8535
        8536
        8538
        8541
        8545
        8549
        8550
        8553
        8554
        8556
        8558
        8563
        8564
        8566
        8569
        8571
        8572
        8573
        8574
        8576
        8577
        8579
        8582
        8583
        8587
        8592
        8593
        8595
        8599
        8602
        8605
        8607
        8610
        8616
        8620
        8621
        8624
        8627
        8633
        8635
        8636
        8641
        8646
        8647
        8648
        8650
        8654
        8656
        8659
        8662
        8667
        8670
        8671
        8673
        8676
        8677
        8679
        8680
        8693
        8694
        8700
        8702
        8712
        8715
        8723
        8725
        8729
        8739
        8746
        8747
        8748
        8753
        8756
        8759
        8762
        8764
        8765
        8769
        8773
        8774
        8785
        8786
        8790
        8792
        8793
        8795
        8799
        8802
        8807
        8811
        8813
        8819
        8821
        8826
        8828
        8834
        8836
        8837
        8838
        8841
        8845
        8847
        8848
        8851
        8852
        8853
        8857
        8859
        8862
        8864
        8865
        8866
        8875
        8878
        8881
        8884
        8885
        8889
        8892
        8895
        8899
        8910
        8912
        8916
        8917
        8918
        8920
        8922
        8925
        8926
        8928
        8930
        8940
        8942
        8947
        8949
        8952
        8962
        8967
        8968
        8970
        8971
        8972
        8976
        8977
        8979
        8983
        8986
        8988
        8999
