        2
        9
        12
        13
        17
        20
        22
        23
        29
        30
        31
        40
        46
        55
        58
        61
        73
        74
        78
        85
        86
        89
        91
        95
        96
        102
        103
        107
        114
        116
        117
        121
        122
        126
        130
        131
        133
        137
        143
        145
        148
        150
        151
        153
        156
        159
        170
        174
        177
        182
        187
        196
        197
        198
        199
        201
        203
        205
        212
        213
        215
        227
        228
        229
        231
        234
        235
        239
        240
        246
        247
        250
        252
        255
        258
        259
        265
        271
        273
        276
        280
        285
        286
        291
        292
        297
        305
        306
        307
        311
        314
        317
        324
        326
        334
        338
        339
        341
        347
        353
        355
        357
        358
        364
        369
        373
        378
        380
        384
        386
        389
        391
        393
        394
        406
        414
        418
        419
        422
        423
        425
        441
        443
        455
        457
        460
        462
        463
        467
        480
        485
        489
        492
        498
        504
        508
        509
        511
        520
        533
        535
        543
        545
        549
        551
        553
        557
        561
        572
        573
        576
        581
        583
        591
        608
        614
        617
        631
        641
        649
        652
        658
        666
        669
        670
        678
        682
        686
        698
        699
        701
        704
        713
        719
        721
        723
        731
        732
        733
        734
        738
        742
        743
        744
        746
        750
        755
        762
        764
        770
        779
        780
        785
        787
        792
        794
        796
        797
        801
        803
        818
        819
        821
        824
        829
        833
        836
        843
        845
        863
        867
        869
        874
        876
        882
        888
        889
        891
        893
        900
        906
        908
        914
        927
        932
        939
        943
        952
        957
        961
        968
        978
        981
        989
        993
        997
        1005
        1007
        1017
        1018
        1019
        1022
        1025
        1031
        1040
        1043
        1051
        1053
        1054
        1056
        1058
        1060
        1061
        1064
        1066
        1071
        1073
        1074
        1084
        1085
        1086
        1090
        1098
        1100
        1102
        1103
        1104
        1108
        1115
        1116
        1118
        1120
        1121
        1295
        1298
        1304
        1305
        1306
        1315
        1317
        1318
        1324
        1327
        1335
        1339
        1362
        1363
        1387
        1389
        1412
        1427
        1472
        1510
        1585
        1627
        1631
        1644
        1654
        1663
        1665
        1667
        1668
        1669
        1674
        1678
        1681
        1683
        1687
        1692
        1693
        1702
        1703
        1709
        1712
        1713
        1715
        1720
        1721
        1728
        1732
        1736
        1738
        1739
        1748
        1750
        1753
        1755
        1759
        1761
        1762
        1763
        1765
        1766
        1768
        1769
        1771
        1774
        1789
        1794
        1796
        1801
        1803
        1804
        1806
        1808
        1810
        1818
        1820
        1821
        1828
        1829
        1838
        1846
        1851
        1854
        1860
        1864
        1866
        1881
        1883
        1886
        1892
        1894
        1895
        1899
        1900
        1911
        1913
        1919
        1922
        1923
        1926
        1929
        1931
        1945
        1948
        1954
        1966
        1970
        1971
        1973
        1978
        1984
        1985
        1987
        1989
        1993
        1995
        2000
        2002
        2011
        2017
        2020
        2025
        2029
        2049
        2052
        2056
        2058
        2060
        2078
        2087
        2088
        2090
        2092
        2101
        2105
        2113
        2116
        2125
        2130
        2133
        2138
        2140
        2151
        2154
        2163
        2172
        2179
        2181
        2189
        2197
        2198
        2199
        2204
        2207
        2208
        2213
        2216
        2220
        2224
        2225
        2231
        2233
        2240
        2248
        2252
        2258
        2259
        2261
        2268
        2270
        2271
        2273
        2276
        2278
        2281
        2284
        2290
        2291
        2295
        2299
        2307
        2315
        2326
        2328
        2331
        2332
        2333
        2334
        2345
        2347
        2359
        2360
        2362
        2365
        2369
        2373
        2375
        2383
        2385
        2403
        2405
        2415
        2417
        2422
        2429
        2433
        2434
        2443
        2450
        2456
        2461
        2468
        2469
        2471
        2480
        2482
        2484
        2496
        2506
        2517
        2519
        2520
        2525
        2540
        2548
        2550
        2552
        2557
        2559
        2561
        2570
        2574
        2579
        2582
        2584
        2586
        2587
        2593
        2599
        2604
        2611
        2612
        2622
        2624
        2640
        2644
        2656
        2658
        2659
        2661
        2666
        2668
        2671
        2676
        2684
        2696
        2700
        2702
        2716
        2719
        2730
        2731
        2733
        2739
        2747
        2757
        2758
        2762
        2763
        2766
        2768
        2771
        2780
        2781
        2785
        2788
        2795
        2797
        2812
        2813
        2815
        2817
        2820
        2822
        2832
        2840
        2865
        2868
        2876
        2879
        2880
        2887
        2888
        2889
        2890
        2893
        2897
        2900
        2901
        2905
        2907
        2908
        2909
        2912
        2916
        2918
        2929
        2931
        2935
        2937
        2938
        2941
        2943
        2945
        2946
        2966
        2975
        2978
        2980
        2981
        2986
        2987
        2988
        2990
        2991
        2999
        3005
        3011
        3015
        3016
        3018
        3020
        3024
        3026
        3029
        3030
        3032
        3033
        3034
        3037
        3042
        3047
        3049
        3051
        3055
        3060
        3063
        3064
        3065
        3066
        3078
        3082
        3088
        3098
        3106
        3109
        3115
        3119
        3121
        3127
        3129
        3130
        3135
        3139
        3141
        3145
        3151
        3153
        3155
        3158
        3162
        3164
        3174
        3178
        3179
        3182
        3192
        3194
        3198
        3201
        3212
        3215
        3216
        3217
        3218
        3221
        3223
        3238
        3243
        3244
        3247
        3254
        3256
        3258
        3264
        3274
        3275
        3280
        3282
        3289
        3298
        3308
        3312
        3313
        3319
        3320
        3326
        3331
        3334
        3341
        3342
        3344
        3346
        3351
        3354
        3364
        3366
        3369
        3371
        3374
        3378
        3380
        3386
        3400
        3406
        3409
        3410
        3412
        3423
        3431
        3436
        3439
        3441
        3447
        3452
        3456
        3458
        3477
        3478
        3488
        3489
        3497
        3499
        3501
        3511
        3514
        3532
        3536
        3537
        3539
        3544
        3546
        3555
        3565
        3568
        3583
        3584
        3587
        3594
        3596
        3600
        3620
        3624
        3626
        3635
        3636
        3641
        3647
        3651
        3660
        3668
        3670
        3675
        3683
        3684
        3686
        3689
        3690
        3696
        3699
        3720
        3721
        3723
        3725
        3728
        3741
        3749
        3754
        3756
        3757
        3758
        3765
        3774
        3787
        3791
        3793
        3797
        3808
        3809
        3811
        3819
        3821
        3822
        3827
        3830
        3840
        3842
        3854
        3856
        3859
        3861
        3864
        3867
        3871
        3873
        3878
        3880
        3887
        3893
        3894
        3895
        3896
        3897
        3899
        3901
        3904
        3905
        3908
        3916
        3918
        3921
        3930
        3953
        3954
        3961
        3962
        3969
        3974
        3978
        3986
        3989
        3994
        3997
        3999
        4000
        4007
        4012
        4018
        4020
        4022
        4023
        4029
        4035
        4037
        4043
        4047
        4049
        4055
        4059
        4063
        4064
        4066
        4069
        4078
        4081
        4090
        4100
        4104
        4109
        4111
        4114
        4117
        4118
        4125
        4128
        4142
        4144
        4155
        4160
        4167
        4174
        4179
        4183
        4186
        4190
        4193
        4197
        4204
        4207
        4211
        4212
        4215
        4221
        4223
        4227
        4229
        4230
        4231
        4233
        4238
        4242
        4249
        4257
        4264
        4272
        4275
        4286
        4287
        4292
        4296
        4303
        4306
        4312
        4314
        4315
        4316
        4320
        4322
        4326
        4329
        4336
        4338
        4340
        4343
        4354
        4359
        4360
        4362
        4373
        4376
        4377
        4389
        4406
        4409
        4416
        4418
        4421
        4422
        4423
        4427
        4428
        4437
        4438
        4443
        4452
        4467
        4468
        4470
        4473
        4475
        4478
        4479
        4482
        4484
        4487
        4491
        4503
        4513
        4516
        4519
        4525
        4526
        4536
        4540
        4544
        4546
        4547
        4554
        4559
        4564
        4566
        4570
        4576
        4578
        4582
        4589
        4592
        4597
        4602
        4613
        4616
        4628
        4632
        4638
        4645
        4650
        4653
        4660
        4667
        4674
        4680
        4686
        4688
        4691
        4695
        4696
        4698
        4706
        4710
        4711
        4714
        4731
        4735
        4739
        4750
        4755
        4759
        4760
        4777
        4779
        4781
        4784
        4786
        4791
        4802
        4809
        4811
        4812
        4841
        4847
        4849
        4850
        4852
        4859
        4861
        4864
        4866
        4867
        4868
        4871
        4875
        4876
        4877
        4881
        4886
        4888
        4894
        4895
        4898
        4907
        4911
        4912
        4914
        4927
        4931
        4951
        4952
        4955
        4960
        4972
        4974
        4976
        4980
        4983
        4995
        4999
        5001
        5002
        5003
        5005
        5007
        5010
        5012
        5013
        5024
        5029
        5031
        5036
        5037
        5042
        5044
        5047
        5051
        5052
        5053
        5054
        5055
        5056
        5060
        5066
        5067
        5068
        5071
        5075
        5077
        5080
        5084
        5090
        5100
        5101
        5103
        5116
        5126
        5127
        5133
        5141
        5142
        5143
        5145
        5156
        5165
        5168
        5170
        5172
        5174
        5179
        5180
        5183
        5186
        5191
        5200
        5203
        5209
        5214
        5216
        5222
        5226
        5231
        5234
        5244
        5247
        5258
        5259
        5268
        5270
        5272
        5284
        5289
        5293
        5295
        5303
        5309
        5311
        5313
        5315
        5321
        5328
        5333
        5334
        5335
        5338
        5341
        5352
        5359
        5361
        5362
        5367
        5380
        5382
        5383
        5384
        5387
        5388
        5391
        5394
        5401
        5402
        5405
        5410
        5412
        5419
        5420
        5428
        5431
        5436
        5441
        5442
        5446
        5448
        5452
        5462
        5465
        5469
        5472
        5476
        5477
        5480
        5495
        5498
        5525
        5526
        5529
        5531
        5534
        5539
        5540
        5548
        5553
        5555
        5567
        5569
        5570
        5571
        5578
        5580
        5581
        5585
        5591
        5594
        5601
        5603
        5607
        5619
        5621
        5628
        5640
        5643
        5645
        5646
        5649
        5650
        5657
        5664
        5667
        5671
        5679
        5683
        5691
        5695
        5696
        5698
        5699
        5714
        5715
        5718
        5721
        5723
        5725
        5728
        5733
        5759
        5767
        5773
        5781
        5785
        5799
        5811
        5814
        5817
        5824
        5830
        5838
        5842
        5845
        5853
        5858
        5861
        5863
        5867
        5870
        5874
        5875
        5882
        5896
        5901
        5912
        5917
        5923
        5927
        5929
        5934
        5936
        5941
        5947
        5959
        5977
        5980
        5996
        5999
        6001
        6005
        6016
        6020
        6021
        6026
        6035
        6043
        6045
        6048
        6049
        6051
        6052
        6054
        6058
        6071
        6073
        6075
        6078
        6086
        6088
        6091
        6101
        6105
        6107
        6121
        6124
        6125
        6128
        6129
        6136
        6144
        6147
        6148
        6149
        6156
        6170
        6171
        6173
        6184
        6185
        6187
        6190
        6192
        6200
        6203
        6215
        6221
        6225
        6228
        6230
        6234
        6239
        6241
        6244
        6245
        6249
        6253
        6255
        6261
        6263
        6290
        6293
        6297
        6300
        6302
        6312
        6313
        6315
        6318
        6336
        6340
        6345
        6358
        6366
        6370
        6372
        6382
        6383
        6384
        6385
        6397
        6399
        6415
        6419
        6421
        6429
        6431
        6433
        6439
        6442
        6454
        6463
        6464
        6467
        6470
        6472
        6482
        6488
        6490
        6492
        6496
        6500
        6505
        6515
        6521
        6531
        6535
        6544
        6555
        6557
        6562
        6564
        6566
        6575
        6577
        6581
        6582
        6584
        6588
        6593
        6595
        6597
        6603
        6607
        6608
        6616
        6619
        6629
        6634
        6637
        6643
        6661
        6664
        6665
        6672
        6675
        6680
        6682
        6685
        6686
        6704
        6706
        6709
        6710
        6712
        6724
        6732
        6745
        6747
        6748
        6760
        6763
        6769
        6771
        6775
        6777
        6780
        6784
        6789
        6810
        6812
        6814
        6830
        6841
        6844
        6851
        6853
        6862
        6869
        6876
        6883
        6885
        6887
        6888
        6900
        6903
        6906
        6909
        6910
        6914
        6915
        6919
        6928
        6929
        6932
        6933
        6934
        6967
        6968
        6981
        6982
        6991
        7001
        7005
        7006
        7011
        7020
        7022
        7024
        7026
        7027
        7032
        7034
        7035
        7040
        7054
        7064
        7066
        7071
        7075
        7078
        7081
        7082
        7085
        7087
        7088
        7093
        7100
        7103
        7104
        7110
        7118
        7120
        7127
        7134
        7138
        7140
        7142
        7149
        7156
        7157
        7172
        7177
        7179
        7208
        7210
        7218
        7230
        7231
        7232
        7241
        7243
        7249
        7250
        7252
        7256
        7258
        7260
        7263
        7264
        7266
        7269
        7274
        7282
        7287
        7290
        7295
        7304
        7306
        7310
        7313
        7315
        7322
        7328
        7330
        7331
        7332
        7334
        7337
        7340
        7343
        7349
        7356
        7358
        7363
        7365
        7367
        7370
        7378
        7379
        7385
        7388
        7398
        7402
        7404
        7417
        7425
        7429
        7436
        7443
        7446
        7452
        7456
        7460
        7471
        7472
        7475
        7477
        7484
        7494
        7495
        7503
        7509
        7519
        7520
        7525
        7527
        7536
        7537
        7542
        7547
        7552
        7554
        7556
        7558
        7565
        7579
        7584
        7587
        7599
        7601
        7603
        7604
        7608
        7612
        7618
        7619
        7627
        7632
        7634
        7635
        7640
        7649
        7658
        7660
        7662
        7672
        7675
        7683
        7684
        7685
        7688
        7694
        7696
        7700
        7706
        7707
        7712
        7714
        7727
        7729
        7731
        7736
        7738
        7747
        7748
        7749
        7752
        7755
        7756
        7761
        7765
        7767
        7769
        7774
        7776
        7778
        7782
        7788
        7795
        7799
        7807
        7823
        7825
        7833
        7837
        7844
        7857
        7860
        7866
        7870
        7880
        7885
        7886
        7892
        7901
        7906
        7915
        7919
        7920
        7937
        7938
        7940
        7947
        7950
        7952
        7956
        7957
        7959
        7961
        7967
        7972
        7975
        7982
        7984
        7986
        7994
        8005
        8019
        8025
        8027
        8029
        8033
        8035
        8036
        8056
        8059
        8062
        8065
        8068
        8074
        8076
        8078
        8080
        8082
        8085
        8087
        8099
        8117
        8121
        8124
        8125
        8135
        8137
        8144
        8145
        8146
        8149
        8150
        8155
        8177
        8179
        8184
        8187
        8193
        8198
        8203
        8208
        8212
        8216
        8217
        8219
        8222
        8224
        8231
        8257
        8260
        8264
        8266
        8276
        8281
        8291
        8295
        8297
        8299
        8300
        8303
        8310
        8312
        8313
        8317
        8321
        8322
        8325
        8326
        8332
        8333
        8334
        8337
        8342
        8349
        8355
        8358
        8366
        8368
        8373
        8387
        8389
        8390
        8393
        8407
        8422
        8425
        8427
        8445
        8452
        8459
        8462
        8471
        8480
        8483
        8488
        8490
        8493
        8496
        8507
        8509
        8514
        8523
        8524
        8526
        8528
        8534
        8543
        8546
        8550
        8552
        8557
        8561
        8563
        8569
        8572
        8573
        8583
        8585
        8587
        8593
        8606
        8620
        8624
        8626
        8629
        8633
        8634
        8640
        8643
        8648
        8650
        8654
        8664
        8673
        8675
        8677
        8686
        8700
        8703
        8712
        8717
        8718
        8719
        8724
        8727
        8730
        8731
        8733
        8736
        8751
        8752
        8755
        8759
        8762
        8768
        8770
        8773
        8781
        8785
        8786
        8787
        8790
        8792
        8802
        8811
        8813
        8818
        8820
        8823
        8824
        8841
        8843
        8854
        8859
        8864
        8866
        8876
        8879
        8880
        8883
        8884
        8893
        8897
        8898
        8899
        8906
        8909
        8912
        8916
        8917
        8926
        8934
        8945
        8952
        8953
        8958
        8959
        8965
        8968
        8975
        8976
        8983
        8987
        8989
        8998
        9001
