        11
        12
        14
        22
        27
        31
        34
        36
        38
        43
        46
        47
        52
        55
        57
        61
        63
        67
        70
        76
        80
        81
        82
        83
        86
        87
        90
        95
        97
        100
        103
        110
        115
        123
        125
        126
        127
        128
        129
        132
        146
        148
        156
        158
        166
        169
        171
        176
        184
        186
        190
        192
        195
        198
        202
        205
        208
        213
        219
        222
        233
        234
        240
        250
        254
        255
        256
        258
        270
        277
        279
        290
        297
        303
        312
        313
        319
        343
        344
        348
        356
        358
        360
        362
        374
        378
        380
        384
        387
        396
        399
        404
        406
        416
        422
        428
        432
        444
        452
        454
        456
        462
        466
        470
        473
        476
        477
        492
        493
        494
        505
        509
        520
        521
        527
        533
        536
        553
        554
        557
        560
        563
        566
        570
        579
        582
        584
        587
        590
        600
        604
        607
        612
        613
        622
        634
        636
        641
        651
        666
        670
        675
        685
        687
        692
        694
        695
        707
        711
        713
        716
        719
        727
        736
        739
        755
        756
        758
        762
        768
        775
        776
        777
        782
        787
        794
        800
        802
        805
        807
        810
        814
        818
        821
        827
        832
        834
        836
        840
        842
        845
        848
        852
        856
        868
        872
        884
        887
        890
        891
        892
        898
        900
        905
        906
        908
        910
        914
        925
        930
        935
        939
        941
        951
        955
        963
        967
        978
        982
        983
        984
        988
        1003
        1007
        1009
        1011
        1013
        1015
        1018
        1023
        1026
        1030
        1036
        1044
        1047
        1052
        1054
        1056
        1058
        1060
        1067
        1071
        1085
        1112
        1128
        1130
        1131
        1134
        1139
        1141
        1149
        1153
        1159
        1160
        1161
        1170
        1177
        1187
        1198
        1207
        1209
        1217
        1228
        1231
        1234
        1242
        1244
        1245
        1247
        1257
        1260
        1265
        1269
        1287
        1301
        1307
        1310
        1313
        1322
        1329
        1337
        1341
        1344
        1352
        1357
        1363
        1366
        1370
        1385
        1388
        1398
        1402
        1406
        1410
        1421
        1427
        1429
        1431
        1432
        1441
        1444
        1448
        1452
        1454
        1460
        1461
        1462
        1475
        1476
        1477
        1479
        1481
        1483
        1486
        1498
        1502
        1509
        1513
        1518
        1532
        1538
        1540
        1543
        1555
        1558
        1564
        1568
        1569
        1572
        1575
        1577
        1582
        1584
        1593
        1594
        1597
        1604
        1609
        1614
        1618
        1634
        1635
        1664
        1690
        1691
        1692
        1697
        1699
        1700
        1704
        1720
        1723
        1728
        1729
        1732
        1733
        1746
        1749
        1757
        1762
        1768
        1769
        1771
        1774
        1780
        1781
        1784
        1785
        1790
        1793
        1798
        1801
        1805
        1807
        1811
        1820
        1823
        1837
        1843
        1847
        1853
        1866
        1868
        1869
        1872
        1880
        1886
        1888
        1890
        1895
        1905
        1906
        1913
        1936
        1939
        1944
        1945
        1947
        1949
        1953
        1954
        1957
        1963
        1965
        1968
        1985
        2011
        2013
        2016
        2020
        2022
        2027
        2029
        2036
        2039
        2047
        2056
        2060
        2067
        2088
        2093
        2094
        2097
        2100
        2108
        2120
        2127
        2131
        2135
        2136
        2141
        2143
        2147
        2151
        2152
        2155
        2162
        2166
        2172
        2177
        2191
        2193
        2196
        2198
        2204
        2205
        2209
        2215
        2218
        2223
        2227
        2229
        2230
        2242
        2246
        2250
        2258
        2266
        2277
        2279
        2291
        2293
        2299
        2300
        2306
        2308
        2313
        2325
        2342
        2346
        2349
        2351
        2354
        2358
        2364
        2370
        2378
        2380
        2383
        2387
        2389
        2391
        2392
        2393
        2402
        2405
        2416
        2424
        2427
        2430
        2432
        2433
        2435
        2437
        2442
        2444
        2447
        2448
        2460
        2474
        2475
        2477
        2481
        2484
        2487
        2488
        2489
        2491
        2494
        2498
        2499
        2500
        2505
        2507
        2510
        2522
        2533
        2536
        2547
        2552
        2567
        2575
        2578
        2579
        2581
        2585
        2587
        2589
        2607
        2609
        2612
        2615
        2623
        2625
        2627
        2634
        2636
        2644
        2653
        2658
        2661
        2664
        2665
        2685
        2705
        2712
        2735
        2737
        2742
        2747
        2748
        2751
        2754
        2756
        2758
        2759
        2761
        2762
        2769
        2775
        2777
        2784
        2790
        2793
        2800
        2802
        2803
        2818
        2821
        2823
        2830
        2835
        2844
        2850
        2858
        2868
        2869
        2870
        2879
        2881
        2890
        2891
        2896
        2898
        2903
        2909
        2924
        2927
        2931
        2935
        2937
        2940
        2947
        2949
        2951
        2960
        2961
        2967
        2972
        2974
        2976
        2984
        2993
        2996
        2998
        3000
        3003
        3005
        3016
        3020
        3021
        3022
        3030
        3035
        3049
        3053
        3062
        3066
        3067
        3073
        3075
        3080
        3088
        3095
        3103
        3107
        3112
        3117
        3118
        3120
        3136
        3147
        3152
        3159
        3163
        3165
        3172
        3180
        3184
        3185
        3190
        3195
        3201
        3206
        3208
        3210
        3214
        3219
        3220
        3242
        3250
        3255
        3270
        3271
        3277
        3287
        3298
        3307
        3308
        3309
        3312
        3320
        3351
        3353
        3359
        3375
        3380
        3403
        3411
        3417
        3419
        3435
        3441
        3447
        3450
        3454
        3459
        3460
        3466
        3475
        3477
        3493
        3498
        3505
        3508
        3524
        3525
        3543
        3545
        3560
        3585
        3586
        3588
        3593
        3597
        3610
        3622
        3638
        3642
        3644
        3656
        3671
        3672
        3695
        3701
        3702
        3713
        3718
        3723
        3739
        3741
        3747
        3757
        3758
        3763
        3772
        3778
        3779
        3785
        3792
        3799
        3801
        3804
        3807
        3808
        3809
        3810
        3811
        3815
        3827
        3829
        3835
        3839
        3841
        3842
        3858
        3862
        3876
        3891
        3898
        3902
        3905
        3909
        3915
        3928
        3935
        3944
        3946
        3968
        3979
        3984
        3986
        3995
        3997
        4002
        4005
        4011
        4012
        4021
        4023
        4027
        4033
        4036
        4039
        4053
        4062
        4070
        4074
        4080
        4090
        4095
        4112
        4117
        4121
        4124
        4125
        4130
        4135
        4140
        4141
        4142
        4144
        4147
        4160
        4162
        4164
        4168
        4169
        4171
        4173
        4179
        4187
        4190
        4192
        4195
        4197
        4199
        4200
        4204
        4206
        4208
        4210
        4222
        4225
        4230
        4231
        4241
        4249
        4251
        4256
        4262
        4273
        4279
        4283
        4284
        4287
        4292
        4293
        4294
        4295
        4298
        4300
        4304
        4305
        4323
        4327
        4329
        4331
        4332
        4338
        4344
        4350
        4356
        4370
        4371
        4393
        4395
        4405
        4409
        4410
        4416
        4418
        4425
        4427
        4434
        4440
        4442
        4444
        4451
        4454
        4456
        4466
        4471
        4477
        4479
        4486
        4490
        4495
        4497
        4503
        4512
        4528
        4529
        4537
        4542
        4545
        4546
        4547
        4564
        4568
        4575
        4577
        4582
        4585
        4604
        4608
        4610
        4620
        4621
        4627
        4640
        4651
        4658
        4662
        4666
        4667
        4668
        4672
        4685
        4710
        4719
        4726
        4735
        4741
        4743
        4745
        4746
        4747
        4748
        4751
        4756
        4768
        4773
        4778
        4779
        4787
        4790
        4801
        4815
        4826
        4827
        4830
        4831
        4845
        4890
        4894
        4901
        4909
        4921
        4925
        4928
        4929
        4943
        4944
        4955
        4957
        4959
        4961
        4963
        4972
        4978
        4980
        4984
        4986
        4987
        4991
        5016
        5019
        5026
        5036
        5041
        5044
        5048
        5051
        5053
        5059
        5075
        5080
        5086
        5091
        5097
        5098
        5099
        5106
        5108
        5113
        5114
        5119
        5129
        5131
        5133
        5137
        5143
        5154
        5168
        5173
        5175
        5177
        5185
        5198
        5202
        5203
        5210
        5213
        5214
        5215
        5222
        5224
        5225
        5226
        5237
        5260
        5274
        5280
        5285
        5289
        5298
        5306
        5310
        5313
        5321
        5322
        5327
        5337
        5339
        5342
        5343
        5346
        5348
        5351
        5367
        5371
        5396
        5407
        5410
        5412
        5417
        5424
        5427
        5428
        5429
        5431
        5457
        5463
        5471
        5473
        5485
        5494
        5497
        5506
        5507
        5509
        5530
        5534
        5547
        5550
        5558
        5562
        5563
        5567
        5568
        5571
        5578
        5582
        5587
        5591
        5593
        5605
        5618
        5622
        5623
        5627
        5628
        5631
        5633
        5634
        5639
        5644
        5650
        5665
        5668
        5670
        5683
        5691
        5699
        5702
        5704
        5713
        5716
        5717
        5718
        5725
        5726
        5728
        5733
        5743
        5757
        5759
        5761
        5768
        5780
        5789
        5804
        5808
        5816
        5823
        5825
        5832
        5835
        5847
        5867
        5868
        5870
        5882
        5889
        5893
        5909
        5911
        5916
        5918
        5921
        5922
        5925
        5927
        5931
        5932
        5933
        5953
        5955
        5976
        5977
        5979
        5981
        5984
        6005
        6008
        6009
        6012
        6015
        6020
        6024
        6030
        6036
        6037
        6057
        6060
        6061
        6062
        6064
        6066
        6068
        6070
        6074
        6095
        6098
        6103
        6105
        6108
        6113
        6118
        6132
        6134
        6136
        6142
        6148
        6152
        6153
        6158
        6165
        6173
        6175
        6185
        6190
        6194
        6196
        6208
        6209
        6213
        6215
        6218
        6219
        6221
        6225
        6231
        6242
        6252
        6258
        6273
        6275
        6288
        6290
        6306
        6311
        6329
        6330
        6336
        6338
        6341
        6345
        6347
        6361
        6364
        6368
        6375
        6378
        6379
        6381
        6383
        6385
        6391
        6398
        6403
        6413
        6418
        6439
        6443
        6457
        6465
        6467
        6479
        6484
        6488
        6489
        6491
        6493
        6500
        6505
        6508
        6515
        6517
        6536
        6547
        6548
        6555
        6559
        6569
        6575
        6578
        6581
        6583
        6586
        6590
        6592
        6607
        6619
        6627
        6637
        6661
        6663
        6667
        6674
        6686
        6690
        6715
        6739
        6746
        6776
        6777
        6780
        6800
        6809
        6822
        6830
        6841
        6847
        6855
        6885
        6889
        6894
        6897
        6899
        6971
        6974
        6981
        7008
        7021
        7022
        7048
        7052
        7055
        7057
        7062
        7070
        7084
        7086
        7106
        7109
        7111
        7114
        7119
        7120
        7128
        7148
        7153
        7161
        7172
        7180
        7186
        7204
        7230
        7234
        7274
        7286
        7289
        7293
        7298
        7299
        7332
        7338
        7342
        7353
        7376
        7396
        7399
        7418
        7423
        7431
        7432
        7433
        7435
        7438
        7439
        7441
        7442
        7443
        7445
        7446
        7448
        7449
        7451
        7452
        7454
        7457
        7459
        7461
        7463
        7467
        7469
        7470
        7471
        7473
        7474
        7475
        7479
        7480
        7482
        7484
        7487
        7489
        7491
        7493
        7498
        7499
        7504
        7506
        7510
        7512
        7514
        7517
        7519
        7527
        7529
        7533
        7535
        7537
        7540
        7545
        7547
        7549
        7552
        7554
        7556
        7558
        7559
        7564
        7568
        7575
        7577
        7581
        7585
        7586
        7592
        7594
        7597
        7599
        7601
        7604
        7610
        7612
        7613
        7617
        7619
        7620
        7628
        7631
        7633
        7635
        7636
        7637
        7639
        7641
        7645
        7647
        7651
        7653
        7656
        7657
        7660
        7662
        7667
        7669
        7671
        7673
        7676
        7677
        7682
        7684
        7685
        7687
        7697
        7700
        7702
        7707
        7708
        7714
        7723
        7724
        7726
        7730
        7731
        7732
        7736
        7738
        7744
        7757
        7760
        7763
        7767
        7768
        7771
        7773
        7776
        7777
        7779
        7783
        7785
        7788
        7790
        7791
        7798
        7799
        7800
        7803
        7806
        7808
        7812
        7816
        7818
        7821
        7829
        7832
        7838
        7840
        7845
        7851
        7860
        7862
        7866
        7870
        7872
        7874
        7879
        7882
        7884
        7886
        7887
        7888
        7889
        7891
        7894
        7897
        7899
        7903
        7909
        7911
        7917
        7920
        7923
        7926
        7930
        7933
        7935
        7937
        7939
        7949
        7952
        7955
        7956
        7961
        7964
        7966
        7967
        7981
        7995
        7997
        7999
        8003
        8006
        8013
        8015
        8019
        8023
        8025
        8027
        8029
        8031
        8037
        8039
        8040
        8046
        8047
        8048
        8053
        8055
        8061
        8065
        8069
        8075
        8077
        8079
        8082
        8083
        8087
        8094
        8096
        8098
        8100
        8105
        8113
        8114
        8120
        8124
        8125
        8126
        8128
        8130
        8131
        8133
        8134
        8136
        8139
        8140
        8143
        8147
        8149
        8152
        8154
        8161
        8166
        8169
        8173
        8175
        8179
        8188
        8194
        8196
        8201
        8203
        8206
        8210
        8211
        8213
        8217
        8221
        8228
        8229
        8235
        8241
        8243
        8248
        8252
        8259
        8277
        8282
        8284
        8285
        8287
        8288
        8292
        8294
        8298
        8303
        8307
        8309
        8315
        8323
        8324
        8325
        8328
        8331
        8333
        8334
        8337
        8340
        8342
        8345
        8349
        8353
        8354
        8355
        8358
        8359
        8362
        8365
        8369
        8371
        8377
        8383
        8399
        8405
        8407
        8416
        8418
        8421
        8422
        8434
        8435
        8436
        8439
        8442
        8451
        8452
        8453
        8466
        8475
        8477
        8479
        8480
        8486
        8488
        8489
        8493
        8503
        8508
        8509
        8514
        8519
        8529
        8535
        8537
        8540
        8556
        8578
        8586
        8588
        8590
        8591
        8593
        8595
        8598
        8603
        8604
        8609
        8613
        8618
        8619
        8624
        8630
        8633
        8641
        8647
        8663
        8672
        8690
        8691
        8693
        8694
        8703
        8706
        8707
        8713
        8715
        8716
        8724
        8727
        8729
        8731
        8737
        8739
        8741
        8746
        8751
        8756
        8759
        8761
        8764
        8767
        8771
        8772
        8780
        8792
        8794
        8797
        8800
        8802
        8803
        8804
        8813
        8818
        8821
        8824
        8825
        8827
        8828
        8830
        8832
        8834
        8835
        8839
        8841
        8844
        8845
        8846
        8848
        8849
        8854
        8856
        8857
        8858
        8859
        8862
        8866
        8873
        8876
        8878
        8885
        8886
        8889
        8891
        8892
        8894
        8899
        8902
        8903
        8907
        8914
        8917
        8920
        8922
        8925
        8927
        8929
        8935
        8939
        8940
        8946
        8950
        8952
        8955
        8961
        8965
        8967
        8968
        8975
        8980
        8985
        8987
        8989
        8990
