        2
        4
        6
        10
        11
        13
        15
        17
        21
        179
        180
        181
        195
        197
        198
        200
        202
        205
        207
        210
        236
        241
        243
        335
        337
        405
        407
        451
        504
        517
        526
        536
        538
        542
        547
        548
        549
        551
        558
        564
        566
        569
        574
        575
        577
        579
        580
        582
        583
        584
        585
        587
        589
        590
        592
        598
        602
        605
        608
        610
        612
        614
        623
        624
        630
        633
        639
        652
        653
        654
        660
        667
        681
        682
        688
        690
        691
        693
        696
        699
        701
        707
        710
        715
        722
        724
        731
        732
        738
        750
        752
        759
        762
        763
        765
        766
        768
        771
        773
        774
        775
        781
        783
        784
        791
        792
        794
        797
        802
        811
        813
        815
        818
        823
        827
        828
        832
        837
        841
        845
        853
        857
        859
        869
        875
        876
        877
        880
        885
        890
        895
        896
        901
        905
        907
        909
        913
        914
        915
        919
        925
        929
        932
        933
        934
        939
        950
        951
        952
        958
        959
        961
        963
        966
        972
        980
        984
        987
        988
        993
        995
        1000
        1004
        1005
        1012
        1017
        1029
        1040
        1044
        1046
        1051
        1053
        1058
        1060
        1063
        1068
        1081
        1091
        1098
        1100
        1103
        1114
        1120
        1121
        1124
        1129
        1136
        1140
        1141
        1144
        1149
        1165
        1168
        1171
        1172
        1186
        1187
        1192
        1195
        1200
        1203
        1205
        1211
        1213
        1220
        1224
        1226
        1232
        1234
        1238
        1242
        1245
        1252
        1254
        1256
        1260
        1262
        1265
        1267
        1271
        1275
        1278
        1285
        1287
        1294
        1308
        1320
        1327
        1331
        1332
        1340
        1342
        1344
        1345
        1356
        1361
        1363
        1368
        1371
        1376
        1381
        1383
        1387
        1389
        1392
        1402
        1405
        1406
        1408
        1409
        1411
        1418
        1423
        1427
        1436
        1442
        1444
        1449
        1452
        1453
        1455
        1457
        1468
        1470
        1473
        1477
        1486
        1497
        1502
        1504
        1506
        1518
        1520
        1522
        1531
        1534
        1537
        1539
        1553
        1556
        1557
        1562
        1565
        1573
        1577
        1582
        1588
        1593
        1600
        1605
        1608
        1611
        1616
        1619
        1622
        1626
        1630
        1631
        1636
        1638
        1639
        1641
        1644
        1646
        1648
        1655
        1658
        1660
        1668
        1669
        1671
        1676
        1679
        1690
        1698
        1704
        1711
        1714
        1717
        1721
        1731
        1734
        1739
        1744
        1746
        1751
        1761
        1766
        1768
        1771
        1772
        1774
        1777
        1780
        1786
        1789
        1791
        1798
        1814
        1816
        1817
        1818
        1825
        1826
        1827
        1835
        1836
        1839
        1843
        1846
        1847
        1852
        1859
        1860
        1867
        1869
        1871
        1876
        1881
        1887
        1889
        1899
        1906
        1918
        1921
        1923
        1937
        1940
        1943
        1949
        1950
        1951
        1954
        1956
        1961
        1965
        1968
        1978
        1991
        1992
        1996
        1998
        2001
        2005
        2011
        2014
        2018
        2030
        2031
        2048
        2049
        2053
        2055
        2062
        2065
        2066
        2069
        2084
        2087
        2089
        2093
        2096
        2102
        2107
        2111
        2117
        2118
        2120
        2132
        2133
        2135
        2140
        2142
        2143
        2146
        2149
        2151
        2152
        2154
        2155
        2162
        2164
        2167
        2169
        2178
        2184
        2196
        2200
        2205
        2207
        2208
        2209
        2213
        2215
        2223
        2225
        2228
        2240
        2246
        2247
        2248
        2252
        2254
        2256
        2258
        2266
        2269
        2273
        2275
        2287
        2291
        2292
        2299
        2302
        2303
        2304
        2305
        2312
        2314
        2318
        2324
        2326
        2330
        2333
        2334
        2336
        2338
        2348
        2356
        2361
        2362
        2363
        2376
        2379
        2385
        2387
        2389
        2401
        2402
        2405
        2408
        2412
        2418
        2421
        2423
        2425
        2429
        2438
        2440
        2443
        2450
        2451
        2454
        2460
        2461
        2465
        2467
        2471
        2479
        2480
        2484
        2494
        2497
        2498
        2505
        2507
        2510
        2512
        2514
        2527
        2539
        2546
        2549
        2559
        2562
        2566
        2568
        2573
        2578
        2580
        2585
        2588
        2589
        2592
        2606
        2608
        2612
        2620
        2624
        2625
        2627
        2628
        2629
        2630
        2631
        2634
        2642
        2643
        2655
        2657
        2668
        2671
        2675
        2677
        2680
        2681
        2682
        2687
        2689
        2692
        2694
        2696
        2704
        2709
        2714
        2724
        2727
        2729
        2734
        2743
        2748
        2756
        2757
        2760
        2761
        2765
        2767
        2771
        2773
        2775
        2776
        2780
        2786
        2793
        2795
        2807
        2808
        2812
        2819
        2826
        2827
        2830
        2831
        2833
        2835
        2837
        2838
        2840
        2842
        2845
        2846
        2849
        2854
        2857
        2863
        2866
        2869
        2875
        2879
        2882
        2889
        2891
        2898
        2928
        2933
        2937
        2941
        2943
        2945
        2947
        2957
        2960
        2964
        2969
        2975
        2980
        2986
        2994
        2996
        3000
        3005
        3012
        3014
        3016
        3022
        3025
        3027
        3037
        3047
        3049
        3061
        3066
        3070
        3071
        3076
        3088
        3093
        3100
        3102
        3107
        3109
        3110
        3112
        3113
        3115
        3125
        3127
        3130
        3134
        3136
        3146
        3148
        3157
        3161
        3167
        3173
        3176
        3178
        3182
        3201
        3203
        3204
        3209
        3218
        3221
        3227
        3235
        3247
        3248
        3251
        3252
        3253
        3258
        3264
        3266
        3272
        3273
        3274
        3278
        3281
        3283
        3287
        3296
        3303
        3304
        3309
        3314
        3324
        3326
        3329
        3342
        3344
        3352
        3355
        3360
        3364
        3373
        3376
        3392
        3400
        3407
        3418
        3422
        3424
        3428
        3440
        3451
        3456
        3461
        3463
        3464
        3466
        3467
        3472
        3477
        3483
        3485
        3488
        3495
        3498
        3506
        3513
        3525
        3528
        3537
        3539
        3540
        3546
        3555
        3561
        3563
        3570
        3573
        3577
        3583
        3593
        3595
        3597
        3599
        3605
        3607
        3611
        3613
        3616
        3622
        3630
        3632
        3634
        3638
        3640
        3646
        3651
        3657
        3660
        3662
        3664
        3676
        3679
        3681
        3684
        3690
        3700
        3702
        3703
        3705
        3709
        3715
        3721
        3724
        3727
        3730
        3733
        3735
        3737
        3739
        3743
        3746
        3757
        3758
        3759
        3762
        3769
        3772
        3776
        3779
        3780
        3784
        3787
        3789
        3796
        3797
        3798
        3800
        3801
        3803
        3805
        3812
        3817
        3818
        3820
        3843
        3845
        3847
        3851
        3854
        3864
        3874
        3877
        3878
        3883
        3892
        3907
        3908
        3914
        3918
        3919
        3922
        3924
        3936
        3939
        3940
        3942
        3944
        3951
        3955
        3957
        3962
        3974
        3980
        3999
        4001
        4004
        4010
        4014
        4030
        4037
        4046
        4047
        4049
        4052
        4059
        4062
        4064
        4069
        4071
        4081
        4082
        4089
        4091
        4095
        4097
        4105
        4107
        4111
        4118
        4119
        4122
        4137
        4138
        4151
        4160
        4167
        4171
        4176
        4181
        4182
        4188
        4193
        4196
        4198
        4200
        4202
        4216
        4222
        4225
        4227
        4228
        4230
        4240
        4244
        4251
        4253
        4255
        4256
        4273
        4275
        4279
        4280
        4286
        4290
        4292
        4294
        4296
        4299
        4300
        4305
        4307
        4308
        4314
        4317
        4323
        4325
        4327
        4328
        4330
        4334
        4336
        4338
        4339
        4343
        4345
        4346
        4364
        4367
        4377
        4379
        4383
        4389
        4397
        4400
        4407
        4410
        4413
        4415
        4422
        4426
        4429
        4432
        4434
        4435
        4439
        4443
        4454
        4459
        4464
        4468
        4471
        4472
        4474
        4480
        4481
        4487
        4495
        4497
        4505
        4510
        4512
        4522
        4525
        4542
        4549
        4559
        4560
        4565
        4567
        4568
        4575
        4576
        4582
        4584
        4590
        4596
        4598
        4600
        4606
        4608
        4610
        4614
        4616
        4621
        4627
        4628
        4631
        4634
        4637
        4639
        4642
        4654
        4656
        4658
        4661
        4664
        4668
        4675
        4677
        4680
        4690
        4691
        4692
        4696
        4698
        4705
        4710
        4711
        4713
        4719
        4721
        4725
        4727
        4738
        4740
        4745
        4751
        4759
        4765
        4768
        4773
        4777
        4782
        4787
        4790
        4792
        4794
        4796
        4799
        4804
        4810
        4825
        4831
        4834
        4836
        4838
        4845
        4847
        4852
        4853
        4857
        4862
        4864
        4867
        4881
        4894
        4895
        4901
        4905
        4910
        4911
        4917
        4925
        4933
        4935
        4938
        4940
        4957
        4959
        4965
        4972
        4974
        4975
        4977
        4980
        4988
        4991
        5001
        5003
        5010
        5017
        5022
        5023
        5025
        5029
        5032
        5036
        5037
        5038
        5039
        5048
        5053
        5054
        5062
        5065
        5067
        5069
        5071
        5084
        5086
        5088
        5090
        5093
        5096
        5097
        5100
        5112
        5119
        5121
        5125
        5131
        5138
        5141
        5142
        5144
        5149
        5150
        5151
        5152
        5154
        5155
        5157
        5163
        5166
        5172
        5174
        5180
        5182
        5188
        5189
        5198
        5208
        5212
        5213
        5217
        5223
        5224
        5226
        5228
        5243
        5249
        5251
        5264
        5274
        5281
        5283
        5286
        5288
        5290
        5293
        5294
        5295
        5303
        5306
        5308
        5309
        5320
        5325
        5327
        5342
        5347
        5349
        5351
        5352
        5354
        5357
        5358
        5360
        5362
        5369
        5370
        5374
        5380
        5382
        5385
        5389
        5391
        5393
        5400
        5402
        5405
        5406
        5407
        5413
        5414
        5428
        5436
        5452
        5462
        5466
        5470
        5472
        5483
        5487
        5490
        5496
        5500
        5505
        5920
        5984
        5986
        5991
        5993
        6000
        6001
        6003
        6005
        6006
        6008
        6009
        6020
        6023
        6025
        6028
        6035
        6038
        6049
        6059
        6061
        6062
        6067
        6069
        6076
        6077
        6082
        6083
        6085
        6088
        6089
        6090
        6097
        6100
        6102
        6104
        6105
        6106
        6110
        6115
        6118
        6121
        6125
        6132
        6133
        6134
        6142
        6147
        6155
        6159
        6161
        6165
        6170
        6177
        6186
        6192
        6194
        6197
        6200
        6202
        6212
        6223
        6232
        6233
        6237
        6238
        6247
        6251
        6254
        6259
        6261
        6262
        6266
        6267
        6269
        6279
        6285
        6295
        6299
        6301
        6303
        6305
        6312
        6327
        6335
        6340
        6346
        6353
        6355
        6359
        6362
        6378
        6382
        6392
        6394
        6408
        6432
        6435
        6444
        6445
        6447
        6448
        6450
        6454
        6456
        6465
        6468
        6477
        6487
        6490
        6494
        6497
        6498
        6500
        6501
        6504
        6509
        6510
        6511
        6514
        6518
        6521
        6523
        6527
        6532
        6535
        6538
        6540
        6542
        6546
        6549
        6555
        6559
        6560
        6561
        6562
        6572
        6576
        6580
        6598
        6602
        6604
        6606
        6608
        6610
        6612
        6615
        6625
        6632
        6636
        6639
        6646
        6650
        6651
        6655
        6657
        6661
        6666
        6668
        6689
        6695
        6697
        6700
        6704
        6706
        6707
        6715
        6718
        6721
        6723
        6726
        6727
        6728
        6729
        6738
        6745
        6746
        6749
        6752
        6754
        6757
        6759
        6760
        6767
        6770
        6774
        6775
        6781
        6786
        6800
        6808
        6813
        6816
        6820
        6823
        6824
        6830
        6832
        6833
        6840
        6841
        6843
        6849
        6853
        6856
        6862
        6863
        6866
        6868
        6873
        6875
        6881
        6885
        6889
        6894
        6895
        6897
        6899
        6902
        6904
        6908
        6915
        6925
        6926
        6931
        6936
        6939
        6948
        6950
        6951
        6969
        6971
        6976
        6978
        6982
        6986
        6993
        6994
        6997
        6998
        6999
        7003
        7004
        7008
        7016
        7019
        7024
        7027
        7035
        7040
        7064
        7068
        7069
        7074
        7077
        7080
        7086
        7088
        7092
        7106
        7113
        7116
        7118
        7128
        7130
        7132
        7143
        7155
        7157
        7160
        7163
        7174
        7176
        7183
        7186
        7203
        7208
        7213
        7217
        7220
        7222
        7229
        7231
        7235
        7236
        7238
        7248
        7251
        7252
        7256
        7258
        7262
        7268
        7269
        7272
        7273
        7274
        7276
        7277
        7280
        7290
        7294
        7311
        7314
        7335
        7338
        7354
        7366
        7367
        7369
        7373
        7374
        7376
        7380
        7381
        7386
        7391
        7396
        7402
        7404
        7406
        7411
        7419
        7422
        7425
        7433
        7447
        7448
        7453
        7457
        7458
        7462
        7465
        7466
        7468
        7470
        7474
        7477
        7479
        7490
        7493
        7503
        7510
        7523
        7549
        7551
        7553
        7561
        7566
        7568
        7569
        7574
        7575
        7577
        7579
        7583
        7588
        7598
        7602
        7603
        7606
        7607
        7618
        7619
        7622
        7624
        7626
        7628
        7629
        7630
        7636
        7637
        7652
        7654
        7661
        7663
        7668
        7670
        7674
        7695
        7696
        7697
        7700
        7701
        7709
        7720
        7722
        7728
        7732
        7744
        7746
        7752
        7755
        7757
        7762
        7764
        7765
        7772
        7782
        7783
        7785
        7787
        7790
        7794
        7797
        7805
        7808
        7810
        7812
        7828
        7831
        7832
        7833
        7837
        7839
        7842
        7844
        7854
        7862
        7869
        7871
        7873
        7876
        7878
        7881
        7882
        7885
        7888
        7896
        7899
        7901
        7908
        7918
        7920
        7924
        7926
        7928
        7937
        7938
        7946
        7950
        7953
        7961
        7965
        7968
        7971
        7972
        7973
        7974
        7978
        7981
        7987
        7992
        7994
        7999
        8001
        8013
        8023
        8027
        8029
        8034
        8037
        8039
        8043
        8046
        8047
        8050
        8054
        8058
        8059
        8062
        8063
        8066
        8070
        8075
        8085
        8087
        8094
        8096
        8099
        8104
        8106
        8112
        8119
        8123
        8126
        8130
        8135
        8139
        8145
        8146
        8152
        8162
        8165
        8166
        8169
        8177
        8180
        8187
        8192
        8197
        8203
        8209
        8210
        8215
        8217
        8219
        8220
        8223
        8233
        8236
        8237
        8239
        8243
        8267
        8271
        8273
        8274
        8279
        8282
        8283
        8288
        8293
        8298
        8303
        8305
        8311
        8313
        8320
        8323
        8324
        8327
        8489
        8543
        8594
        8669
        8833
        8841
        8842
        8844
        8847
        8848
        8849
        8850
        8851
        8852
        8853
        8854
        8855
        8856
        8860
        8861
        8862
        8863
        8867
        8875
        8876
        8877
        8878
        8879
        8882
        8888
        8890
        8891
        8903
        8905
        8907
        8909
        8912
        8917
        8920
        8925
        8927
        8932
        8935
        8937
        8939
        8941
        8943
        8948
        8955
        8968
        8971
        8973
        8980
        8986
        8988
        8991
