        12
        31
        35
        39
        54
        55
        62
        101
        103
        124
        144
        192
        199
        204
        207
        214
        249
        292
        323
        327
        341
        360
        362
        376
        390
        395
        417
        418
        472
        475
        494
        498
        509
        566
        582
        638
        652
        661
        673
        674
        758
        784
        799
        853
        863
        878
        916
        919
        930
        952
        961
        1015
        1024
        1063
        1080
        1084
        1088
        1104
        1152
        1228
        1252
        1259
        1295
        1331
        1364
        1396
        1422
        1448
        1455
        1456
        1476
        1608
        1645
        1673
        1682
        1690
        1699
        1705
        1715
        1726
        1731
        1792
        1802
        1811
        1828
        1831
        1891
        1936
        1957
        1963
        2043
        2090
        2092
        2093
        2118
        2139
        2164
        2199
        2209
        2245
        2292
        2298
        2328
        2330
        2393
        2424
        2443
        2464
        2538
        2615
        2633
        2643
        2662
        2666
        2676
        2763
        2767
        2779
        2821
        2833
        2844
        2847
        2861
        2867
        2871
        2874
        2879
        2977
        2988
        2993
        3003
        3012
        3028
        3051
        3053
        3056
        3070
        3086
        3110
        3112
        3119
        3132
        3135
        3152
        3158
        3187
        3230
        3244
        3260
        3263
        3265
        3290
        3296
        3301
        3306
        3324
        3344
        3369
        3374
        3375
        3396
        3412
        3439
        3444
        3448
        3451
        3456
        3464
        3467
        3481
        3489
        3509
        3553
        3574
        3681
        3695
        3735
        3757
        3813
        3830
        3845
        3946
        4348
        4375
        4386
        4397
        4411
        4417
        4454
        4501
        4516
        4525
        4540
        4549
        4591
        4663
        4687
        4702
        4714
        4716
        4725
        4729
        4742
        4759
        4765
        4771
        4779
        4788
        4872
        4874
        4875
        4885
        4902
        4910
        4940
        4963
        5003
        5005
        5084
        5125
        5136
        5147
        5152
        5168
        5171
        5174
        5182
        5216
        5272
        5299
        5305
        5328
        5336
        5368
        5372
        5376
        5382
        5388
        5390
        5397
        5430
        5448
        5450
        5469
        5503
        5526
        5546
        5560
        5578
        5581
        5592
        5634
        5642
        5649
        5652
        5690
        5706
        5709
        5740
        5754
        5779
        5801
        5822
        5829
        5840
        5848
        5876
        5914
        5921
        5932
        5947
        5961
        5971
        5976
        5986
        5999
        6021
        6040
        6052
        6053
        6067
        6086
        6096
        6098
        6138
        6172
        6174
        6177
        6182
        6205
        6208
        6225
        6227
        6261
        6269
        6294
        6308
        6349
        6361
        6371
        6376
        6383
        6427
        6428
        6440
        6450
        6456
        6480
        6504
        6507
        6541
        6560
        6605
        6608
        6622
        6623
        6632
        6638
        6651
        6660
        6701
        6703
        6713
        6718
        6756
        6763
        6769
        6786
        6794
        6809
        6812
        6822
        6825
        6826
        6831
        6843
        6846
        6853
        6866
        6893
        6913
        6924
        6932
        6938
        6975
        6977
        6986
        7002
        7006
        7021
        7026
        7051
        7074
        7115
        7149
        7246
        7285
        7290
        7325
        7335
        7343
        7359
        7362
        7379
        7383
        7404
        7420
        7433
        7453
        7463
        7472
        7486
        7510
        7514
        7535
        7587
        7617
        7641
        7663
        7675
        7686
        7711
        7716
        7718
        7720
        7726
        7737
        7739
        7752
        7754
        7799
        7804
        7815
        7822
        7834
        7877
        7886
        7893
        7903
        7913
        7929
        7959
        7965
        7970
        7980
        7996
        8000
        8007
        8040
        8043
        8049
        8065
        8074
        8081
        8104
        8108
        8123
        8158
        8164
        8172
        8194
        8211
        8217
        8219
        8223
        8248
        8252
        8253
        8258
        8260
        8266
        8269
        8286
        8288
        8296
        8299
        8305
        8315
        8337
        8362
        8369
        8391
        8397
        8421
        8423
        8451
        8455
        8467
        8478
        8490
        8495
        8502
        8509
        8513
        8515
        8523
        8531
        8532
        8542
        8550
        8555
        8557
        8558
        8559
        8562
        8564
        8565
        8566
        8571
        8575
        8577
        8578
        8580
        8581
        8593
        8596
        8597
        8598
        8599
        8601
        8604
        8605
        8608
        8611
        8612
        8613
        8615
        8622
        8624
        8638
        8646
        8650
        8654
        8656
        8658
        8662
        8668
        8669
        8675
        8678
        8681
        8683
        8684
        8688
        8690
        8692
        8693
        8695
        8699
        8708
        8710
        8712
        8713
        8715
        8716
        8717
        8718
        8721
        8725
        8731
        8732
        8734
        8737
        8739
        8742
        8745
        8748
        8752
        8756
        8761
        8763
        8766
        8770
        8772
        8773
        8774
        8775
        8779
        8783
        8789
        8791
        8792
        8795
        8799
        8812
        8813
        8816
        8817
        8818
        8822
        8824
        8834
        8835
        8840
        8847
        8856
        8865
        8868
        8870
        8876
        8878
        8879
        8883
        8888
        8891
        8899
        8907
        8909
        8910
        8911
        8915
        8916
        8923
        8929
        8935
        8936
        8939
        8943
        8944
        8947
        8948
        8951
        8955
        8960
        8961
        8962
        8965
        8974
        8979
        8981
        8983
        8984
        8992
        8996
