        9
        43
        46
        69
        89
        93
        130
        168
        214
        275
        283
        287
        309
        335
        347
        353
        354
        401
        455
        458
        527
        539
        550
        558
        566
        577
        596
        609
        611
        616
        619
        628
        638
        643
        659
        661
        690
        699
        701
        720
        723
        730
        767
        778
        794
        797
        799
        849
        871
        880
        899
        903
        924
        929
        940
        944
        945
        957
        992
        994
        1041
        1063
        1065
        1068
        1070
        1077
        1081
        1086
        1092
        1102
        1138
        1140
        1152
        1170
        1175
        1191
        1199
        1212
        1226
        1240
        1244
        1246
        1252
        1255
        1266
        1308
        1310
        1311
        1315
        1319
        1338
        1353
        1361
        1370
        1379
        1381
        1399
        1406
        1418
        1425
        1434
        1456
        1457
        1460
        1461
        1463
        1473
        1479
        1486
        1487
        1490
        1492
        1494
        1497
        1502
        1506
        1508
        1518
        1522
        1524
        1529
        1532
        1534
        1537
        1542
        1550
        1551
        1552
        1553
        1558
        1561
        1563
        1564
        1569
        1575
        1577
        1582
        1583
        1585
        1586
        1591
        1602
        1609
        1611
        1614
        1626
        1642
        1647
        1653
        1661
        1663
        1664
        1665
        1679
        1688
        1689
        1693
        1715
        1730
        1741
        1743
        1746
        1757
        1760
        1773
        1776
        1778
        1783
        1788
        1793
        1796
        1799
        1809
        1815
        1825
        1828
        1830
        1837
        1850
        1860
        1871
        1873
        1874
        1880
        1892
        1896
        1898
        1901
        1912
        1933
        1941
        1944
        1947
        1955
        1983
        2009
        2048
        2062
        2077
        2080
        2094
        2111
        2170
        2176
        2180
        2186
        2190
        2215
        2218
        2240
        2248
        2252
        2261
        2284
        2314
        2353
        2356
        2404
        2416
        2417
        2437
        2454
        2521
        2528
        2529
        2549
        2559
        2571
        2577
        2600
        2635
        2667
        2669
        2684
        2707
        2726
        2740
        2754
        2793
        2794
        2797
        2800
        2809
        2811
        2812
        2830
        2838
        2859
        2861
        2862
        2880
        2891
        2898
        2913
        2921
        2923
        2924
        2938
        2945
        2953
        2956
        2962
        2963
        2975
        2978
        2980
        2993
        2998
        3006
        3011
        3012
        3022
        3025
        3041
        3045
        3047
        3053
        3058
        3069
        3087
        3088
        3089
        3113
        3115
        3121
        3125
        3133
        3140
        3151
        3160
        3165
        3179
        3182
        3184
        3188
        3194
        3197
        3204
        3213
        3219
        3223
        3229
        3236
        3237
        3241
        3243
        3244
        3248
        3250
        3251
        3254
        3256
        3261
        3264
        3267
        3300
        3301
        3319
        3324
        3347
        3352
        3355
        3361
        3366
        3370
        3371
        3382
        3384
        3385
        3390
        3399
        3408
        3416
        3422
        3435
        3444
        3448
        3470
        3473
        3479
        3482
        3493
        3496
        3498
        3514
        3518
        3525
        3530
        3533
        3538
        3544
        3552
        3558
        3564
        3565
        3570
        3572
        3577
        3578
        3583
        3657
        3665
        3666
        3668
        3679
        3682
        3686
        3693
        3705
        3718
        3746
        3749
        3762
        3773
        3790
        3791
        3796
        3808
        3811
        3814
        3816
        3819
        3844
        3852
        3886
        3891
        3905
        3907
        3919
        3931
        3939
        3958
        3961
        3981
        3992
        4011
        4013
        4019
        4038
        4043
        4049
        4054
        4067
        4069
        4072
        4073
        4082
        4086
        4089
        4100
        4102
        4127
        4142
        4172
        4175
        4179
        4180
        4187
        4199
        4214
        4216
        4220
        4229
        4232
        4236
        4244
        4251
        4258
        4260
        4269
        4281
        4286
        4319
        4330
        4345
        4353
        4354
        4368
        4382
        4386
        4390
        4411
        4436
        4438
        4454
        4461
        4473
        4481
        4486
        4499
        4511
        4578
        4592
        4598
        4601
        4622
        4629
        4630
        4643
        4681
        4685
        4692
        4698
        4705
        4707
        4729
        4749
        4761
        4772
        4779
        4780
        4790
        4796
        4806
        4821
        4841
        4872
        4905
        4917
        4936
        4977
        5016
        5017
        5035
        5036
        5054
        5068
        5074
        5077
        5081
        5095
        5120
        5125
        5130
        5135
        5145
        5153
        5156
        5160
        5172
        5173
        5199
        5203
        5209
        5214
        5216
        5221
        5228
        5236
        5238
        5240
        5241
        5262
        5295
        5315
        5322
        5352
        5354
        5363
        5367
        5369
        5380
        5382
        5389
        5402
        5403
        5405
        5411
        5422
        5446
        5452
        5454
        5456
        5477
        5478
        5482
        5487
        5502
        5506
        5514
        5526
        5534
        5539
        5540
        5541
        5545
        5561
        5565
        5579
        5581
        5607
        5613
        5622
        5630
        5648
        5652
        5663
        5679
        5684
        5691
        5700
        5704
        5719
        5742
        5747
        5757
        5788
        5793
        5801
        5804
        5805
        5811
        5819
        5825
        5826
        5862
        5864
        5869
        5871
        5872
        5875
        5887
        5891
        5893
        5902
        5918
        5927
        5934
        5936
        5940
        5945
        5953
        5968
        5969
        5970
        5972
        5982
        5995
        6000
        6016
        6040
        6061
        6062
        6064
        6075
        6082
        6088
        6096
        6101
        6110
        6113
        6122
        6132
        6150
        6162
        6167
        6172
        6174
        6179
        6192
        6204
        6209
        6221
        6225
        6230
        6237
        6240
        6252
        6255
        6263
        6273
        6293
        6302
        6315
        6334
        6376
        6402
        6417
        6420
        6428
        6437
        6444
        6445
        6453
        6456
        6478
        6490
        6495
        6501
        6505
        6517
        6532
        6534
        6537
        6538
        6545
        6565
        6576
        6592
        6595
        6599
        6608
        6615
        6622
        6624
        6627
        6629
        6631
        6639
        6640
        6643
        6685
        6692
        6694
        6701
        6712
        6721
        6722
        6728
        6741
        6748
        6758
        6768
        6785
        6793
        6796
        6821
        6843
        6844
        6875
        6881
        6889
        6891
        6927
        6931
        6933
        6942
        6961
        6983
        6990
        6998
        6999
        7007
        7020
        7024
        7044
        7046
        7062
        7067
        7073
        7077
        7079
        7083
        7090
        7110
        7111
        7131
        7134
        7141
        7146
        7149
        7151
        7168
        7175
        7180
        7187
        7210
        7239
        7251
        7256
        7272
        7275
        7281
        7284
        7294
        7307
        7310
        7315
        7316
        7327
        7332
        7337
        7342
        7344
        7391
        7392
        7396
        7409
        7412
        7427
        7441
        7454
        7463
        7469
        7495
        7502
        7512
        7521
        7531
        7546
        7551
        7553
        7570
        7576
        7585
        7587
        7596
        7602
        7610
        7615
        7616
        7622
        7625
        7629
        7635
        7637
        7641
        7655
        7657
        7673
        7709
        7711
        7745
        7751
        7754
        7764
        7781
        7790
        7796
        7801
        7809
        7825
        7835
        7841
        7846
        7851
        7852
        7866
        7877
        7884
        7894
        7905
        7922
        7924
        7938
        7939
        7954
        7979
        7992
        8033
        8040
        8050
        8054
        8057
        8059
        8090
        8099
        8131
        8140
        8156
        8157
        8181
        8194
        8201
        8213
        8215
        8255
        8258
        8279
        8310
        8333
        8362
        8365
        8375
        8389
        8390
        8399
        8404
        8411
        8429
        8487
        8494
        8499
        8501
        8510
        8511
        8540
        8555
        8575
        8601
        8606
        8611
        8620
        8622
        8632
        8637
        8638
        8640
        8656
        8657
        8669
        8685
        8692
        8701
        8702
        8733
        8772
        8777
        8807
        8823
        8829
        8833
        8860
        8885
        8888
        8895
        8921
        8973
        8975
        8979
        8983
        8986
        8998
